100
500 -99999000
7801076 -99719064
15062951 -98902362
21815852 -97583354
28086544 -95796244
33899082 -93574872
39275055 -90952606
44233808 -87962262
48792661 -84636018
52967113 -81005344
56771037 -77100944
60216858 -72952703
63315733 -68589636
66077706 -64039860
68511864 -59330556
70626478 -54487946
72429138 -49537279
73926873 -44502813
75126270 -39407812
76033576 -34274540
76654799 -29124264
76995794 -23977261
77062348 -18852824
76860252 -13769277
76395369 -8743988
75673689 -3793390
74701388 1067003
73484867 5822576
72030799 10459581
70346155 14965123
68438236 19327127
66314693 23534317
63983545 27576187
61453191 31442975
58732414 35125637
55830385 38615817
52756661 41905829
49521181 44988623
46134251 47857766
42606536 50507418
38949038 52932308
35173083 55127714
31290292 57089445
27312563 58813821
23252036 60297661
19121073 61538262
14932219 62533394
10698176 63281282
6431768 63780606
2145904 64030487
-2146449 64030487
-6432313 63780608
-10698724 63281285
-14932770 62533398
-19121629 61538269
-23252599 60297670
-27313132 58813833
-31290870 57089458
-35173670 55127731
-38949635 52932329
-42607144 50507443
-46134872 47857796
-49521814 44988659
-52757308 41905870
-55831046 38615865
-58733090 35125692
-61453883 31443038
-63984252 27576258
-66315416 23534397
-68438975 19327216
-70346910 14965222
-72031569 10459690
-73485653 5822695
-74702187 1067133
-75674503 -3793250
-76396195 -8743837
-76861090 -13769115
-77063196 -18852652
-76996650 -23977079
-76655661 -29124073
-76034443 -34274340
-75127138 -39407604
-73927740 -44502598
-72429999 -49537058
-70627331 -54487721
-68512704 -59330328
-66078529 -64039632
-63316535 -68589408
-60217633 -72952478
-56771779 -77100725
-52967817 -81005132
-48793319 -84635817
-44234414 -87962075
-39275601 -90952435
-33899561 -93574720
-28086946 -95796116
-21816169 -97583252
-15063173 -98902290
-7801192 -99719026
-500 -99999000
