1000
500000 -99999000
1294003 -99996205
2082456 -99987833
2865393 -99973917
3642846 -99954491
4414847 -99929589
5181429 -99899244
5942623 -99863490
6698460 -99822360
7448972 -99775889
8194189 -99724109
8934142 -99667056
9668861 -99604761
10398375 -99537259
11122715 -99464584
11841910 -99386768
12555988 -99303846
13264978 -99215851
13968909 -99122817
14667808 -99024777
15361704 -98921765
16050623 -98813813
16734593 -98700956
17413641 -98583227
18087793 -98460660
18757077 -98333287
19421517 -98201142
20081139 -98064258
20735970 -97922668
21386034 -97776407
22031357 -97625506
22671963 -97470000
23307876 -97309921
23939122 -97145302
24565723 -96976177
25187703 -96802578
25805087 -96624538
26417896 -96442091
27026155 -96255269
27629885 -96064105
28229110 -95868632
28823851 -95668882
29414131 -95464889
29999970 -95256685
30581392 -95044303
31158416 -94827775
31731065 -94607134
32299358 -94382412
32863317 -94153641
33422962 -93920855
33978313 -93684086
34529389 -93443365
35076212 -93198725
35618799 -92950198
36157172 -92697816
36691347 -92441611
37221345 -92181616
37747185 -91917862
38268884 -91650382
38786460 -91379206
39299933 -91104366
39809320 -90825896
40314638 -90543825
40815905 -90258186
41313138 -89969010
41806355 -89676329
42295572 -89380174
42780806 -89080576
43262074 -88777567
43739391 -88471177
44212775 -88161439
44682241 -87848383
45147804 -87532039
45609482 -87212440
46067288 -86889615
46521239 -86563596
46971349 -86234414
47417634 -85902098
47860108 -85566680
48298786 -85228190
48733683 -84886658
49164813 -84542115
49592189 -84194592
50015826 -83844118
50435739 -83490723
50851939 -83134438
51264442 -82775292
51673261 -82413316
52078408 -82048539
52479897 -81680991
52877741 -81310702
53271953 -80937701
53662545 -80562018
54049530 -80183682
54432920 -79802723
54812729 -79419170
55188967 -79033051
55561647 -78644397
55930780 -78253237
56296379 -77859598
56658455 -77463511
57017020 -77065003
57372085 -76664104
57723661 -76260843
58071760 -75855247
58416392 -75447345
58757568 -75037166
59095300 -74624737
59429597 -74210088
59760471 -73793246
60087932 -73374239
60411990 -72953095
60732655 -72529843
61049938 -72104508
61363848 -71677121
61674396 -71247707
61981592 -70816295
62285444 -70382912
62585963 -69947585
62883159 -69510342
63177040 -69071209
63467616 -68630214
63754896 -68187384
64038890 -67742745
64319606 -67296325
64597053 -66848149
64871241 -66398245
65142178 -65946640
65409872 -65493359
65674333 -65038429
65935569 -64581876
66193588 -64123726
66448399 -63664006
66700011 -63202741
66948430 -62739957
67193666 -62275680
67435727 -61809936
67674620 -61342750
67910354 -60874147
68142936 -60404154
68372374 -59932796
68598676 -59460097
68821850 -58986083
69041903 -58510778
69258842 -58034209
69472676 -57556399
69683411 -57077373
69891055 -56597156
70095616 -56115773
70297099 -55633248
70495514 -55149605
70690866 -54664869
70883162 -54179064
71072411 -53692214
71258618 -53204342
71441790 -52715474
71621936 -52225631
71799060 -51734840
71973170 -51243122
72144273 -50750501
72312376 -50257001
72477484 -49762645
72639605 -49267457
72798745 -48771459
72954911 -48274674
73108108 -47777126
73258344 -47278837
73405625 -46779831
73549957 -46280128
73691346 -45779753
73829799 -45278727
73965322 -44777074
74097921 -44274814
74227602 -43771971
74354371 -43268567
74478235 -42764622
74599199 -42260160
74717270 -41755202
74832454 -41249770
74944756 -40743885
75054182 -40237569
75160739 -39730843
75264432 -39223728
75365268 -38716246
75463251 -38208418
75558388 -37700265
75650685 -37191807
75740148 -36683065
75826782 -36174061
75910593 -35664815
75991587 -35155347
76069769 -34645678
76145145 -34135827
76217722 -33625817
76287504 -33115665
76354497 -32605393
76418708 -32095021
76480140 -31584568
76538802 -31074054
76594697 -30563498
76647831 -30052921
76698211 -29542342
76745841 -29031780
76790727 -28521254
76832876 -28010784
76872292 -27500389
76908981 -26990087
76942948 -26479898
76974200 -25969840
77002741 -25459933
77028578 -24950194
77051716 -24440643
77072160 -23931297
77089916 -23422175
77104990 -22913296
77117386 -22404677
77127112 -21896336
77134172 -21388293
77138572 -20880563
77140317 -20373166
77139413 -19866118
77135866 -19359438
77129681 -18853143
77120864 -18347250
77109420 -17841776
77095355 -17336740
77078675 -16832158
77059386 -16328046
77037492 -15824423
77013000 -15321305
76985915 -14818708
76956243 -14316650
76923990 -13815146
76889161 -13314214
76851763 -12813869
76811800 -12314129
76769278 -11815009
76724204 -11316526
76676583 -10818695
76626421 -10321533
76573724 -9825055
76518497 -9329277
76460746 -8834215
76400478 -8339884
76337697 -7846300
76272411 -7353479
76204624 -6861435
76134343 -6370185
76061574 -5879742
75986322 -5390122
75908595 -4901341
75828397 -4413413
75745734 -3926352
75660614 -3440175
75573041 -2954894
75483022 -2470525
75390564 -1987083
75295671 -1504581
75198351 -1023034
75098609 -542456
74996453 -62861
74891887 415735
74784919 893322
74675554 1369883
74563799 1845405
74449661 2319874
74333145 2793278
74214258 3265601
74093006 3736832
73969397 4206956
73843436 4675960
73715130 5143831
73584485 5610556
73451508 6076121
73316206 6540515
73178586 7003723
73038653 7465734
72896415 7926534
72751878 8386111
72605049 8844452
72455935 9301545
72304542 9757378
72150879 10211938
71994950 10665212
71836764 11117190
71676327 11567858
71513646 12017205
71348728 12465218
71181581 12911887
71012211 13357198
70840625 13801142
70666831 14243705
70490836 14684876
70312646 15124645
70132270 15562999
69949714 15999927
69764986 16435419
69578092 16869462
69389042 17302047
69197841 17733161
69004497 18162794
68809018 18590936
68611411 19017575
68411685 19442700
68209845 19866302
68005901 20288369
67799859 20708892
67591728 21127859
67381515 21545260
67169228 21961086
66954874 22375326
66738462 22787969
66519999 23199007
66299494 23608428
66076954 24016224
65852387 24422384
65625802 24826898
65397205 25229757
65166606 25630951
64934013 26030471
64699434 26428308
64462876 26824451
64224349 27218892
63983860 27611621
63741418 28002629
63497031 28391908
63250707 28779447
63002455 29165239
62752284 29549273
62500202 29931542
62246218 30312037
61990339 30690748
61732575 31067668
61472934 31442787
61211426 31816098
60948058 32187591
60682840 32557259
60415780 32925093
60146888 33291084
59876171 33655226
59603639 34017509
59329302 34377925
59053167 34736468
58775245 35093128
58495543 35447897
58214072 35800769
57930840 36151736
57645856 36500789
57359130 36847921
57070671 37193125
56780489 37536393
56488592 37877718
56194990 38217093
55899692 38554509
55602709 38889961
55304048 39223440
55003721 39554941
54701735 39884454
54398102 40211975
54092831 40537496
53785930 40861009
53477411 41182509
53167282 41501989
52855554 41819441
52542236 42134860
52227338 42448238
51910870 42759569
51592842 43068848
51273264 43376067
50952145 43681220
50629497 43984301
50305329 44285303
49979650 44584222
49652472 44881049
49323804 45175781
48993656 45468409
48662039 45758930
48328964 46047336
47994439 46333622
47658476 46617783
47321085 46899812
46982277 47179704
46642061 47457453
46300449 47733055
45957450 48006503
45613076 48277792
45267337 48546916
44920243 48813871
44571805 49078651
44222034 49341252
43870940 49601667
43518535 49859891
43164829 50115921
42809832 50369750
42453556 50621375
42096012 50870789
41737209 51117989
41377160 51362969
41015876 51605725
40653366 51846252
40289642 52084545
39924716 52320600
39558598 52554413
39191299 52785979
38822831 53015294
38453204 53242353
38082431 53467152
37710521 53689687
37337486 53909953
36963338 54127947
36588088 54343664
36211747 54557101
35834327 54768253
35455838 54977116
35076293 55183687
34695702 55387962
34314078 55589936
33931431 55789607
33547774 55986970
33163117 56182022
32777472 56374760
32390851 56565179
32003266 56753276
31614728 56939048
31225248 57122491
30834839 57303603
30443512 57482379
30051279 57658816
29658151 57832912
29264141 58004663
28869260 58174066
28473521 58341117
28076934 58505815
27679511 58668156
27281266 58828136
26882209 58985754
26482352 59141006
26081708 59293889
25680288 59444401
25278104 59592540
24875169 59738301
24471495 59881684
24067092 60022685
23661975 60161301
23256154 60297531
22849641 60431371
22442450 60562821
22034591 60691876
21626078 60818535
21216922 60942796
20807135 61064656
20396731 61184113
19985720 61301166
19574115 61415812
19161929 61528049
18749174 61637875
18335861 61745288
17922004 61850286
17507615 61952868
17092705 62053032
16677288 62150776
16261376 62246097
15844980 62338996
15428114 62429469
15010790 62517516
14593020 62603134
14174817 62686323
13756193 62767080
13337161 62845406
12917732 62921297
12497920 62994753
12077737 63065773
11657195 63134354
11236307 63200497
10815086 63264200
10393543 63325462
9971692 63384282
9549545 63440658
9127115 63494591
8704413 63546078
8281454 63595119
7858248 63641713
7434809 63685860
7011150 63727558
6587282 63766807
6163219 63803606
5738973 63837955
5314556 63869853
4889982 63899299
4465263 63926293
4040411 63950834
3615439 63972923
3190360 63992558
2765186 64009740
2339931 64024467
1914605 64036740
1489223 64046559
1063797 64053923
638339 64058833
212863 64061287
-212620 64061287
-638096 64058832
-1063554 64053922
-1488981 64046557
-1914363 64036738
-2339688 64024464
-2764944 64009736
-3190118 63992554
-3615197 63972918
-4040169 63950829
-4465021 63926287
-4889740 63899292
-5314314 63869845
-5738731 63837947
-6162977 63803598
-6587040 63766798
-7010908 63727548
-7434568 63685849
-7858007 63641702
-8281213 63595107
-8704173 63546066
-9126875 63494578
-9549306 63440645
-9971453 63384268
-10393304 63325448
-10814847 63264186
-11236069 63200482
-11656957 63134339
-12077499 63065756
-12497682 62994736
-12917495 62921279
-13336924 62845388
-13755957 62767062
-14174581 62686304
-14592785 62603114
-15010555 62517495
-15427880 62429448
-15844746 62338974
-16261142 62246076
-16677055 62150753
-17092473 62053009
-17507382 61952845
-17921772 61850263
-18335630 61745264
-18748943 61637850
-19161699 61528024
-19573886 61415786
-19985491 61301140
-20396502 61184087
-20806908 61064629
-21216695 60942768
-21625851 60818507
-22034365 60691848
-22442224 60562792
-22849417 60431342
-23255930 60297501
-23661751 60161271
-24066870 60022654
-24471273 59881653
-24874948 59738270
-25277884 59592508
-25680068 59444370
-26081489 59293857
-26482134 59140973
-26881991 58985721
-27281049 58828103
-27679296 58668122
-28076719 58505781
-28473306 58341083
-28869047 58174031
-29263929 58004628
-29657940 57832877
-30051068 57658781
-30443302 57482343
-30834630 57303567
-31225040 57122455
-31614520 56939011
-32003060 56753239
-32390646 56565142
-32777268 56374722
-33162913 56181985
-33547571 55986933
-33931230 55789569
-34313877 55589898
-34695503 55387924
-35076094 55183649
-35455641 54977078
-35834130 54768214
-36211552 54557062
-36587894 54343626
-36963145 54127908
-37337294 53909914
-37710330 53689648
-38082241 53467113
-38453015 53242314
-38822643 53015255
-39191112 52785940
-39558412 52554374
-39924531 52320561
-40289459 52084505
-40653184 51846212
-41015694 51605685
-41376980 51362929
-41737031 51117949
-42095834 50870750
-42453380 50621335
-42809657 50369711
-43164655 50115882
-43518362 49859852
-43870769 49601627
-44221864 49341212
-44571636 49078612
-44920075 48813832
-45267170 48546877
-45612911 48277753
-45957286 48006464
-46300286 47733017
-46641900 47457415
-46982117 47179666
-47320927 46899774
-47658319 46617745
-47994283 46333585
-48328809 46047299
-48661886 45758893
-48993504 45468373
-49323653 45175745
-49652323 44881014
-49979502 44584186
-50305182 44285268
-50629352 43984266
-50952002 43681185
-51273122 43376033
-51592701 43068814
-51910731 42759536
-52227200 42448205
-52542099 42134827
-52855419 41819409
-53167148 41501957
-53477279 41182478
-53785800 40860979
-54092701 40537466
-54397975 40211946
-54701609 39884426
-55003596 39554912
-55303925 39223413
-55602587 38889934
-55899572 38554483
-56194871 38217067
-56488475 37877693
-56780373 37536369
-57070558 37193101
-57359018 36847898
-57645745 36500766
-57930730 36151714
-58213964 35800748
-58495437 35447877
-58775140 35093108
-59053064 34736449
-59329200 34377907
-59603540 34017491
-59876073 33655209
-60146791 33291068
-60415685 32925078
-60682747 32557245
-60947966 32187578
-61211336 31816085
-61472846 31442776
-61732488 31067657
-61990254 30690739
-62246134 30312028
-62500120 29931535
-62752204 29549267
-63002377 29165233
-63250630 28779442
-63496955 28391904
-63741344 28002627
-63983788 27611619
-64224278 27218891
-64462807 26824452
-64699367 26428309
-64933948 26030474
-65166543 25630955
-65397143 25229762
-65625741 24826904
-65852328 24422391
-66076897 24016233
-66299439 23608438
-66519946 23199018
-66738410 22787982
-66954824 22375340
-67169179 21961101
-67381468 21545277
-67591683 21127876
-67799816 20708911
-68005859 20288390
-68209805 19866324
-68411646 19442723
-68611375 19017599
-68808983 18590962
-69004464 18162822
-69197809 17733190
-69389012 17302077
-69578064 16869494
-69764959 16435452
-69949689 15999962
-70132247 15563035
-70312625 15124683
-70490816 14684916
-70666814 14243746
-70840610 13801184
-71012197 13357242
-71181569 12911932
-71348718 12465265
-71513637 12017254
-71676320 11567908
-71836758 11117242
-71994946 10665266
-72150877 10211993
-72304542 9757436
-72455936 9301605
-72605052 8844513
-72751882 8386174
-72896421 7926599
-73038661 7465800
-73178596 7003791
-73316218 6540585
-73451522 6076193
-73584500 5610629
-73715147 5143906
-73843454 4676037
-73969417 4207035
-74093028 3736913
-74214282 3265685
-74333170 2793363
-74449688 2319962
-74563828 1845494
-74675584 1369974
-74784951 893415
-74891921 415831
-74996488 -62764
-75098647 -542356
-75198390 -1022932
-75295712 -1504477
-75390606 -1986977
-75483066 -2470417
-75573086 -2954784
-75660661 -3440063
-75745783 -3926238
-75828447 -4413297
-75908647 -4901223
-75986376 -5390002
-76061629 -5879619
-76134400 -6370059
-76204682 -6861308
-76272471 -7353349
-76337759 -7846169
-76400541 -8339750
-76460811 -8834078
-76518563 -9329138
-76573792 -9824914
-76626491 -10321390
-76676655 -10818550
-76724277 -11316378
-76769353 -11814859
-76811876 -12313977
-76851840 -12813715
-76889240 -13314057
-76924071 -13814986
-76956325 -14316488
-76985999 -14818544
-77013085 -15321138
-77037579 -15824254
-77059474 -16327875
-77078765 -16831984
-77095446 -17336564
-77109513 -17841598
-77120958 -18347068
-77129776 -18852959
-77135963 -19359252
-77139511 -19865929
-77140417 -20372974
-77138673 -20880369
-77134275 -21388096
-77127216 -21896138
-77117492 -22404476
-77105097 -22913092
-77090025 -23421969
-77072270 -23931088
-77051827 -24440431
-77028691 -24949980
-77002855 -25459716
-76974315 -25969621
-76943065 -26479676
-76909099 -26989863
-76872411 -27500162
-76832997 -28010555
-76790849 -28521022
-76745964 -29031545
-76698335 -29542105
-76647957 -30052682
-76594824 -30563256
-76538930 -31073809
-76480270 -31584320
-76418838 -32094771
-76354629 -32605141
-76287637 -33115410
-76217856 -33625559
-76145281 -34135567
-76069906 -34645415
-75991724 -35155081
-75910732 -35664547
-75826922 -36173791
-75740289 -36682792
-75650828 -37191531
-75558532 -37699986
-75463396 -38208137
-75365413 -38715963
-75264579 -39223442
-75160887 -39730554
-75054331 -40237278
-74944905 -40743591
-74832604 -41249474
-74717422 -41754903
-74599352 -42259859
-74478389 -42764318
-74354526 -43268260
-74227757 -43771662
-74098077 -44274503
-73965479 -44776760
-73829957 -45278411
-73691505 -45779434
-73550117 -46279807
-73405786 -46779507
-73258506 -47278511
-73108271 -47776798
-72955074 -48274343
-72798909 -48771125
-72639770 -49267121
-72477650 -49762307
-72312542 -50256660
-72144441 -50750158
-71973338 -51242776
-71799229 -51734492
-71622105 -52225281
-71441960 -52715121
-71258788 -53203988
-71072582 -53691857
-70883334 -54178705
-70691038 -54664508
-70495687 -55149242
-70297273 -55632882
-70095790 -56115405
-69891230 -56596786
-69683587 -57077001
-69472852 -57556024
-69259019 -58033832
-69042080 -58510400
-68822027 -58985702
-68598854 -59459714
-68372552 -59932411
-68143114 -60403768
-67910533 -60873759
-67674799 -61342359
-67435906 -61809543
-67193846 -62275286
-66948610 -62739561
-66700191 -63202343
-66448580 -63663606
-66193769 -64123324
-65935750 -64581472
-65674514 -65038024
-65410053 -65492952
-65142359 -65946232
-64871422 -66397836
-64597235 -66847738
-64319787 -67295912
-64039072 -67742331
-63755078 -68186968
-63467798 -68629797
-63177222 -69070791
-62883341 -69509922
-62586145 -69947164
-62285626 -70382490
-61981774 -70815872
-61674578 -71247283
-61364030 -71676695
-61050119 -72104082
-60732836 -72529415
-60412171 -72952667
-60088113 -73373810
-59760652 -73792816
-59429778 -74209657
-59095480 -74624305
-58757748 -75036733
-58416572 -75446911
-58071939 -75854813
-57723840 -76260408
-57372264 -76663669
-57017199 -77064568
-56658633 -77463075
-56296557 -77859162
-55930957 -78252800
-55561823 -78643960
-55189143 -79032614
-54812904 -79418732
-54433095 -79802285
-54049704 -80183244
-53662719 -80561580
-53272126 -80937263
-52877913 -81310265
-52480069 -81680554
-52078579 -82048102
-51673431 -82412880
-51264612 -82774856
-50852108 -83134002
-50435907 -83490288
-50015993 -83843684
-49592355 -84194159
-49164978 -84541683
-48733848 -84886227
-48298950 -85227759
-47860271 -85566250
-47417796 -85901669
-46971510 -86233986
-46521399 -86563170
-46067447 -86889191
-45609639 -87212017
-45147961 -87531618
-44682396 -87847963
-44212929 -88161021
-43739544 -88470761
-43262225 -88777152
-42780957 -89080163
-42295721 -89379763
-41806503 -89675920
-41313285 -89968604
-40816050 -90257782
-40314782 -90543424
-39809462 -90825497
-39300074 -91103970
-38786600 -91378812
-38269022 -91649991
-37747321 -91917475
-37221480 -92181232
-36691481 -92441230
-36157303 -92697438
-35618930 -92949823
-35076340 -93198353
-34529516 -93442997
-33978438 -93683721
-33423085 -93920495
-32863439 -94153285
-32299478 -94382059
-31731183 -94606785
-31158532 -94827431
-30581506 -95043963
-30000083 -95256350
-29414241 -95464559
-28823959 -95668557
-28229216 -95868311
-27629990 -96063789
-27026257 -96254958
-26417996 -96441786
-25805185 -96624238
-25187799 -96802284
-24565816 -96975888
-23939213 -97145020
-23307966 -97309644
-22672050 -97469730
-22031442 -97625242
-21386117 -97776149
-20736050 -97922417
-20081217 -98064013
-19421592 -98200904
-18757149 -98333056
-18087863 -98460436
-17413709 -98583011
-16734658 -98700748
-16050685 -98813612
-15361763 -98921572
-14667865 -99024592
-13968963 -99122640
-13265030 -99215683
-12556037 -99303686
-11841956 -99386617
-11122759 -99464441
-10398416 -99537125
-9668898 -99604636
-8934176 -99666941
-8194220 -99724004
-7449000 -99775793
-6698485 -99822274
-5942645 -99863414
-5181448 -99899178
-4414864 -99929534
-3642859 -99954447
-2865403 -99973884
-2082463 -99987810
-1294006 -99996194
-500000 -99999000
