96
100000000 0
97225285 5178434
94329531 10268889
91312738 15271364
88174905 20185859
84916034 25012374
81536122 29750909
78035172 34401465
74413182 38964041
70670153 43438637
66806085 47825253
62820977 52123889
58714830 56334546
54487644 60457223
50139418 64491920
45670153 68438637
41079849 72297374
36368505 76068132
31536122 79750909
26582700 83345707
21508239 86852525
16312738 90271364
10996198 93602222
5558618 96845101
0 100000000
-4778489 96816966
-9503776 93548399
-14175861 90194299
-18794745 86754665
-23360426 83229498
-27872905 79618798
-32332183 75922565
-36738258 72140798
-41091132 68273498
-45390803 64320664
-49637273 60282298
-53830541 56158398
-57970606 51948964
-62057470 47653998
-66091132 43273498
-70071592 38807464
-73998849 34255898
-77872905 29618798
-81693759 24896165
-85461411 20087998
-89175861 15194299
-92837109 10215066
-96445155 5150299
-100000000 0
-98954054 -6365894
-97636742 -12540551
-96048062 -18523970
-94188016 -24316153
-92056602 -29917099
-89653821 -35326807
-86979673 -40545278
-84034159 -45572512
-80817277 -50408509
-77329028 -55053268
-73569412 -59506791
-69538429 -63769076
-65236078 -67840124
-60662361 -71719935
-55817277 -75408509
-50700825 -78905845
-45313007 -82211945
-39653821 -85326807
-33723269 -88250432
-27521349 -90982820
-21048062 -93523970
-14303408 -95873884
-7287387 -98032560
0 -100000000
6519931 -97542854
12835231 -94937055
18945899 -92182602
24851936 -89279495
30553340 -86227733
36050113 -83027318
41342254 -79678249
46429764 -76180525
51312642 -72534148
55990888 -68739116
60464502 -64795431
64733485 -60703091
68797835 -56462097
72657554 -52072450
76312642 -47534148
79763097 -42847192
83008921 -38011582
86050113 -33027318
88886674 -27894400
91518602 -22612828
93945899 -17182602
96168564 -11603722
98186598 -5876188
