96
100000000 0
98860787 6163945
97458317 12154213
95792591 17970806
93863608 23613722
91671367 29082961
89215870 34378525
86497116 39500411
83515106 44448622
80269838 49223156
76761314 53824013
72989532 58251195
68954494 62504700
64656199 66584528
60094647 70490680
55269838 74223156
50181772 77781955
44830450 81167078
39215870 84378525
33338034 87416295
27196941 90280388
20792591 92970806
14124984 95487547
7194120 97830611
0 100000000
-5405477 97057560
-10703233 94008666
-15893265 90853317
-20975575 87591514
-25950162 84223256
-30817027 80748544
-35576168 77167377
-40227587 73479756
-44771283 69685680
-49207257 65785150
-53535507 61778165
-57756036 57664726
-61868841 53444832
-65873923 49118483
-69771283 44685680
-73560920 40146423
-77242835 35500711
-80817027 30748544
-84283495 25889923
-87642242 20924847
-90893265 15853317
-94036566 10675332
-97072144 5390893
-100000000 0
-98656328 -8120746
-97067178 -15897659
-95232550 -23330739
-93152445 -30419987
-90826862 -37165401
-88255801 -43566982
-85439262 -49624730
-82377246 -55338646
-79069751 -60708728
-75516779 -65734977
-71718329 -70417393
-67674402 -74755977
-63384996 -78750727
-58850113 -82401644
-54069751 -85708728
-49043912 -88671979
-43772596 -91291397
-38255801 -93566982
-32493529 -95498734
-26485778 -97086653
-20232550 -98330739
-13733845 -99230992
-6989661 -99787412
0 -100000000
4725719 -96285724
9402826 -92532110
14031319 -88739157
18611199 -84906867
23142466 -81035238
27625119 -77124270
32059159 -73173964
36444586 -69184320
40781399 -65155338
45069599 -61087017
49309186 -56979358
53500159 -52832361
57642519 -48646025
61736266 -44420350
65781399 -40155338
69777919 -35850987
73725826 -31507298
77625119 -27124270
81475799 -22701904
85277866 -18240200
89031319 -13739157
92736159 -9198776
96392386 -4619057
