96
100000000 0
99258223 6047894
98218629 11932203
96881219 17652927
95245993 23210066
93312950 28603620
91082090 33833589
88553414 38899973
85726922 43802772
82602613 48541986
79180487 53117615
75460545 57529659
71442787 61778119
67127212 65862993
62513821 69784282
57602613 73541986
52393588 77136105
46886748 80566640
41082090 83833589
34979616 86936953
28579326 89876732
21881219 92652927
14885296 95265536
7591556 97714560
0 100000000
-7343874 98255264
-14411469 96299926
-21202786 94133985
-27717823 91757441
-33956582 89170294
-39919062 86372545
-45605263 83364194
-51015184 80145239
-56148827 76715682
-61006191 73075522
-65587276 69224759
-69892083 65163394
-73920610 60891426
-77672858 56408855
-81148827 51715682
-84348518 46811906
-87271929 41697527
-89919062 36372545
-92289915 30836961
-94384490 25090774
-96202786 19133985
-97744803 12966592
-99010541 6588597
-100000000 0
-97665919 -5668996
-95172484 -11207356
-92519693 -16615078
-89707547 -21892163
-86736046 -27038610
-83605189 -32054420
-80314977 -36939592
-76865409 -41694127
-73256486 -46318025
-69488208 -50811285
-65560574 -55173908
-61473586 -59405893
-57227241 -63507241
-52821541 -67477952
-48256486 -71318025
-43532076 -75027460
-38648310 -78606259
-33605189 -82054420
-28402712 -85371943
-23040881 -88558829
-17519693 -91615078
-11839151 -94540689
-5999253 -97335663
0 -100000000
4743607 -97249705
9437045 -94376247
14080315 -91379627
18673416 -88259844
23216348 -85016898
27709112 -81650790
32151706 -78161519
36544132 -74549084
40886390 -70813487
45178478 -66954728
49420398 -62972805
53612149 -58867720
57753731 -54639472
61845145 -50288061
65886390 -45813487
69877466 -41215751
73818373 -36494852
77709112 -31650790
81549681 -26683565
85340083 -21593178
89080315 -16379627
92770379 -11042914
96410273 -5583038
