96
100000000 0
99826383 8159707
99305544 15972194
98437484 23437460
97222202 30555505
95659698 37326328
93749973 43749931
91493025 49826313
88888856 55555474
85937466 60937414
82638853 65972133
78993019 70659631
74999964 74999909
70659686 78992965
65972187 82638800
60937466 85937414
55555523 88888808
49826359 91492980
43749973 93749931
37326365 95659662
30555535 97222171
23437484 98437460
15972211 99305527
8159716 99826374
0 100000000
-8159697 99826326
-15972174 99305436
-23437432 98437330
-30555469 97222006
-37326286 95659465
-43749883 93749708
-49826260 91492734
-55555417 88888543
-60937354 85937135
-65972071 82638511
-70659568 78992669
-74999845 74999611
-78992901 70659336
-82638738 65971844
-85937354 60937135
-88888751 55555210
-91492927 49826067
-93749883 43749708
-95659619 37326132
-97222136 30555339
-98437432 23437330
-99305508 15972103
-99826364 8159660
-100000000 0
-99826372 -8159660
-99305524 -15972104
-98437455 -23437332
-97222165 -30555342
-95659654 -37326135
-93749923 -43749712
-91492970 -49826071
-88888797 -55555214
-85937403 -60937140
-82638789 -65971848
-78992953 -70659340
-74999897 -74999616
-70659620 -78992674
-65972122 -82638515
-60937403 -85937140
-55555464 -88888547
-49826304 -91492738
-43749923 -93749712
-37326321 -95659468
-30555498 -97222008
-23437455 -98437332
-15972190 -99305438
-8159705 -99826327
0 -100000000
8159657 -99826311
15972098 -99305406
23437323 -98437287
30555331 -97221951
37326122 -95659401
43749697 -93749635
49826055 -91492653
55555196 -88888456
60937121 -85937043
65971829 -82638415
70659321 -78992572
74999596 -74999513
78992654 -70659239
82638496 -65971749
85937121 -60937043
88888529 -55555123
91492721 -49825986
93749697 -43749635
95659455 -37326067
97221997 -30555285
98437323 -23437287
99305432 -15972073
99826324 -8159644
