96
100000000 0
99826381 8159662
99305541 15972107
98437480 23437335
97222197 30555346
95659692 37326140
93749966 43749717
91493018 49826077
88888848 55555220
85937457 60937147
82638845 65971856
78993010 70659348
74999955 74999623
70659677 78992681
65972178 82638522
60937457 85937147
55555515 88888554
49826351 91492744
43749966 93749717
37326359 95659473
30555530 97222013
23437480 98437335
15972208 99305440
8159715 99826328
0 100000000
-8159654 99826315
-15972092 99305416
-23437313 98437300
-30555318 97221968
-37326107 95659421
-43749680 93749657
-49826036 91492678
-55555176 88888483
-60937100 85937072
-65971808 82638445
-70659299 78992602
-74999574 74999543
-78992632 70659268
-82638474 65971778
-85937100 60937072
-88888510 55555149
-91492703 49826011
-93749680 43749657
-95659441 37326087
-97221985 30555301
-98437313 23437300
-99305425 15972082
-99826320 8159649
-100000000 0
-99826372 -8159680
-99305523 -15972141
-98437453 -23437384
-97222163 -30555409
-95659652 -37326215
-93749920 -43749802
-91492968 -49826171
-88888795 -55555321
-85937401 -60937253
-82638786 -65971966
-78992950 -70659461
-74999894 -74999737
-70659617 -78992794
-65972119 -82638633
-60937401 -85937253
-55555461 -88888655
-49826301 -91492838
-43749920 -93749802
-37326319 -95659548
-30555496 -97222076
-23437453 -98437384
-15972189 -99305475
-8159705 -99826346
0 -100000000
8159673 -99826338
15972128 -99305459
23437365 -98437363
30555385 -97222048
37326186 -95659515
43749769 -93749765
49826135 -91492796
55555282 -88888610
60937212 -85937206
65971923 -82638584
70659417 -78992744
74999693 -74999687
78992750 -70659411
82638590 -65971917
85937212 -60937206
88888616 -55555277
91492801 -49826130
93749769 -43749765
95659519 -37326182
97222051 -30555381
98437365 -23437363
99305461 -15972126
99826339 -8159672
