96
100000000 0
99826342 8159670
99305467 15972123
98437373 23437359
97222061 30555376
95659531 37326176
93749782 43749758
91492816 49826123
88888631 55555269
85937228 60937198
82638607 65971909
78992768 70659402
74999710 74999678
70659434 78992736
65971940 82638576
60937228 85937198
55555298 88888603
49826149 91492789
43749782 93749758
37326197 95659510
30555394 97222043
23437373 98437359
15972133 99305457
8159675 99826337
0 100000000
-8159713 99826328
-15972205 99305439
-23437476 98437333
-30555525 97222011
-37326353 95659471
-43749959 93749715
-49826344 91492741
-55555508 88888551
-60937449 85937143
-65972170 82638519
-70659669 78992678
-74999946 74999620
-78993002 70659344
-82638836 65971852
-85937449 60937143
-88888841 55555217
-91493011 49826074
-93749959 43749715
-95659686 37326138
-97222192 30555344
-98437476 23437333
-99305539 15972106
-99826380 8159661
-100000000 0
-99826331 -8159688
-99305446 -15972157
-98437343 -23437407
-97222023 -30555438
-95659485 -37326249
-93749731 -43749841
-91492759 -49826214
-88888570 -55555367
-85937163 -60937301
-82638540 -65972016
-78992699 -70659512
-74999641 -74999788
-70659366 -78992845
-65971873 -82638683
-60937163 -85937301
-55555236 -88888700
-49826092 -91492880
-43749731 -93749841
-37326152 -95659582
-30555356 -97222104
-23437343 -98437407
-15972112 -99305490
-8159664 -99826355
0 -100000000
8159711 -99826329
15972202 -99305441
23437471 -98437336
30555519 -97222015
37326346 -95659476
43749951 -93749720
49826335 -91492747
55555498 -88888557
60937439 -85937150
65972159 -82638526
70659658 -78992685
74999935 -74999627
78992991 -70659351
82638826 -65971859
85937439 -60937150
88888831 -55555224
91493002 -49826080
93749951 -43749720
95659679 -37326142
97222186 -30555348
98437471 -23437336
99305535 -15972108
99826378 -8159662
