996
100000000 0
99728794 779374
99456536 1555702
99183227 2328983
98908866 3099218
98633454 3866406
98356990 4630548
98079475 5391643
97800907 6149692
97521289 6904694
97240618 7656650
96958896 8405559
96676123 9151422
96392297 9894238
96107420 10634008
95821492 11370731
95534512 12104407
95246480 12835037
94957397 13562621
94667262 14287158
94376075 15008649
94083837 15727093
93790547 16442490
93496206 17154841
93200813 17864146
92904368 18570404
92606872 19273615
92308324 19973780
92008724 20670899
91708073 21364971
91406370 22055996
91103616 22743975
90799810 23428907
90494952 24110793
90189043 24789632
89882082 25465425
89574070 26138172
89265006 26807871
88954890 27474525
88643723 28138131
88331504 28798692
88018233 29456205
87703911 30110673
87388537 30762093
87072112 31410467
86754635 32055795
86436106 32698076
86116526 33337311
85795894 33973499
85474211 34606641
85151476 35236736
84827689 35863784
84502850 36487786
84176961 37108742
83850019 37726651
83522026 38341513
83192981 38953329
82862884 39562099
82531736 40167822
82199537 40770498
81866285 41370128
81531983 41966712
81196628 42560249
80860222 43150739
80522764 43738183
80184255 44322580
79844694 44903931
79504081 45482235
79162417 46057493
78819701 46629705
78475934 47198869
78131115 47764988
77785244 48328059
77438322 48888085
77090348 49445063
76741322 49998996
76391245 50549881
76040116 51097720
75687936 51642513
75334704 52184259
74980420 52722959
74625085 53258612
74268698 53791219
73911260 54320779
73552769 54847292
73193228 55370759
72832634 55891180
72470989 56408554
72108293 56922881
71744545 57434162
71379745 57942397
71013893 58447585
70646990 58949726
70279036 59448821
69910029 59944869
69539971 60437871
69168862 60927827
68796701 61414736
68423488 61898598
68049224 62379414
67673908 62857183
67297540 63331906
66920121 63803582
66541650 64272212
66162128 64737795
65781554 65200332
65399928 65659822
65017251 66116266
64633522 66569663
64248741 67020014
63862909 67467318
63476025 67911576
63088090 68352787
62699103 68790951
62309064 69226069
61917974 69658141
61525832 70087166
61132638 70513145
60738393 70936077
60343097 71355962
59946748 71772801
59549348 72186594
59150897 72597340
58751394 73005039
58350839 73409692
57949232 73811298
57546574 74209858
57142865 74605372
56738103 74997839
56332290 75387259
55925426 75773633
55517510 76156960
55108542 76537241
54698523 76914475
54287452 77288663
53875329 77659804
53462155 78027899
53047929 78392947
52632652 78754949
52216323 79113904
51798942 79469813
51380510 79822675
50961026 80172491
50540490 80519260
50118903 80862983
49696264 81203659
49272574 81541288
48847832 81875871
48422038 82207408
47995193 82535898
47567296 82861341
47138348 83183739
46708347 83503089
46277296 83819393
45845192 84132650
45412037 84442861
44977831 84750026
44542573 85054144
44106263 85355215
43668901 85653240
43230488 85948218
42791024 86240150
42350507 86529036
41908940 86814875
41466320 87097667
41022649 87377413
40577926 87654112
40132152 87927765
39685326 88198371
39237448 88465931
38788519 88730444
38338538 88991911
37887506 89250331
37435422 89505705
36982286 89758032
36528099 90007312
36072860 90253546
35616569 90496734
35159227 90736875
34700833 90973970
34241388 91208018
33780891 91439019
33319342 91666974
32856742 91891883
32393090 92113745
31928387 92332560
31462632 92548329
30995825 92761052
30527967 92970728
30059057 93177357
29589095 93380940
29118082 93581477
28646017 93778966
28172901 93973410
27698733 94164807
27223513 94353157
26747242 94538461
26269919 94720718
25791544 94899929
25312118 95076093
24831640 95249211
24350111 95419282
23867530 95586307
23383897 95750285
22899213 95911217
22413477 96069102
21926690 96223941
21438851 96375733
20949960 96524478
20460018 96670178
19969024 96812830
19476978 96952436
18983881 97088996
18489733 97222509
17994532 97352975
17498280 97480395
17000977 97604769
16502621 97726096
16003214 97844376
15502756 97959610
15001246 98071798
14498684 98180939
13995071 98287033
13490406 98390081
12984689 98490082
12477921 98587037
11970101 98680946
11461230 98771808
10951307 98859623
10440332 98944392
9928306 99026114
9415228 99104790
8901099 99180419
8385917 99253002
7869685 99322538
7352400 99389028
6834064 99452471
6314677 99512868
5794238 99570218
5272747 99624521
4750204 99675778
4226610 99723989
3701965 99769153
3176267 99811271
2649518 99850342
2121718 99886366
1592866 99919344
1062962 99949276
532007 99976161
0 100000000
-707689 99847494
-1412910 99692980
-2115662 99536457
-2815946 99377926
-3513761 99217385
-4209109 99054835
-4901987 98890277
-5592398 98723709
-6280340 98555133
-6965813 98384548
-7648818 98211954
-8329355 98037351
-9007423 97860740
-9683023 97682119
-10356155 97501489
-11026818 97318851
-11695012 97134204
-12360739 96947548
-13023997 96758883
-13684786 96568209
-14343107 96375526
-14998960 96180834
-15652344 95984134
-16303260 95785424
-16951707 95584706
-17597686 95381979
-18241197 95177243
-18882239 94970498
-19520812 94761744
-20156918 94550981
-20790555 94338209
-21421723 94123429
-22050423 93906640
-22676655 93687841
-23300418 93467034
-23921713 93244218
-24540540 93019393
-25156898 92792560
-25770787 92563717
-26382209 92332865
-26991162 92100005
-27597646 91865136
-28201662 91628258
-28803210 91389370
-29402289 91148475
-29998900 90905570
-30593042 90660656
-31184716 90413733
-31773921 90164802
-32360659 89913862
-32944927 89660912
-33526728 89405954
-34106060 89148987
-34682923 88890011
-35257318 88629027
-35829245 88366033
-36398703 88101031
-36965693 87834019
-37530214 87564999
-38092268 87293970
-38651852 87020932
-39208968 86745885
-39763616 86468829
-40315796 86189764
-40865507 85908691
-41412749 85625608
-41957523 85340517
-42499829 85053417
-43039667 84764308
-43577035 84473190
-44111936 84180063
-44644368 83884927
-45174332 83587782
-45701827 83288629
-46226854 82987467
-46749413 82684295
-47269503 82379115
-47787124 82071926
-48302278 81762728
-48814962 81451522
-49325179 81138306
-49832927 80823081
-50338207 80505848
-50841018 80186606
-51341361 79865354
-51839235 79542094
-52334641 79216825
-52827579 78889548
-53318048 78560261
-53806049 78228965
-54291581 77895661
-54774645 77560348
-55255240 77223025
-55733367 76883694
-56209026 76542354
-56682217 76199005
-57152938 75853648
-57621192 75506281
-58086977 75156905
-58550294 74805521
-59011142 74452128
-59469522 74096726
-59925433 73739315
-60378876 73379895
-60829851 73018466
-61278357 72655028
-61724395 72289582
-62167964 71922126
-62609065 71552662
-63047698 71181189
-63483862 70807706
-63917558 70432215
-64348785 70054716
-64777544 69675207
-65203834 69293689
-65627657 68910163
-66049010 68524627
-66467896 68137083
-66884312 67747530
-67298261 67355968
-67709741 66962397
-68118753 66566817
-68525296 66169229
-68929371 65769631
-69330977 65368025
-69730115 64964409
-70126785 64558785
-70520986 64151152
-70912719 63741510
-71301983 63329859
-71688779 62916200
-72073107 62500531
-72454966 62082854
-72834357 61663167
-73211279 61241472
-73585733 60817768
-73957718 60392055
-74327235 59964333
-74694284 59534602
-75058864 59102863
-75420976 58669114
-75780620 58233357
-76137795 57795590
-76492501 57355815
-76844740 56914031
-77194509 56470238
-77541811 56024436
-77886644 55576626
-78229008 55126806
-78568905 54674978
-78906332 54221140
-79241292 53765294
-79573783 53307439
-79903805 52847575
-80231359 52385702
-80556445 51921820
-80879063 51455930
-81199211 50988030
-81516892 50518122
-81832104 50046205
-82144848 49572279
-82455123 49096344
-82762930 48618400
-83068268 48138447
-83371138 47656485
-83671540 47172515
-83969473 46686535
-84264938 46198547
-84557934 45708550
-84848462 45216544
-85136522 44722529
-85422113 44226505
-85705236 43728472
-85985890 43228430
-86264076 42726380
-86539794 42222321
-86813043 41716252
-87083824 41208175
-87352136 40698089
-87617980 40185994
-87881355 39671891
-88142262 39155778
-88400701 38637656
-88656671 38117526
-88910173 37595387
-89161207 37071239
-89409772 36545082
-89655868 36016916
-89899496 35486741
-90140656 34954557
-90379348 34420365
-90615571 33884163
-90849325 33345953
-91080611 32805733
-91309429 32263505
-91535778 31719268
-91759659 31173023
-91981072 30624768
-92200016 30074504
-92416492 29522232
-92630499 28967950
-92842038 28411660
-93051108 27853361
-93257710 27293053
-93461844 26730736
-93663509 26166410
-93862706 25600075
-94059435 25031732
-94253695 24461379
-94445486 23889018
-94634809 23314648
-94821664 22738269
-95006051 22159881
-95187969 21579484
-95367418 20997078
-95544399 20412664
-95718912 19826240
-95890956 19237808
-96060532 18647367
-96227640 18054916
-96392279 17460457
-96554450 16863990
-96714152 16265513
-96871386 15665027
-97026151 15062533
-97178448 14458029
-97328277 13851517
-97475637 13242996
-97620529 12632466
-97762952 12019927
-97902907 11405379
-98040394 10788822
-98175412 10170257
-98307962 9549682
-98438043 8927099
-98565656 8302507
-98690801 7675906
-98813477 7047296
-98933685 6416677
-99051424 5784049
-99166695 5149412
-99279497 4512767
-99389832 3874112
-99497697 3233449
-99603095 2590777
-99706023 1946096
-99806484 1299406
-99904476 650707
-100000000 0
-99816735 -738288
-99631709 -1473862
-99444923 -2206720
-99256376 -2936863
-99066068 -3664291
-98873999 -4389004
-98680170 -5111002
-98484580 -5830284
-98287228 -6546851
-98088116 -7260704
-97887244 -7971840
-97684610 -8680262
-97480215 -9385969
-97274060 -10088960
-97066144 -10789236
-96856467 -11486797
-96645029 -12181643
-96431831 -12873774
-96216871 -13563189
-96000151 -14249890
-95781670 -14933875
-95561428 -15615145
-95339426 -16293699
-95115662 -16969539
-94890138 -17642663
-94662853 -18313073
-94433807 -18980767
-94203000 -19645746
-93970432 -20308009
-93736104 -20967558
-93500015 -21624391
-93262164 -22278509
-93022554 -22929912
-92781182 -23578600
-92538049 -24224573
-92293156 -24867830
-92046502 -25508372
-91798087 -26146199
-91547911 -26781311
-91295974 -27413708
-91042277 -28043389
-90786819 -28670356
-90529599 -29294607
-90270620 -29916143
-90009879 -30534964
-89747377 -31151069
-89483115 -31764460
-89217092 -32375135
-88949308 -32983095
-88679763 -33588340
-88408457 -34190870
-88135391 -34790684
-87860563 -35387784
-87583975 -35982168
-87305626 -36573837
-87025516 -37162791
-86743646 -37749029
-86460014 -38332553
-86174622 -38913361
-85887469 -39491454
-85598555 -40066832
-85307881 -40639495
-85015445 -41209443
-84721249 -41776675
-84425292 -42341192
-84127574 -42902994
-83828095 -43462081
-83526855 -44018453
-83223855 -44572109
-82919093 -45123050
-82612571 -45671277
-82304288 -46216788
-81994245 -46759583
-81682440 -47299664
-81368875 -47837029
-81053549 -48371680
-80736462 -48903615
-80417614 -49432834
-80097005 -49959339
-79774636 -50483129
-79450505 -51004203
-79124614 -51522562
-78796962 -52038206
-78467549 -52551135
-78136376 -53061349
-77803441 -53568847
-77468746 -54073630
-77132290 -54575698
-76794073 -55075051
-76454096 -55571689
-76112357 -56065611
-75768858 -56556819
-75423598 -57045311
-75076577 -57531088
-74727795 -58014150
-74377252 -58494496
-74024949 -58972128
-73670885 -59447044
-73315059 -59919245
-72957474 -60388731
-72598127 -60855502
-72237019 -61319558
-71874151 -61780898
-71509522 -62239523
-71143132 -62695433
-70774981 -63148628
-70405069 -63599108
-70033397 -64046872
-69659963 -64491921
-69284769 -64934256
-68907814 -65373874
-68529099 -65810778
-68148622 -66244967
-67766385 -66676440
-67382386 -67105198
-66996627 -67531242
-66609108 -67954569
-66219827 -68375182
-65828785 -68793080
-65435983 -69208262
-65041420 -69620729
-64645096 -70030481
-64247011 -70437518
-63847166 -70841839
-63445559 -71243446
-63042192 -71642337
-62637064 -72038513
-62230175 -72431974
-61821525 -72822720
-61411115 -73210750
-60998943 -73596066
-60585011 -73978666
-60169318 -74358551
-59751864 -74735721
-59332650 -75110175
-58911674 -75481915
-58488938 -75850939
-58064441 -76217248
-57638183 -76580842
-57210164 -76941721
-56780385 -77299884
-56348844 -77655333
-55915543 -78008066
-55480481 -78358084
-55043658 -78705387
-54605075 -79049974
-54164730 -79391847
-53722625 -79731004
-53278759 -80067446
-52833132 -80401173
-52385744 -80732185
-51936595 -81060481
-51485686 -81386063
-51033016 -81708929
-50578585 -82029080
-50122393 -82346516
-49664440 -82661237
-49204727 -82973242
-48743252 -83282532
-48280017 -83589107
-47815021 -83892967
-47348264 -84194112
-46879747 -84492542
-46409468 -84788256
-45937429 -85081255
-45463629 -85371540
-44988068 -85659108
-44510746 -85943962
-44031664 -86226101
-43550820 -86505524
-43068216 -86782232
-42583851 -87056225
-42097725 -87327503
-41609839 -87596065
-41120191 -87861913
-40628783 -88125045
-40135614 -88385462
-39640684 -88643164
-39143993 -88898151
-38645541 -89150422
-38145329 -89399979
-37643356 -89646820
-37139622 -89890946
-36634127 -90132357
-36126871 -90371052
-35617855 -90607033
-35107077 -90840298
-34594539 -91070848
-34080240 -91298683
-33564180 -91523803
-33046360 -91746207
-32526778 -91965897
-32005436 -92182871
-31482333 -92397130
-30957469 -92608674
-30430844 -92817503
-29902459 -93023616
-29372313 -93227014
-28840405 -93427697
-28306737 -93625665
-27771309 -93820918
-27234119 -94013456
-26695168 -94203278
-26154457 -94390385
-25611985 -94574777
-25067752 -94756454
-24521758 -94935416
-23974004 -95111663
-23424488 -95285194
-22873212 -95456010
-22320175 -95624111
-21765377 -95789497
-21208819 -95952167
-20650499 -96112123
-20090419 -96269363
-19528578 -96423888
-18964976 -96575698
-18399613 -96724793
-17832489 -96871172
-17263605 -97014837
-16692960 -97155786
-16120554 -97294020
-15546387 -97429539
-14970459 -97562342
-14392770 -97692431
-13813321 -97819804
-13232111 -97944462
-12649140 -98066405
-12064408 -98185633
-11477916 -98302145
-10889662 -98415943
-10299648 -98527025
-9707873 -98635392
-9114337 -98741044
-8519040 -98843980
-7921982 -98944202
-7323164 -99041708
-6722585 -99136499
-6120245 -99228575
-5516144 -99317936
-4910282 -99404581
-4302660 -99488512
-3693277 -99569727
-3082132 -99648227
-2469228 -99724012
-1854562 -99797082
-1238135 -99867436
-619948 -99935075
0 -100000000
478841 -99920585
957060 -99838572
1434656 -99753961
1911630 -99666752
2387980 -99576944
2863707 -99484538
3338812 -99389533
3813294 -99291931
4287153 -99191730
4760389 -99088930
5233002 -98983533
5704992 -98875536
6176360 -98764942
6647104 -98651749
7117226 -98535958
7586725 -98417569
8055601 -98296582
8523854 -98172996
8991484 -98046811
9458491 -97918029
9924876 -97786648
10390638 -97652669
10855776 -97516091
11320292 -97376915
11784185 -97235141
12247456 -97090768
12710103 -96943798
13172127 -96794228
13633529 -96642061
14094308 -96487295
14554463 -96329931
15013996 -96169968
15472906 -96007408
15931194 -95842249
16388858 -95674491
16845900 -95504135
17302318 -95331181
17758114 -95155629
18213287 -94977478
18667837 -94796729
19121764 -94613382
19575069 -94427436
20027750 -94238892
20479809 -94047750
20931244 -93854009
21382057 -93657670
21832247 -93458733
22281814 -93257197
22730758 -93053063
23179080 -92846331
23626778 -92637000
24073854 -92425071
24520307 -92210544
24966137 -91993419
25411344 -91773695
25855928 -91551373
26299889 -91326452
26743228 -91098933
27185943 -90868816
27628036 -90636101
28069506 -90400787
28510353 -90162875
28950577 -89922364
29390178 -89679255
29829157 -89433548
30267512 -89185243
30705245 -88934339
31142355 -88680837
31578842 -88424737
32014706 -88166038
32449947 -87904741
32884565 -87640846
33318561 -87374352
33751933 -87105260
34184683 -86833570
34616810 -86559281
35048314 -86282394
35479195 -86002909
35909453 -85720825
36339089 -85436143
36768101 -85148863
37196491 -84858984
37624258 -84566508
38051402 -84271432
38477923 -83973759
38903821 -83673487
39329096 -83370617
39753749 -83065148
40177778 -82757081
40601185 -82446416
41023969 -82133153
41446130 -81817291
41867668 -81498831
42288583 -81177772
42708876 -80854116
43128545 -80527861
43547592 -80199007
43966016 -79867555
44383817 -79533505
44800995 -79196857
45217550 -78857610
45633482 -78515765
46048792 -78171322
46463479 -77824280
46877542 -77474640
47290983 -77122402
47703801 -76767565
48115996 -76410130
48527569 -76050097
48938518 -75687466
49348845 -75322236
49758548 -74954407
50167629 -74583981
50576087 -74210956
50983922 -73835333
51391134 -73457111
51797724 -73076291
52203690 -72692873
52609034 -72306857
53013755 -71918242
53417852 -71527029
53821327 -71133217
54224180 -70736808
54626409 -70337799
55028015 -69936193
55428999 -69531988
55829360 -69125185
56229097 -68715784
56628212 -68303784
57026704 -67889186
57424574 -67471990
57821820 -67052195
58218444 -66629802
58614444 -66204811
59009822 -65777221
59404577 -65347033
59798709 -64914247
60192218 -64478862
60585104 -64040879
60977368 -63600298
61369008 -63157118
61760026 -62711340
62150421 -62262964
62540193 -61811990
62929342 -61358417
63317868 -60902246
63705772 -60443476
64093052 -59982108
64479710 -59518142
64865744 -59051578
65251156 -58582415
65635945 -58110654
66020112 -57636294
66403655 -57159337
66786575 -56679780
67168873 -56197626
67550548 -55712873
67931599 -55225522
68312028 -54735573
68691835 -54243025
69071018 -53747879
69449578 -53250135
69827516 -52749792
70204830 -52246851
70581522 -51741312
70957591 -51233174
71333037 -50722438
71707860 -50209104
72082061 -49693171
72455638 -49174640
72828593 -48653511
73200924 -48129784
73572633 -47603458
73943719 -47074533
74314182 -46543011
74684023 -46008890
75053240 -45472171
75421834 -44932853
75789806 -44390938
76157155 -43846423
76523881 -43299311
76889984 -42749600
77255464 -42197291
77620321 -41642384
77984556 -41084878
78348167 -40524774
78711156 -39962071
79073522 -39396771
79435265 -38828872
79796385 -38258374
80156882 -37685279
80516757 -37109585
80876008 -36531292
81234637 -35950402
81592643 -35366913
81950026 -34780825
82306786 -34192140
82662923 -33600856
83018437 -33006974
83373329 -32410493
83727597 -31811414
84081243 -31209737
84434266 -30605461
84786666 -29998587
85138443 -29389115
85489597 -28777045
85840129 -28162376
86190037 -27545109
86539323 -26925243
86887986 -26302779
87236026 -25677717
87583443 -25050057
87930237 -24419798
88276408 -23786941
88621957 -23151485
88966882 -22513432
89311185 -21872780
89654865 -21229529
89997922 -20583681
90340356 -19935234
90682167 -19284188
91023356 -18630544
91363921 -17974302
91703864 -17315462
92043184 -16654024
92381881 -15989987
92719955 -15323351
93057406 -14654118
93394234 -13982286
93730440 -13307855
94066023 -12630827
94400982 -11951200
94735319 -11268975
95069033 -10584151
95402124 -9896729
95734593 -9206709
96066438 -8514091
96397661 -7818874
96728260 -7121059
97058237 -6420645
97387591 -5717633
97716322 -5012023
98044430 -4303815
98371916 -3593008
98698778 -2879603
99025018 -2163600
99350635 -1444998
99675628 -723798
