996
100000000 0
99655150 775462
99309843 1547910
98964078 2317343
98617855 3083761
98271175 3847164
97924037 4607552
97576441 5364925
97228387 6119283
96879876 6870626
96530907 7618954
96181481 8364268
95831596 9106566
95481254 9845849
95130454 10582117
94779197 11315370
94427482 12045609
94075309 12772832
93722678 13497040
93369589 14218234
93016043 14936412
92662040 15651576
92307578 16363724
91952659 17072858
91597282 17778976
91241447 18482080
90885155 19182168
90528404 19879242
90171197 20573300
89813531 21264344
89455408 21952373
89096827 22637387
88737788 23319385
88378292 23998369
88018337 24674338
87657926 25347292
87297056 26017231
86935729 26684154
86573944 27348063
86211701 28008957
85849000 28666836
85485842 29321700
85122226 29973549
84758153 30622383
84393621 31268203
84028632 31911007
83663186 32550796
83297281 33187570
82930919 33821329
82564099 34452073
82196821 35079803
81829086 35704517
81460893 36326216
81092242 36944901
80723134 37560570
80353567 38173224
79983543 38782864
79613062 39389488
79242122 39993098
78870725 40593692
78498870 41191272
78126558 41785837
77753788 42377386
77380560 42965921
77006874 43551440
76632731 44133945
76258130 44713435
75883071 45289910
75507554 45863369
75131580 46433814
74755148 47001244
74378258 47565659
74000911 48127059
73623106 48685444
73244843 49240814
72866122 49793169
72486944 50342509
72107308 50888834
71727214 51432144
71346663 51972439
70965654 52509719
70584187 53043984
70202262 53575235
69819880 54103470
69437040 54628690
69053742 55150895
68669987 55670086
68285774 56186261
67901103 56699421
67515974 57209567
67130388 57716697
66744344 58220813
66357842 58721913
65970882 59219998
65583465 59715069
65195590 60207125
64807258 60696165
64418467 61182191
64029219 61665201
63639514 62145197
63249350 62622178
62858729 63096144
62467650 63567094
62076113 64035030
61684119 64499951
61291667 64961857
60898757 65420748
60505390 65876624
60111564 66329485
59717281 66779330
59322541 67226161
58927342 67669977
58531686 68110779
58135572 68548565
57739001 68983336
57341972 69415092
56944485 69843833
56546540 70269559
56148137 70692270
55749277 71111967
55349960 71528648
54950184 71942314
54549951 72352966
54149260 72760602
53748111 73165223
53346505 73566830
52944440 73965421
52541919 74360998
52138939 74753559
51735502 75143106
51331607 75529637
50927254 75913154
50522444 76293656
50117175 76671142
49711449 77045614
49305266 77417071
48898625 77785512
48491526 78150939
48083969 78513351
47675954 78872748
47267482 79229130
46858552 79582497
46449165 79932848
46039319 80280185
45629016 80624507
45218255 80965814
44807037 81304106
44395361 81639383
43983227 81971646
43570635 82300893
43157586 82627125
42744079 82950342
42330114 83270544
41915691 83587731
41500811 83901904
41085473 84213061
40669678 84521203
40253424 84826331
39836713 85128443
39419544 85427540
39001918 85723623
38583834 86016690
38165292 86306743
37746292 86593780
37326835 86877803
36906919 87158810
36486547 87436803
36065716 87711781
35644428 87983743
35222682 88252691
34800478 88518624
34377817 88781542
33954698 89041444
33531121 89298332
33107086 89552205
32682594 89803063
32257644 90050906
31832236 90295734
31406371 90537547
30980048 90776345
30553267 91012128
30126028 91244896
29698332 91474649
29270178 91701387
28841566 91925110
28412497 92145818
27982969 92363511
27552984 92578189
27122542 92789853
26691642 92998501
26260284 93204134
25828468 93406753
25396194 93606356
24963463 93802944
24530274 93996518
24096628 94187076
23662523 94374620
23227961 94559148
22792941 94740662
22357464 94919160
21921529 95094644
21485136 95267112
21048285 95436566
20610977 95603005
20173211 95766428
19734987 95926837
19296305 96084231
18857166 96238610
18417569 96389973
17977514 96538322
17537002 96683656
17096032 96825975
16654604 96965279
16212719 97101568
15770375 97234842
15327574 97365101
14884316 97492345
14440599 97616574
13996425 97737788
13551793 97855987
13106704 97971171
12661156 98083341
12215151 98192495
11768689 98298634
11321768 98401758
10874390 98501868
10426554 98598962
9978261 98693041
9529509 98784106
9080300 98872155
8630634 98957190
8180509 99039209
7729927 99118214
7278887 99194203
6827390 99267178
6375434 99337137
5923021 99404082
5470150 99468011
5016822 99528926
4563036 99586826
4108792 99641711
3654090 99693580
3198931 99742435
2743314 99788275
2287239 99831100
1830707 99870910
1373716 99907705
916268 99941485
458363 99972250
0 100000000
-560102 99795422
-1118926 99589255
-1676471 99381499
-2232739 99172155
-2787728 98961221
-3341440 98748699
-3893873 98534587
-4445028 98318887
-4994904 98101598
-5543503 97882720
-6090823 97662252
-6636865 97440196
-7181629 97216551
-7725114 96991317
-8267322 96764494
-8808251 96536082
-9347902 96306082
-9886275 96074492
-10423370 95841313
-10959187 95606545
-11493725 95370189
-12026985 95132243
-12558967 94892709
-13089671 94651586
-13619096 94408873
-14147244 94164572
-14674113 93918682
-15199704 93671202
-15724017 93422134
-16247051 93171477
-16768808 92919231
-17289286 92665396
-17808486 92409973
-18326408 92152960
-18843052 91894358
-19358417 91634167
-19872504 91372388
-20385313 91109019
-20896844 90844062
-21407097 90577515
-21916072 90309380
-22423768 90039655
-22930186 89768342
-23435326 89495440
-23939188 89220949
-24441771 88944869
-24943077 88667200
-25443104 88387942
-25941853 88107095
-26439324 87824659
-26935516 87540634
-27430431 87255020
-27924067 86967818
-28416425 86679026
-28907505 86388645
-29397306 86096676
-29885830 85803117
-30373075 85507970
-30859042 85211234
-31343731 84912908
-31827142 84612994
-32309274 84311491
-32790128 84008399
-33269705 83703718
-33748002 83397448
-34225022 83089589
-34700764 82780141
-35175227 82469104
-35648412 82156479
-36120319 81842264
-36590948 81526460
-37060298 81209068
-37528371 80890086
-37995165 80569516
-38460681 80247356
-38924919 79923608
-39387878 79598271
-39849560 79271345
-40309963 78942829
-40769088 78612725
-41226935 78281032
-41683504 77947750
-42138794 77612880
-42592806 77276420
-43045541 76938371
-43496996 76598733
-43947174 76257506
-44396074 75914691
-44843695 75570286
-45290038 75224293
-45735103 74876710
-46178890 74527539
-46621398 74176779
-47062629 73824429
-47502581 73470491
-47941255 73114964
-48378651 72757848
-48814768 72399143
-49249608 72038849
-49683169 71676966
-50115452 71313494
-50546457 70948433
-50976183 70581784
-51404632 70213545
-51831802 69843717
-52257694 69472301
-52682308 69099295
-53105644 68724701
-53527701 68348518
-53948480 67970745
-54367982 67591384
-54786204 67210434
-55203149 66827895
-55618816 66443767
-56033204 66058050
-56446314 65670744
-56858146 65281849
-57268700 64891365
-57677976 64499292
-58085973 64105630
-58492692 63710380
-58898133 63313540
-59302296 62915112
-59705181 62515094
-60106787 62113488
-60507115 61710292
-60906165 61305508
-61303937 60899135
-61700431 60491173
-62095646 60081621
-62489583 59670481
-62882243 59257752
-63273623 58843434
-63663726 58427528
-64052551 58010032
-64440097 57590947
-64826365 57170273
-65211355 56748011
-65595067 56324159
-65977500 55898718
-66358656 55471689
-66738533 55043070
-67117132 54612863
-67494453 54181067
-67870495 53747682
-68245260 53312707
-68618746 52876144
-68990954 52437992
-69361884 51998251
-69731535 51556921
-70099909 51114002
-70467004 50669495
-70832821 50223398
-71197360 49775712
-71560621 49326437
-71922603 48875574
-72283307 48423121
-72642734 47969080
-73000881 47513449
-73357751 47056230
-73713343 46597422
-74067656 46137025
-74420691 45675038
-74772448 45211463
-75122927 44746299
-75472128 44279546
-75820050 43811204
-76166694 43341273
-76512060 42869754
-76856148 42396645
-77198957 41921947
-77540489 41445660
-77880742 40967785
-78219717 40488320
-78557414 40007267
-78893833 39524624
-79228973 39040393
-79562835 38554573
-79895420 38067164
-80226725 37578165
-80556753 37087578
-80885503 36595402
-81212974 36101637
-81539167 35606283
-81864082 35109340
-82187719 34610809
-82510077 34110688
-82831158 33608978
-83150960 33105680
-83469484 32600792
-83786730 32094315
-84102697 31586250
-84417387 31076596
-84730798 30565352
-85042931 30052520
-85353786 29538099
-85663362 29022089
-85971661 28504489
-86278681 27985301
-86584423 27464524
-86888887 26942158
-87192073 26418204
-87493980 25892660
-87794609 25365527
-88093960 24836805
-88392033 24306495
-88688828 23774595
-88984345 23241107
-89278583 22706029
-89571543 22169363
-89863225 21631107
-90153629 21091263
-90442754 20549830
-90730602 20006808
-91017171 19462197
-91302462 18915997
-91586475 18368208
-91869209 17818830
-92150666 17267863
-92430844 16715307
-92709744 16161162
-92987366 15605429
-93263710 15048106
-93538775 14489194
-93812562 13928694
-94085071 13366604
-94356302 12802926
-94626255 12237659
-94894930 11670802
-95162326 11102357
-95428444 10532323
-95693284 9960700
-95956846 9387488
-96219129 8812687
-96480135 8236297
-96739862 7658318
-96998311 7078750
-97255482 6497594
-97511374 5914848
-97765989 5330513
-98019325 4744590
-98271383 4157077
-98522163 3567976
-98771664 2977286
-99019888 2385006
-99266833 1791138
-99512500 1195681
-99756889 598635
-100000000 0
-99653163 -541766
-99305885 -1082402
-98958165 -1621908
-98610003 -2160284
-98261400 -2697529
-97912355 -3233644
-97562868 -3768629
-97212940 -4302483
-96862570 -4835207
-96511758 -5366800
-96160505 -5897264
-95808810 -6426597
-95456673 -6954799
-95104094 -7481872
-94751074 -8007814
-94397612 -8532625
-94043709 -9056307
-93689363 -9578858
-93334576 -10100279
-92979348 -10620569
-92623677 -11139729
-92267565 -11657759
-91911011 -12174658
-91554016 -12690427
-91196579 -13205066
-90838700 -13718575
-90480380 -14230953
-90121617 -14742201
-89762413 -15252318
-89402768 -15761305
-89042681 -16269162
-88682152 -16775889
-88321181 -17281485
-87959768 -17785951
-87597914 -18289286
-87235619 -18791491
-86872881 -19292566
-86509702 -19792511
-86146081 -20291325
-85782019 -20789009
-85417514 -21285563
-85052569 -21780986
-84687181 -22275279
-84321352 -22768442
-83955081 -23260474
-83588368 -23751376
-83221214 -24241148
-82853617 -24729789
-82485580 -25217300
-82117100 -25703681
-81748179 -26188931
-81378816 -26673051
-81009012 -27156041
-80638766 -27637900
-80268078 -28118629
-79896948 -28598228
-79525377 -29076696
-79153364 -29554034
-78780909 -30030242
-78408013 -30505320
-78034674 -30979267
-77660895 -31452084
-77286673 -31923770
-76912010 -32394326
-76536905 -32863752
-76161359 -33332048
-75785370 -33799213
-75408941 -34265248
-75032069 -34730152
-74654756 -35193926
-74277001 -35656570
-73898804 -36118084
-73520165 -36578467
-73141085 -37037720
-72761564 -37495843
-72381600 -37952835
-72001195 -38408697
-71620348 -38863429
-71239060 -39317030
-70857329 -39769501
-70475157 -40220842
-70092544 -40671052
-69709488 -41120132
-69325991 -41568082
-68942053 -42014901
-68557672 -42460590
-68172850 -42905149
-67787586 -43348577
-67401881 -43790875
-67015734 -44232043
-66629145 -44672080
-66242114 -45110988
-65854642 -45548764
-65466728 -45985411
-65078372 -46420927
-64689575 -46855313
-64300336 -47288568
-63910655 -47720693
-63520533 -48151688
-63129969 -48581553
-62738963 -49010287
-62347516 -49437891
-61955626 -49864364
-61563296 -50289708
-61170523 -50713920
-60777309 -51137003
-60383653 -51558955
-59989555 -51979777
-59595016 -52399469
-59200035 -52818030
-58804612 -53235461
-58408748 -53651762
-58012441 -54066932
-57615694 -54480972
-57218504 -54893882
-56820873 -55305661
-56422800 -55716310
-56024286 -56125829
-55625329 -56534217
-55225931 -56941475
-54826092 -57347603
-54425810 -57752600
-54025087 -58156467
-53623923 -58559204
-53222316 -58960810
-52820268 -59361287
-52417778 -59760632
-52014847 -60158848
-51611473 -60555933
-51207659 -60951888
-50803402 -61346712
-50398704 -61740406
-49993564 -62132970
-49587982 -62524404
-49181959 -62914707
-48775494 -63303880
-48368587 -63691922
-47961238 -64078835
-47553448 -64464616
-47145217 -64849268
-46736543 -65232789
-46327428 -65615180
-45917871 -65996441
-45507872 -66376571
-45097432 -66755571
-44686550 -67133441
-44275226 -67510180
-43863461 -67885789
-43451254 -68260268
-43038605 -68633616
-42625515 -69005834
-42211983 -69376922
-41798009 -69746879
-41383593 -70115706
-40968736 -70483403
-40553437 -70849969
-40137697 -71215405
-39721514 -71579711
-39304890 -71942886
-38887825 -72304931
-38470317 -72665846
-38052368 -73025631
-37633977 -73384285
-37215145 -73741809
-36795871 -74098202
-36376155 -74453465
-35955998 -74807598
-35535398 -75160601
-35114357 -75512473
-34692875 -75863215
-34270950 -76212826
-33848585 -76561307
-33425777 -76908658
-33002527 -77254879
-32578836 -77599969
-32154704 -77943929
-31730129 -78286759
-31305113 -78628458
-30879655 -78969027
-30453756 -79308466
-30027414 -79646774
-29600631 -79983952
-29173407 -80319999
-28745741 -80654917
-28317633 -80988704
-27889083 -81321361
-27460091 -81652887
-27030658 -81983283
-26600784 -82312549
-26170467 -82640684
-25739709 -82967689
-25308509 -83293564
-24876868 -83618308
-24444784 -83941922
-24012259 -84264406
-23579293 -84585760
-23145885 -84905983
-22712035 -85225076
-22277743 -85543038
-21843009 -85859870
-21407834 -86175572
-20972218 -86490144
-20536159 -86803585
-20099659 -87115896
-19662717 -87427076
-19225334 -87737126
-18787508 -88046046
-18349241 -88353836
-17910533 -88660495
-17471382 -88966024
-17031790 -89270423
-16591757 -89573691
-16151281 -89875829
-15710364 -90176836
-15269005 -90476714
-14827205 -90775461
-14384963 -91073077
-13942279 -91369564
-13499153 -91664920
-13055586 -91959145
-12611577 -92252241
-12167127 -92544206
-11722234 -92835040
-11276900 -93124745
-10831124 -93413319
-10384907 -93700763
-9938248 -93987076
-9491147 -94272259
-9043605 -94556312
-8595621 -94839234
-8147195 -95121027
-7698327 -95401688
-7249018 -95681220
-6799267 -95959621
-6349074 -96236892
-5898440 -96513032
-5447364 -96788043
-4995846 -97061922
-4543887 -97334672
-4091486 -97606291
-3638643 -97876780
-3185358 -98146139
-2731632 -98414367
-2277464 -98681465
-1822855 -98947432
-1367803 -99212270
-912310 -99475977
-456376 -99738553
0 -100000000
530510 -99853367
1059981 -99704677
1588413 -99553932
2115805 -99401130
2642158 -99246273
3167471 -99089358
3691744 -98930388
4214978 -98769362
4737172 -98606279
5258327 -98441140
5778442 -98273944
6297518 -98104693
6815554 -97933385
7332551 -97760021
7848508 -97584601
8363425 -97407124
8877303 -97227592
9390142 -97046003
9901941 -96862357
10412700 -96676656
10922420 -96488898
11431100 -96299084
11938740 -96107214
12445342 -95913288
12950903 -95717305
13455425 -95519266
13958907 -95319171
14461350 -95117020
14962754 -94912812
15463117 -94706549
15962442 -94498228
16460726 -94287852
16957971 -94075420
17454177 -93860931
17949343 -93644386
18443470 -93425785
18936556 -93205127
19428604 -92982413
19919612 -92757643
20409580 -92530817
20898509 -92301935
21386398 -92070996
21873247 -91838001
22359057 -91602950
22843828 -91365843
23327559 -91126679
23810250 -90885459
24291902 -90642183
24772514 -90396851
25252087 -90149462
25730620 -89900017
26208114 -89648516
26684568 -89394959
27159983 -89139346
27634358 -88881676
28107693 -88621950
28579989 -88360168
29051245 -88096329
29521462 -87830434
29990639 -87562483
30458777 -87292476
30925875 -87020413
31391934 -86746293
31856953 -86470117
32320932 -86191885
32783872 -85911597
33245773 -85629252
33706634 -85344851
34166455 -85058394
34625237 -84769881
35082979 -84479311
35539681 -84186685
35995344 -83892003
36449968 -83595265
36903552 -83296470
37356096 -82995620
37807601 -82692713
38258067 -82387749
38707492 -82080730
39155879 -81771654
39603225 -81460522
40049532 -81147334
40494800 -80832090
40939028 -80514789
41382216 -80195432
41824365 -79874019
42265475 -79550550
42705545 -79225024
43144575 -78897442
43582566 -78567804
44019517 -78236110
44455428 -77902359
44890300 -77566552
45324133 -77228689
45756926 -76888770
46188679 -76546794
46619393 -76202763
47049067 -75856675
47477702 -75508530
47905297 -75158330
48331853 -74806073
48757369 -74451760
49181846 -74095391
49605283 -73736966
50027680 -73376484
50449038 -73013946
50869356 -72649352
51288635 -72282702
51706874 -71913995
52124074 -71543232
52540234 -71170413
52955355 -70795538
53369436 -70418606
53782477 -70039618
54194479 -69658574
54605442 -69275474
55015364 -68890317
55424248 -68503105
55832091 -68113836
56238896 -67722511
56644660 -67329129
57049385 -66933691
57453071 -66536197
57855717 -66136647
58257323 -65735041
58657890 -65331378
59057417 -64925659
59455905 -64517884
59853353 -64108053
60249762 -63696165
60645131 -63282221
61039461 -62866221
61432751 -62448165
61825001 -62028052
62216212 -61605883
62606384 -61181658
62995515 -60755377
63383608 -60327040
63770660 -59896646
64156674 -59464196
64541647 -59029690
64925581 -58593127
65308476 -58154508
65690331 -57713833
66071146 -57271102
66450922 -56826315
66829658 -56379471
67207355 -55930571
67584012 -55479615
67959630 -55026603
68334208 -54571534
68707746 -54114409
69080245 -53655228
69451705 -53193991
69822125 -52730697
70191505 -52265348
70559846 -51797941
70927147 -51328479
71293409 -50856961
71658631 -50383386
72022814 -49907755
72385957 -49430068
72748060 -48950324
73109124 -48468525
73469148 -47984669
73828133 -47498756
74186079 -47010788
74542984 -46520763
74898850 -46028682
75253677 -45534545
75607464 -45038352
75960212 -44540102
76311920 -44039796
76662588 -43537434
77012217 -43033016
77360806 -42526541
77708356 -42018011
78054866 -41507424
78400337 -40994780
78744768 -40480081
79088160 -39963325
79430512 -39444513
79771824 -38923645
80112097 -38400720
80451330 -37875740
80789524 -37348703
81126678 -36819610
81462793 -36288460
81797868 -35755254
82131904 -35219993
82464900 -34682674
82796857 -34143300
83127773 -33601869
83457651 -33058383
83786489 -32512840
84114287 -31965240
84441046 -31415585
84766765 -30863873
85091445 -30310105
85415085 -29754281
85737685 -29196400
86059246 -28636463
86379768 -28074470
86699250 -27510421
87017692 -26944316
87335095 -26376154
87651458 -25805936
87966782 -25233662
88281066 -24659331
88594310 -24082945
88906515 -23504502
89217681 -22924003
89527807 -22341447
89836893 -21756836
90144940 -21170168
90451947 -20581444
90757915 -19990663
91062843 -19397827
91366732 -18802934
91669581 -18205985
91971390 -17606980
92272160 -17005918
92571891 -16402801
92870582 -15797627
93168233 -15190396
93464845 -14581110
93760417 -13969767
94054950 -13356368
94348443 -12740913
94640896 -12123402
94932310 -11503834
95222685 -10882210
95512020 -10258530
95800315 -9632794
96087571 -9005001
96373787 -8375152
96658964 -7743247
96943101 -7109286
97226199 -6473268
97508257 -5835194
97789275 -5195064
98069254 -4552878
98348194 -3908636
98626094 -3262337
98902954 -2613982
99178775 -1963571
99453556 -1311103
99727297 -656579
