996
100000000 0
99922993 518944
99843368 1036942
99761125 1553993
99676265 2070099
99588787 2585258
99498692 3099471
99405978 3612738
99310647 4125058
99212698 4636432
99112132 5146860
99008947 5656341
98903145 6164877
98794726 6672466
98683688 7179108
98570033 7684805
98453760 8189555
98334869 8693359
98213360 9196216
98089234 9698128
97962490 10199093
97833128 10699112
97701149 11198184
97566552 11696310
97429337 12193490
97289504 12689724
97147054 13185011
97001986 13679353
96854300 14172747
96703996 14665196
96551075 15156698
96395536 15647254
96237379 16136864
96076604 16625528
95913212 17113245
95747202 17600016
95578574 18085841
95407329 18570719
95233466 19054651
95056985 19537637
94877886 20019677
94696169 20500770
94511835 20980917
94324883 21460118
94135314 21938373
93943126 22415681
93748321 22892043
93550898 23367458
93350857 23841928
93148199 24315451
92942923 24788028
92735029 25259659
92524518 25730343
92311388 26200081
92095641 26668873
91877276 27136718
91656294 27603618
91432694 28069571
91206476 28534577
90977640 28998638
90746186 29461752
90512115 29923920
90275426 30385141
90036120 30845417
89794195 31304746
89549653 31763129
89302493 32220565
89052715 32677055
88800320 33132599
88545307 33587197
88287676 34040848
88027427 34493554
87764561 34945312
87499077 35396125
87230975 35845991
86960256 36294911
86686918 36742885
86410963 37189913
86132391 37635994
85851200 38081129
85567392 38525318
85280966 38968560
84991922 39410856
84700261 39852206
84405982 40292610
84109085 40732067
83809570 41170578
83507438 41608143
83202688 42044761
82895320 42480434
82585334 42915160
82272731 43348939
81957510 43781773
81639671 44213660
81319214 44644601
80996140 45074595
80670448 45503644
80342138 45931746
80011211 46358902
79677665 46785111
79341502 47210374
79002722 47634691
78661323 48058062
78317307 48480487
77970673 48901965
77621421 49322497
77269552 49742082
76915065 50160722
76557960 50578415
76198237 50995161
75835897 51410962
75470939 51825816
75103363 52239724
74733169 52652686
74360358 53064701
73984929 53475770
73606882 53885893
73226218 54295070
72842936 54703300
72457036 55110584
72068518 55516922
71677382 55922314
71283629 56326759
70887258 56730258
70488269 57132811
70086663 57534417
69682439 57935077
69275597 58334791
68866137 58733559
68454060 59131380
68039365 59528255
67622052 59924184
67202121 60319166
66779573 60713203
66354407 61106292
65926623 61498436
65496222 61889634
65063202 62279885
64627565 62669190
64189311 63057548
63748438 63444961
63304948 63831427
62858840 64216946
62410114 64601520
61958771 64985147
61504810 65367828
61048231 65749563
60589034 66130351
60127220 66510193
59662788 66889089
59195738 67267039
58726070 67644042
58253785 68020099
57778882 68395210
57301361 68769375
56821222 69142593
56338466 69514865
55853092 69886191
55365100 70256570
54874491 70626003
54381263 70994490
53885418 71362031
53386956 71728625
52885875 72094273
52382177 72458975
51875861 72822730
51366928 73185540
50855376 73547402
50341207 73908319
49824420 74268290
49305015 74627314
48782993 74985392
48258353 75342523
47731095 75698709
47201220 76053948
46668726 76408240
46133615 76761587
45595886 77113987
45055540 77465441
44512576 77815949
43966994 78165510
43418794 78514125
42867976 78861794
42314541 79208517
41758488 79554293
41199818 79899123
40638529 80243007
40074623 80585945
39508099 80927936
38938958 81268981
38367198 81609079
37792821 81948232
37215826 82286438
36636214 82623698
36053983 82960011
35469135 83295379
34881669 83629800
34291586 83963275
33698885 84295803
33103566 84627385
32505629 84958021
31905074 85287711
31301902 85616454
30696112 85944252
30087704 86271103
29476679 86597007
28863036 86921965
28246775 87245977
27627896 87569043
27006400 87891163
26382286 88212336
25755554 88532563
25126204 88851844
24494237 89170178
23859652 89487566
23222449 89804008
22582629 90119504
21940190 90434053
21295134 90747656
20647460 91060313
19997169 91372023
19344260 91682788
18688733 91992606
18030588 92301477
17369826 92609403
16706445 92916382
16040447 93222415
15371832 93527501
14700598 93831642
14026747 94134836
13350278 94437083
12671192 94738385
11989487 95038740
11305165 95338149
10618225 95636612
9928668 95934128
9236493 96230698
8541700 96526322
7844289 96821000
7144260 97114731
6441614 97407516
5736350 97699355
5028468 97990248
4317969 98280194
3604852 98569194
2889117 98857247
2170764 99144355
1449794 99430516
726205 99715731
0 100000000
-543768 99604113
-1086390 99208181
-1627866 98812203
-2168195 98416178
-2707378 98020107
-3245414 97623991
-3782304 97227828
-4318048 96831619
-4852644 96435363
-5386095 96039062
-5918399 95642714
-6449556 95246321
-6979567 94849881
-7508432 94453395
-8036150 94056863
-8562721 93660285
-9088147 93263661
-9612425 92866990
-10135557 92470274
-10657543 92073511
-11178382 91676702
-11698075 91279848
-12216622 90882947
-12734021 90485999
-13250275 90089006
-13765382 89691967
-14279342 89294881
-14792156 88897749
-15303824 88500571
-15814345 88103347
-16323719 87706077
-16831947 87308761
-17339029 86911399
-17844964 86513990
-18349753 86116536
-18853395 85719035
-19355891 85321488
-19857240 84923895
-20357443 84526256
-20856499 84128571
-21354409 83730839
-21851172 83333062
-22346789 82935238
-22841260 82537368
-23334584 82139452
-23826761 81741490
-24317792 81343482
-24807677 80945428
-25296415 80547327
-25784007 80149181
-26270452 79750988
-26755750 79352749
-27239903 78954464
-27722908 78556133
-28204768 78157756
-28685481 77759332
-29165047 77360863
-29643467 76962347
-30120740 76563785
-30596867 76165177
-31071848 75766523
-31545682 75367823
-32018369 74969077
-32489910 74570285
-32960305 74171446
-33429553 73772561
-33897655 73373630
-34364610 72974654
-34830419 72575630
-35295081 72176561
-35758597 71777446
-36220966 71378284
-36682189 70979077
-37142265 70579823
-37601195 70180523
-38058978 69781177
-38515615 69381785
-38971106 68982347
-39425450 68582862
-39878647 68183332
-40330699 67783755
-40781603 67384132
-41231361 66984464
-41679973 66584748
-42127438 66184987
-42573757 65785180
-43018929 65385327
-43462955 64985427
-43905834 64585481
-44347567 64185489
-44788154 63785451
-45227593 63385367
-45665887 62985237
-46103034 62585061
-46539034 62184838
-46973888 61784570
-47407596 61384255
-47840157 60983894
-48271572 60583487
-48701840 60183034
-49130962 59782535
-49558937 59381989
-49985766 58981398
-50411448 58580760
-50835984 58180076
-51259373 57779346
-51681616 57378570
-52102712 56977748
-52522662 56576880
-52941466 56175965
-53359123 55775005
-53775633 55373998
-54190997 54972945
-54605215 54571846
-55018286 54170701
-55430211 53769510
-55840989 53368272
-56250621 52966989
-56659106 52565659
-57066445 52164283
-57472637 51762861
-57877683 51361393
-58281582 50959879
-58684335 50558319
-59085941 50156713
-59486401 49755060
-59885715 49353361
-60283882 48951616
-60680902 48549826
-61076776 48147988
-61471504 47746105
-61865085 47344176
-62257520 46942200
-62648808 46540179
-63038950 46138111
-63427945 45735997
-63815794 45333837
-64202496 44931631
-64588052 44529379
-64972461 44127080
-65355724 43724736
-65737841 43322345
-66118811 42919908
-66498634 42517426
-66877311 42114896
-67254842 41712321
-67631226 41309700
-68006464 40907033
-68380555 40504319
-68753499 40101559
-69125298 39698753
-69495949 39295901
-69865455 38893003
-70233814 38490059
-70601026 38087069
-70967092 37684032
-71332011 37280950
-71695784 36877821
-72058411 36474646
-72419891 36071425
-72780224 35668158
-73139411 35264845
-73497452 34861485
-73854346 34458080
-74210093 34054628
-74564695 33651130
-74918149 33247586
-75270458 32843996
-75621619 32440360
-75971635 32036678
-76320503 31632949
-76668226 31229175
-77014802 30825354
-77360231 30421487
-77704514 30017574
-78047651 29613615
-78389641 29209610
-78730484 28805558
-79070181 28401461
-79408732 27997317
-79746136 27593127
-80082394 27188892
-80417505 26784609
-80751469 26380281
-81084288 25975907
-81415960 25571487
-81746485 25167020
-82075864 24762507
-82404096 24357949
-82731182 23953344
-83057121 23548693
-83381914 23143995
-83705561 22739252
-84028061 22334462
-84349414 21929627
-84669622 21524745
-84988682 21119817
-85306596 20714843
-85623364 20309823
-85938985 19904757
-86253460 19499644
-86566788 19094486
-86878970 18689281
-87190005 18284031
-87499894 17878734
-87808637 17473391
-88116233 17068001
-88422682 16662566
-88727985 16257085
-89032142 15851557
-89335152 15445983
-89637015 15040364
-89937732 14634698
-90237303 14228985
-90535727 13823227
-90833005 13417423
-91129136 13011572
-91424121 12605676
-91717959 12199733
-92010651 11793744
-92302196 11387709
-92592595 10981628
-92881848 10575501
-93169953 10169327
-93456913 9763108
-93742726 9356842
-94027392 8950530
-94310913 8544172
-94593286 8137768
-94874513 7731318
-95154594 7324822
-95433528 6918279
-95711316 6511691
-95987957 6105056
-96263452 5698375
-96537800 5291648
-96811002 4884875
-97083057 4478056
-97353966 4071190
-97623729 3664279
-97892345 3257321
-98159814 2850318
-98426137 2443268
-98691314 2036172
-98955344 1629029
-99218227 1221841
-99479965 814607
-99740555 407326
-100000000 0
-99694754 -696896
-99388732 -1391412
-99081933 -2083546
-98774357 -2773299
-98466003 -3460670
-98156872 -4145660
-97846965 -4828269
-97536280 -5508496
-97224818 -6186342
-96912579 -6861807
-96599563 -7534890
-96285769 -8205592
-95971199 -8873912
-95655852 -9539851
-95339727 -10203409
-95022825 -10864585
-94705147 -11523380
-94386691 -12179793
-94067458 -12833826
-93747448 -13485476
-93426660 -14134746
-93105096 -14781634
-92782755 -15426140
-92459636 -16068266
-92135740 -16708010
-91811068 -17345372
-91485618 -17980353
-91159391 -18612953
-90832387 -19243172
-90504605 -19871009
-90176047 -20496464
-89846712 -21119538
-89516599 -21740231
-89185710 -22358543
-88854043 -22974473
-88521599 -23588022
-88188378 -24199189
-87854380 -24807975
-87519605 -25414380
-87184052 -26018403
-86847723 -26620045
-86510617 -27219306
-86172733 -27816185
-85834072 -28410683
-85494635 -29002799
-85154420 -29592534
-84813428 -30179888
-84471658 -30764860
-84129112 -31347451
-83785789 -31927660
-83441688 -32505489
-83096811 -33080935
-82751156 -33654001
-82404724 -34224685
-82057515 -34792988
-81709529 -35358909
-81360766 -35922449
-81011226 -36483607
-80660909 -37042384
-80309814 -37598780
-79957943 -38152795
-79605294 -38704428
-79251868 -39253679
-78897666 -39800550
-78542686 -40345039
-78186929 -40887146
-77830394 -41426872
-77473083 -41964217
-77114995 -42499180
-76756129 -43031763
-76396487 -43561963
-76036067 -44089782
-75674870 -44615220
-75312896 -45138277
-74950145 -45658952
-74586617 -46177246
-74222312 -46693158
-73857229 -47206689
-73491370 -47717839
-73124733 -48226607
-72757320 -48732994
-72389129 -49237000
-72020161 -49738624
-71650416 -50237867
-71279894 -50734728
-70908594 -51229208
-70536518 -51721307
-70163665 -52211024
-69790034 -52698360
-69415626 -53183315
-69040442 -53665888
-68664480 -54146080
-68287741 -54623890
-67910225 -55099319
-67531932 -55572367
-67152861 -56043033
-66773014 -56511318
-66392389 -56977221
-66010988 -57440744
-65628809 -57901884
-65245853 -58360644
-64862120 -58817022
-64477610 -59271019
-64092323 -59722634
-63706259 -60171868
-63319417 -60618720
-62931799 -61063192
-62543403 -61505281
-62154231 -61944990
-61764281 -62382317
-61373554 -62817262
-60982050 -63249827
-60589769 -63680010
-60196710 -64107811
-59802875 -64533231
-59408263 -64956270
-59012873 -65376928
-58616706 -65795204
-58219763 -66211098
-57822042 -66624612
-57423544 -67035744
-57024269 -67444494
-56624216 -67850863
-56223387 -68254851
-55821781 -68656458
-55419397 -69055683
-55016236 -69452526
-54612299 -69846989
-54207584 -70239069
-53802092 -70628769
-53395823 -71016087
-52988777 -71401024
-52580953 -71783579
-52172353 -72163754
-51762975 -72541546
-51352821 -72916957
-50941889 -73289987
-50530180 -73660636
-50117694 -74028903
-49704431 -74394789
-49290391 -74758293
-48875574 -75119416
-48459980 -75478158
-48043608 -75834518
-47626460 -76188497
-47208534 -76540095
-46789831 -76889311
-46370351 -77236146
-45950094 -77580599
-45529060 -77922671
-45107249 -78262362
-44684660 -78599671
-44261295 -78934599
-43837152 -79267146
-43412233 -79597311
-42986536 -79925095
-42560062 -80250497
-42132811 -80573518
-41704783 -80894158
-41275978 -81212416
-40846396 -81528293
-40416036 -81841789
-39984900 -82152903
-39552986 -82461636
-39120295 -82767987
-38686828 -83071957
-38252583 -83373546
-37817560 -83672753
-37381761 -83969579
-36945185 -84264024
-36507832 -84556087
-36069701 -84845769
-35630794 -85133069
-35191109 -85417988
-34750647 -85700526
-34309408 -85980682
-33867392 -86258457
-33424599 -86533851
-32981029 -86806863
-32536681 -87077494
-32091557 -87345743
-31645655 -87611611
-31198977 -87875098
-30751521 -88136203
-30303288 -88394927
-29854278 -88651270
-29404491 -88905231
-28953927 -89156811
-28502585 -89406009
-28050467 -89652826
-27597572 -89897262
-27143899 -90139316
-26689449 -90378989
-26234222 -90616281
-25778218 -90851191
-25321437 -91083720
-24863879 -91313867
-24405544 -91541633
-23946431 -91767018
-23486542 -91990021
-23025875 -92210643
-22564432 -92428884
-22102211 -92644743
-21639213 -92858221
-21175438 -93069317
-20710886 -93278032
-20245556 -93484366
-19779450 -93688318
-19312567 -93889889
-18844906 -94089079
-18376468 -94285887
-17907253 -94480314
-17437262 -94672359
-16966493 -94862023
-16494946 -95049306
-16022623 -95234207
-15549523 -95416727
-15075645 -95596866
-14600991 -95774623
-14125559 -95949999
-13649351 -96122993
-13172365 -96293606
-12694602 -96461838
-12216062 -96627688
-11736744 -96791157
-11256650 -96952245
-10775779 -97110951
-10294130 -97267276
-9811705 -97421219
-9328502 -97572781
-8844522 -97721962
-8359765 -97868761
-7874231 -98013179
-7387920 -98155216
-6900832 -98294871
-6412966 -98432145
-5924324 -98567037
-5434904 -98699548
-4944707 -98829678
-4453734 -98957426
-3961983 -99082793
-3469455 -99205779
-2976150 -99326383
-2482067 -99444606
-1987208 -99560447
-1491572 -99673908
-995158 -99784986
-497967 -99893684
0 -100000000
597676 -99752903
1193772 -99504561
1788286 -99254972
2381219 -99004137
2972571 -98752057
3562342 -98498730
4150531 -98244157
4737140 -97988339
5322167 -97731274
5905613 -97472963
6487477 -97213406
7067761 -96952603
7646463 -96690554
8223584 -96427259
8799124 -96162718
9373082 -95896931
9945460 -95629897
10516256 -95361618
11085471 -95092093
11653104 -94821322
12219157 -94549304
12783628 -94276041
13346518 -94001531
13907827 -93725776
14467555 -93448774
15025701 -93170526
15582266 -92891033
16137250 -92610293
16690653 -92328307
17242475 -92045075
17792715 -91760597
18341374 -91474874
18888452 -91187904
19433949 -90899688
19977865 -90610225
20520199 -90319517
21060952 -90027563
21600124 -89734363
22137715 -89439917
22673724 -89144224
23208152 -88847286
23741000 -88549102
24272265 -88249671
24801950 -87948995
25330053 -87647072
25856576 -87343903
26381517 -87039489
26904876 -86733828
27426655 -86426921
27946852 -86118768
28465468 -85809370
28982503 -85498725
29497957 -85186834
30011830 -84873697
30524121 -84559314
31034831 -84243685
31543960 -83926809
32051507 -83608688
32557474 -83289321
33061859 -82968708
33564663 -82646848
34065886 -82323743
34565528 -81999392
35063588 -81673794
35560067 -81346951
36054965 -81018861
36548282 -80689525
37040017 -80358944
37530172 -80027116
38018745 -79694042
38505737 -79359722
38991147 -79024157
39474977 -78687345
39957225 -78349287
40437892 -78009983
40916978 -77669433
41394483 -77327636
41870406 -76984594
42344748 -76640306
42817509 -76294772
43288689 -75947992
43758287 -75599965
44226305 -75250693
44692741 -74900174
45157596 -74548410
45620870 -74195399
46082562 -73841143
46542673 -73485640
47001203 -73128891
47458152 -72770897
47913520 -72411656
48367306 -72051169
48819512 -71689436
49270136 -71326457
49719178 -70962232
50166640 -70596761
50612520 -70230044
51056820 -69862081
51499537 -69492872
51940674 -69122417
52380230 -68750715
52818204 -68377768
53254597 -68003575
53689409 -67628135
54122640 -67251450
54554289 -66873518
54984357 -66494341
55412844 -66113917
55839750 -65732248
56265075 -65349332
56688818 -64965170
57110980 -64579762
57531561 -64193108
57950561 -63805209
58367980 -63416063
58783817 -63025671
59198073 -62634033
59610748 -62241148
60021842 -61847018
60431354 -61451642
60839286 -61055020
61245636 -60657152
61650404 -60258037
62053592 -59857677
62455199 -59456071
62855224 -59053218
63253668 -58649120
63650531 -58243775
64045812 -57837184
64439513 -57429348
64831632 -57020265
65222170 -56609936
65611126 -56198361
65998502 -55785541
66384296 -55371474
66768509 -54956161
67151141 -54539602
67532192 -54121797
67911661 -53702746
68289549 -53282448
68665856 -52860905
69040582 -52438116
69413727 -52014081
69785290 -51588799
70155272 -51162272
70523673 -50734498
70890493 -50305479
71255732 -49875213
71619389 -49443702
71981465 -49010944
72341960 -48576941
72700874 -48141691
73058206 -47705195
73413958 -47267453
73768128 -46828465
74120716 -46388231
74471724 -45946751
74821150 -45504025
75168996 -45060053
75515260 -44614835
75859942 -44168371
76203044 -43720661
76544564 -43271705
76884504 -42821502
77222861 -42370054
77559638 -41917360
77894834 -41463419
78228448 -41008233
78560481 -40551800
78890933 -40094121
79219804 -39635197
79547093 -39175026
79872801 -38713609
80196928 -38250947
80519474 -37787038
80840439 -37321883
81159822 -36855482
81477624 -36387835
81793845 -35918942
82108485 -35448803
82421543 -34977418
82733021 -34504786
83042917 -34030909
83351232 -33555786
83657965 -33079417
83963118 -32601801
84266689 -32122940
84568679 -31642832
84869088 -31161479
85167916 -30678879
85465162 -30195034
85760827 -29709942
86054911 -29223604
86347414 -28736021
86638336 -28247191
86927676 -27757115
87215435 -27265793
87501613 -26773225
87786210 -26279411
88069225 -25784351
88350660 -25288045
88630513 -24790493
88908784 -24291695
89185475 -23791650
89460585 -23290360
89734113 -22787824
90006060 -22284041
90276426 -21779013
90545210 -21272738
90812414 -20765218
91078036 -20256451
91342077 -19746439
91604536 -19235180
91865415 -18722675
92124712 -18208924
92382428 -17693928
92638563 -17177685
92893117 -16660196
93146089 -16141461
93397481 -15621480
93647291 -15100253
93895519 -14577780
94142167 -14054061
94387233 -13529095
94630719 -13002884
94872623 -12475427
95112945 -11946723
95351687 -11416774
95588847 -10885579
95824426 -10353137
96058424 -9819450
96290841 -9284516
96521677 -8748336
96750931 -8210911
96978604 -7672239
97204696 -7132321
97429206 -6591157
97652136 -6048747
97873484 -5505091
98093251 -4960189
98311437 -4414041
98528041 -3866647
98743065 -3318007
98956507 -2768121
99168368 -2216989
99378648 -1664611
99587346 -1110986
99794463 -556116
