9
-480804497
-994933452
-197059003
-919275082
-872574360
-111868372
-801857049
-131722896
-646250626
-372267740
-119409333
-480321969
-928147888
-839948183
-489274057
-462399430
-99012966
-469419533
-156976569
-919757610
-169290132
-539735029
-327328000
-909911278
-917766310
-534525322
-561542523
-126341692
-742926517
-347412842
-513031899
-32709930
-942621208
-733080185
-279335661
-879506719
-577473762
-219922601
-142755459
-954851018
-464390730
-775010851
-627666086
-556953865
-490168301
-875835644
-248617031
-176662636
-582726346
-59556128
-629657386
-547107533
-261853267
-40082434
-66928632
-441962187
-469940391
-482044621
-701824154
-593769925
-845117014
-559862748
-450085867
-541726329
-799865749
-370276440
-636886822
-521983987
-144264231
-989552248
-288699465
-189686499
-295100598
-894420184
-807238253
-510022825
-557388920
-862024325
-254480763
-415115989
-527505219
-526984361
-825643320
-773162619
-392122264
-93631762
-216913527
-32227402
-184203597
-34701230
-897911786
-956842318
-212550097
-468092159
-854651821
-602811188
-480053321
-402986370
-428009725
-644259326
-818270816
-138571502
-591947082
-133714196
-124350392
-883208148
-449334691
-404977670
-406825902
-494756959
-395613866
-852660521
-888065454
-742443989
-77649670
-91640462
-136580202
-435864757
-850498218
-527152818
-445228561
-7372504
-884887923
-412207106
-832575679
-319955496
-676969256
-462047029
-550016416
-189203971
-568915027
-263844567
-593938382
-549098833
-187212671
-76149368
-474672117
-358046630
-483892853
-599319586
-635038590
-787866257
-787383729
-360037930
-443237261
-962706050
-437373529
-430001025
-843125714
-153799038
-584406121
-345421542
-785392429
-325336700
-410527331
-494274431
-446908336
-566923727
-516602783
-241768425
-85022174
-221913901
-211049795
-524993061
-554962565
-514611483
-378131472
-829314395
-785874957
-591778625
-437062004
-807720781
-87013474
-818102359
-964697350
-474940765
-439053304
-444917036
-748307721
-460055729
-817084585
-784374655
-559380220
-964214822
-663733020
-113716604
-810729855
-369258666
-52312244
-405146127
-404834602
-671105524
-632029516
-972069854
-325819228
-616801980
-79158442
-579465062
-852177993
-572092558
-581808763
-777002151
-300481802
-54303544
-109877072
-77167142
-246625731
-760537531
-860344550
-528832593
-71785938
-187695199
-740935217
-514128955
-572444959
-820262116
-455198423
-221770833
-394596092
-525161518
-176974161
-551696191
-735071485
-167610357
-460719655
-203677291
-502650321
-386741060
-626648312
-710216587
-523975287
-612174992
-626165784
-234395921
-437544532
-669596752
-944612508
-970078554
-448094567
-243759725
-467428233
-624657012
-886879223
-920775384
-536869023
-101486794
-927130114
-780011225
-169601657
-852972046
-457458371
-482313269
-549581361
-333191732
-696442950
-412518631
-634020816
-937368624
-119097808
-559551223
-108859298
-350674126
-812721155
-471931691
-547590061
-507650695
-417459690
-925138814
-435382229
-500138163
-472949465
-151807738
-439970887
-951985012
-717589091
-750299021
-905284290
-281326961
-602328660
-42073734
-930139188
-477312895
-514880131
-996924752
-517620557
-863210556
-110045529
-671588052
-584717646
-694451650
-462710955
-592090150
-214541397
-846796789
-931987420
-715597791
-66785564
-561059995
-491265357
-209058495
-519611857
-897429258
-134900427
-649511910
-201685991
-44939740
-596947456
-469771934
-186194897
-795238761
-939359924
-762528831
-9363804
-424479793
-502129463
-178653936
-145944006
-195067703
-858353250
-286708165
-424832194
-317964196
-143952706
-181831467
-449817219
-502167793
-532534022
-887047680
-539466381
-624174484
-834566979
-610183692
-417107289
-218904827
-885056380
-338049038
-821941891
-638878122
-397605166
-384749760
-508747751
-179840167
-68776864
-457189723
-178822393
-79640970
-484910627
-327810528
-496786589
-112036829
-890056754
-394113564
-516120255
-782383355
-895920486
-506756451
-865201856
-470083459
-229143337
-827323095
-1991300
-841939483
-488177001
-590098850
-171281432
-809229553
-570101258
-870583060
-57564828
-656884414
-121089108
-399977296
-46931040
-209541023
-431680800
-104495868
-678960556
-117418033
-361886162
-552007716
-419450990
-604802488
-223762133
-136891727
-917283782
-529496519
-903292990
-34218702
-504159093
-567235252
-372750268
-302473102
-815093285
-370758968
-515023199
-447343391
-146426534
-877515419
-492283131
-367267366
-362903936
-854169293
-579817463
-877826944
-26846198
-482795797
-352665426
-144746759
-99495494
-669114224
-852489518
-380122772
-24854898
-174982861
-437856057
-534877723
-150127963
-422488493
-819950591
-922766684
-111725304
-574436259
-885199448
-64937332
-176831093
-231134637
-69794638
-101004266
-335183032
-755156327
-618793280
-860033025
-401968596
-541457681
-534213797
-703815454
-516871431
-820093659
-765790115
-661741720
-892428884
-340040338
-987560948
-548830185
-455467071
-142272931
-255989535
-962223522
-778019925
-154985269
-536205097
-253998235
-524243935
-512014125
-740452689
-637029890
-949993712
-102504568
-753165027
-472680817
-106867998
-546838885
-526841293
-793247461
-414198406
-929996120
-211532323
-505659395
-895437958
-471763234
-494795289
-74158068
-479304195
-486901927
-364895236
-557871448
-392604792
-152119263
-504641621
-256472063
-586397421
-403154827
-565243952
-651503210
-359894862
-492765659
-447825919
-481901553
-708225287
-559068695
-601310886
-236387221
-522252635
-426823494
-850980746
-293109298
-144435234
-767781415
-809712081
-439535832
-594956156
-775153919
-164349073
-162357773
-844805489
-658875714
-827634620
0
-429689500
-604319960
-911902578
-553687491
