10
448457914
-549190650
436745565
-272871
-985561449
-963098155
-424595509
-528933254
974029614
10532310
-951002335
-511007393
36250230
23294901
952721976
505683821
-950419432
457002961
-982010676
536214673
-412877911
3356521
-559621065
-528360501
539465564
-468613415
-11333848
-22463294
3041240
960222030
-536428059
-433392779
545347872
426456710
-976428250
959333996
447302258
557789933
435127819
-400199188
11129446
25819815
-18518621
438441930
965169286
438898771
952139073
-445582617
-19425789
-436449418
4674385
-470546442
-22403809
950221445
433494674
426724332
950521327
4401514
-14000322
545920625
996745131
-545245977
-433708060
517002270
-11018567
1419759
12169190
-536700930
32680323
-9705952
975647360
-558891353
-3569907
955384715
525625936
-491522119
-503964180
-438082563
-12703106
-13275859
422905937
535326639
558677967
446524887
-983628422
6986786
-965697953
-427825752
10075469
936413861
-942346625
-505581926
538877412
-8088206
532669149
425999869
-488544099
-425892725
-435341205
456687680
526214088
-964809919
-515015007
951251039
-951464425
-3270025
410731498
439802204
-983943703
-434753053
468400029
12489720
-522782683
5562419
988089421
1992512
510205855
13330095
415405883
973709084
-458912712
2011646
20257396
457575714
-436370799
401918829
-539678950
-425319972
-927971537
515957277
-513397261
-10745696
526786841
512406504
439486923
-928859571
-413450664
-22148013
-455856073
-38396643
30017584
527243682
-967772540
537832419
-521753089
-558576072
965626127
950206046
537264915
-536433308
20830149
-402132215
-977016402
-457216347
-998891544
-36463616
-21043535
-945897398
-951322865
10556693
-975083375
-459957705
22249908
951833942
523472730
13645376
944639019
966529560
433767545
26549527
-424280228
-22088528
-458834093
-521164937
9487317
449187626
492926479
-11906601
512868594
-21575260
-976443649
-425625103
931308924
417911663
967102313
15263122
941009627
-449700894
513772027
439214052
437281025
939964634
-10770079
-952940611
-447767867
972096587
-416192022
434082826
-972309973
18620516
35520518
-28695940
-1617746
-3250891
11120462
538420571
-967315699
-9973574
513756628
-416507303
546965618
-427258248
8142442
558362686
512727034
-11658113
949176452
929375897
-455283320
6019260
-7200172
-449401012
536219922
-513970014
-962053162
-527315508
4086233
-535545274
-418125049
960951742
974281837
-21358816
-423692076
-4299619
-989190841
412664525
-536112778
-401244181
-524715710
-512619890
-950734713
-938560274
-961480409
-417237015
501009436
535647169
425411717
964581134
996172378
461362065
436157413
437869177
440831798
-427252999
-10288855
-8812669
402963822
939076600
-929589283
411619532
-5187653
12738208
-470231161
489948459
-438067164
1423494
-512036987
24912647
11105063
-974243000
528719868
-952367858
-14320852
537259666
449502907
9187435
-953397452
511250848
-986685061
-952052577
-537473052
-959090541
450532501
543987598
-982583429
447869762
417338910
17260242
-1636880
-439112157
-988302807
-447200363
-451334039
-501795575
-10430415
-520708096
-930477317
-27650947
953451688
-449716293
831607
455069934
974602367
-514552917
-12951594
521839585
436824184
-502840568
-559936346
502705801
404581568
18305235
-414495657
-545561258
-461890732
-959547382
488330713
953184066
-461575451
437853778
-13858762
-4614900
-472164188
-961165128
527558963
-516170663
972984621
529176709
416293917
-513268
-498244802
-926926544
524502324
-449128141
-403177208
424382123
-424007357
-439700309
964896415
448142633
-2146413
987044428
-512052386
951566320
8919813
965941408
511839000
-529390095
19193269
-966427665
974597118
16687489
-515282629
982370043
524580943
9492566
975642111
995127385
976230263
974297236
-426208006
15719963
988404702
-520119944
489375706
447554481
-972882726
504638828
-560509099
945684012
559407679
-473209181
-976128368
953766969
-435913958
535899392
965484567
-526412075
460317072
12174439
-440015590
454024941
-425325221
434812538
560295713
-434437772
-958502389
-433980931
2468487
13062473
-12387825
960494901
-964221767
-943964371
536802825
-514558166
-513081980
-27078194
-433408178
-500907541
-528045220
-441633336
-34845870
11444727
-1633145
-960708287
-504536933
-23193006
-951007584
-973198007
-410944884
-14588474
-526727356
952154472
-538045805
-11925735
428657359
9511700
977848009
436236032
-489589092
36565511
458620707
-432363185
526513970
-527772349
-980965683
-537745923
-2662739
13057224
-955598101
-974495223
-538633957
-6232646
432149799
-1101420
514339531
-938244993
315281
950788949
-437037570
34632484
547044237
11712349
-542583238
-528667
11693215
299882
447875011
525090476
-990235834
-524794329
966214279
-35418623
-940178020
-984516456
-492094872
21875142
399985802
463295092
-16521501
-13270610
516326
527102122
402648541
-548875369
535331888
-500177829
-535083184
-448356019
35205237
-556958326
433194792
527831834
510794007
-37351650
972664091
427612366
506256574
-412562630
523157449
963551540
-462463485
-440588343
445941984
445936735
498031416
930263931
-971264980
-404794954
-14315603
953772218
-973927719
-14903755
11124197
977259857
-432820026
534869798
990022448
974869989
-446738273
998105405
-960135534
-423707475
-9400821
515389773
-522641123
421860944
-3254626
985426682
942133239
-527000227
412349244
-974510622
-20530267
-535860555
962884769
-512625139
507301567
-551853389
446257265
-987573095
-527457068
-561554092
944066266
983415036
14102217
-522325842
-942919378
514344780
-965839513
528131716
-539090798
-431775033
-972877477
549706976
-4158059
418956656
-510419241
-17788909
-936627247
985348063
975185270
-14888356
448599474
-521737690
6607412
414282271
975326830
-32163997
-415619269
-425640502
-448671300
961839776
-471591435
-493139865
-523370835
424061593
-537478301
998678158
-558003319
-17473628
14674970
-32893709
522112456
-535540025
-424737069
34613350
-534495032
-422074330
438169059
-544516265
550022257
548089230
10537559
-12382576
-506469960
951839191
-511464234
-939605267
952727225
522427737
-423119323
-949846679
-3842778
-439427438
981797290
12741943
513456746
-23508287
-962068561
-543628231
499649162
-523686116
-490161845
928646185
-19406655
525169095
9760188
-20451648
926713158
-952352459
-928544290
-952620081
-507514953
-524258869
1933027
448920004
-6155179
-11318449
490993452
-944279652
-499289795
22190423
-5775805
501582189
-526427474
-975860746
-974815753
-996958517
23867654
-446150121
963472921
971051594
470017775
-1558261
982685324
519906558
-22976562
-24021555
-952047328
927758151
523457331
-549920362
-440000191
14375088
512411753
-419170042
980752297
-975398656
-490477126
-403749961
-973465629
-414574276
-953665074
17575523
7559539
-538061204
499076409
-36778897
929691178
-437494411
-950434831
-24081040
-444537624
-434296212
513451497
459744319
31635330
556744940
-985640068
-20470782
-18833902
435112420
31062577
-12970728
-517215656
23808169
-213386
455957968
-533927528
542369852
-978061395
24931781
997060412
-5203052
22763176
-435325806
-424274979
7554290
-15933349
444324238
984303070
-463508478
5941793
-525382481
503750794
937458854
-426937718
-446155370
22979620
440374957
-968360692
-456171354
-426213255
33568357
962963388
423494089
-729712
9172036
433179393
460632353
21934627
-525303862
-529978247
10805181
4989666
986471675
-975540216
2449353
-949389838
445369231
434224386
414360890
424523683
537847818
-402861927
-446470651
28482554
537532537
521524304
-550808396
12757342
543414845
19212403
-447515644
-2681873
-417552296
-9133199
424838964
401603548
-501222822
522569297
545032591
-547179004
-995340771
-532882535
25504534
-456901066
425679339
548977264
-534500281
-30230970
551640003
-513985413
471378049
-931522310
14107466
1404360
967559154
59485
449487508
439786805
938346888
491881486
961855175
966514161
-450289046
-954553108
928330904
-7767676
502627182
0
951109479
-2205898
446981728
973252243
943021273
521539703
-401816934
-515603159
-457789100
-502919187
-504852214
-528345102
-965382672
-438655316
-471276154
-33781743
-25145167
942705992
534602176
-8817918
529764861
4974267
-512940420
-944852405
952406695
962427928
-544200984
33587491
425111835
535914791
-9700703
-588152
-411517637
976803016
432606640
-411832918
983730317
-422662482
15642496
-525839322
-961753280
561340706
504323547
-8355828
-4887771
491308733
427044862
-12363442
511823601
472995795
-960435416
-941301632
-522052971
-2225032
8604532
958289003
-514237636
-425052350
413237278
960810182
3037505
-7772925
-16900875
471950802
-998003510
528147115
-9725086
961267023
514801621
514024250
-26762913
550595010
3056639
7874820
-998318791
-975855497
-977473243
16308115
959906749
515384524
-952935362
959922148
434539667
-939289986
-999936537
-988618088
447569880
-523097964
-943234659
-15476508
21145430
-11342832
409686505
-448088397
-1044993
455642687
-963176774
451120653
-33208990
38183257
-512352268
13786936
-953980355
425106586
513183875
411304251
415978636
526198689
-505897207
441419950
431561647
-436958951
401030795
-987257814
-447195114
-454238327
374766
31950611
471062768
-25126033
-537157771
-26033201
-9385422
888034
499964443
-965109801
976214864
423793971
427039613
424066842
968147306
422449096
-966742946
-961023568
975914982
-997273798
27437561
-937672240
-547257623
972669340
403536575
-966154794
-1317864
-996385764
-409899891
448914755
544302879
-960120135
-469658408
-10750945
941088246
-438382445
10217029
-963686307
-460530458
515069243
999723151
961539894
-523670717
-966727547
14690369
954339722
-460845739
-34826736
461677346
-513670132
20238262
23886788
-31848716
-964794520
536487544
32995604
548661983
939391881
21361874
-447783266
417023629
-11337583
-25717920
-537016211
-428870745
446986977
938031607
948588300
438757211
522884578
-12955329
-426670096
20316881
-948801686
524045483
958877155
-536128177
949633293
-499862548
-953985604
450075660
-941223013
-31275963
-35733904
943750985
536944385
12150056
-963764926
425427116
-550235643
-515597910
-448812860
-973922470
423478690
462250099
-534815562
559722960
-513664883
-449133390
-441045184
987359709
500694155
1104478
-951779706
26864808
-491206838
37138264
-6820798
534281646
950794198
-15855882
1344875
-962641314
-974810504
-13543481
-929904564
-448083148
997790124
964596533
470333056
425994620
3629392
-450745887
435700572
-33800877
512138882
3944673
-982898710
490263740
-438970597
-546134011
520494710
-548302616
-24100174
8599283
-435025924
973714333
520951551
988977455
533714142
505368540
469445022
964008381
534286895
458699326
