10
784459611
762409038
931426468
774343068
49015749
908851725
724582902
805599685
942606534
943706457
246853775
722572925
241278931
88358023
238412612
32537313
249421452
785523134
255292068
39836113
730157746
221760080
11008840
221657702
734645288
271589094
749535394
766119078
956134326
793596170
215491910
945125486
51333168
210648862
762165457
740434790
243117327
730908840
760682567
64788605
226777224
24988447
207155995
251696823
87251423
791209903
796643899
763334228
987035437
208853543
68281472
71023245
46927095
988942681
28656047
764907230
49940939
238169031
721841129
246121979
40761303
83758556
236951535
261457860
787361530
761170782
809448058
229101320
956510616
762339553
227528318
946608376
239268954
964033266
953503449
231620272
247960375
48834339
235670839
55181541
51882068
729914165
907857050
786254930
736941923
237611968
960115408
229344901
959078293
953837691
963851856
759263538
230451501
213696591
960003483
918753965
999951521
941765328
916081040
749604879
59945557
88601604
943956715
979806122
54826035
225496528
243005402
948069453
957617216
742161261
242385531
757051367
81085631
253941887
771691407
947825872
765901905
12560578
57456912
211643537
792044432
259516731
48660243
996215073
744761831
21251999
959190218
759507119
50601372
795537299
214316462
43434228
982192389
981713366
781035592
733581765
976514812
52613864
262876889
235044291
956760874
236839610
958458422
282709859
951674245
35997287
742273186
46113830
772067697
15851888
218915929
793527322
720734529
778191441
745687021
736698342
60837854
971262581
56350312
214072881
28412466
92094471
928997124
47039020
951186030
967414208
47108505
243255660
11077688
944333005
236261787
55994806
985206233
264359779
733650613
764350167
800868562
927578095
765387282
59669083
805711610
239337802
55618516
54693326
37756651
727415973
919929413
14745288
37268436
922602338
16297026
243846608
755839519
68525053
780680086
234320658
218164835
796531974
936190484
780759118
977864993
967526133
234676164
275368619
925148751
83870481
936545990
742194154
790103303
946274134
777299144
233944368
208741618
763446153
911237992
23569418
755770671
48389201
791800851
920661209
206912414
726065792
770962126
267852646
921655884
79533893
948618353
731152421
258033841
274262019
791688926
753271842
222764302
987523652
230201243
995108473
250172546
45167376
776943638
967802607
765763572
780792011
951291278
44540828
981357860
194239911
23812999
985449814
77704689
80022108
53608539
758603105
232837768
980363185
735000794
940282438
43546153
219192403
949106568
915086365
741917680
724514054
916192965
789747797
67286797
199082959
740923005
981601441
920305703
729802240
766013830
43684486
87363348
23081203
8691421
251341317
242761821
44060776
748498279
45097891
44985966
726309373
784528459
760787815
927445386
948181378
17647207
764106586
223007883
70954397
962926666
232108487
206355351
766007153
249065946
263365104
257790260
801112143
937540665
734757213
233832443
47282601
790854397
55069616
33531988
206424199
952774168
729357102
13910759
17403626
239519212
91099796
39766628
269793775
230270091
759953286
18238155
199194884
231996562
43817195
270149281
956405368
242629112
984099633
777187219
4843048
944881905
754754732
939001742
987390943
983542570
54337820
206800489
939113667
936434065
59843179
796887480
972645655
226421718
79645818
212589991
924154076
717353587
725689502
219159510
746009634
935162916
44172701
235113139
952843016
233103162
936269516
213584666
943601209
3736448
745930602
225608453
731743369
961110083
83514975
769855526
74690845
52501939
26929576
926095205
247604869
756939442
75797445
77349183
728250502
751261865
254020919
50844953
52508616
238780739
48903824
979874970
36099665
737318213
927933601
69013268
63793930
971539055
758846686
798370370
234564239
39592532
265306233
242273606
745766053
231752981
735591742
951117182
237786064
56245064
978455941
955778820
278861486
7341240
754998313
268208152
36273761
749778975
34749484
268687175
227883824
966419533
764462092
231376691
789859722
47665568
950344824
948549505
215423062
61193360
788196059
773417878
758672590
252914319
209097124
773450771
731264346
788307984
72017920
217921254
916436546
737074632
982547895
955890745
912588173
246610194
208262595
244841283
282953440
16652532
936513097
254185468
759619044
244953208
238537158
239998235
931314543
277754886
67174872
92449977
726421298
62410856
911349917
958346497
974963074
923353432
942850115
912700098
955410693
27661372
222652377
794946351
936157591
244112002
42599699
748610204
988873833
199571174
241348416
204414222
716998081
774454993
194351836
746042527
60024589
19344755
768574830
67530378
756104913
951917826
918510384
769750278
947693163
43328980
768686755
985094308
258784935
223040776
20076551
785635059
953858955
943844790
758046042
932697617
230339576
763689734
74802770
19588336
918865890
23436709
954965555
782142192
720846454
921412303
202575826
50184520
83026760
757322409
270525571
973021945
983298989
271944600
63517456
48277276
759597780
947337657
207907089
778293819
205005170
52125649
12804159
281603259
54449745
992366700
792795526
787952478
949350149
241836631
210580014
75866293
217433039
772179622
962194870
756946119
798439218
32260839
722084710
990883810
964846531
32504420
52396691
259140441
44609676
744659453
956267035
233694110
904008677
9067711
760544234
953949616
18593661
954193197
235601354
931670049
729425950
967690682
47553643
245573079
27417791
968694904
40873228
193996330
15920736
27305866
226533643
50775468
82032085
964958456
728006921
960184893
794590845
954853630
725577577
996458654
907745125
777266251
237542483
22086528
59912664
965202037
991615606
58674408
76242583
753453252
213940172
957351822
766257411
84934004
717241662
972533730
722196635
234187949
57344987
58917989
911593498
800756637
916569255
274018438
740811080
976026597
754266517
37380361
793039107
286446307
202687751
773174297
960253741
270594419
241460341
246498269
916924761
83382266
240332477
802218743
277866811
967447101
86875133
250528052
757189700
919860565
962571160
946342982
947199324
72506135
773348393
79290312
755110238
241104835
12072363
84865156
228989395
921767809
758491180
793151032
956622541
265194308
932664724
53677387
273530223
63682005
976382103
991372025
34993065
263009598
205248751
49829014
243012079
95942844
992722206
782030267
268096227
41605024
754378442
765630863
761538909
232768920
42334305
927089880
991260100
913076388
46092566
785878640
245329498
978811447
277378596
762999986
236596029
766848359
266369756
942494609
800380347
761414363
731855294
925260676
758114890
43190647
72373426
269042681
14501707
56176216
32425388
21140074
203064041
922246832
728362427
217809329
263253179
246748527
208150670
18350080
222685270
718348262
791097978
761782490
935265294
753202994
64686227
20145399
7584821
960358989
282597934
927821676
760432309
235844935
761894415
967769714
915017517
248689656
262521383
943775305
753829542
757677915
254297393
238057106
250416127
81441137
752103071
950456749
87606929
214428387
19700261
975031922
797375695
950935772
37024855
738493661
751991146
41116809
959627193
950101243
257678335
53343145
762270705
278110392
63438424
763111911
767113753
52752197
240444402
948994643
201581151
49494772
253908994
275437467
930938253
987147362
947449582
198088284
976870318
31154239
982304314
953615374
36030180
789371507
63761037
12427869
259028516
748254698
12916084
786366855
250449020
255189690
736586417
38485932
797263770
762520963
940108342
765275357
3848373
266857971
971183549
228260114
804605010
56106731
733205475
81197556
963954234
235489429
88713529
92206396
753341327
754622023
945501776
67253904
976758393
763355492
234049616
774698574
257757367
920417628
219271435
952397878
268799100
202931332
961465589
963921341
777022670
721090035
201512303
58186193
245196789
250346642
241905479
49606697
789302659
922358757
7229315
769681430
47177353
732849969
39697780
752346652
203419547
968797282
40324328
226603128
3492867
952042372
776910745
50956878
225252947
944769980
972290149
279216992
264950727
772423203
23924924
32181807
270037356
983654495
907501544
749502501
72749716
938758161
980606766
767182601
45758324
76598089
46336147
932776649
78295637
251453242
209848218
782518482
38841438
747037202
941033532
231264766
45341472
987767233
198839378
753097746
952912501
923708938
749423469
957686064
764280682
210203724
947554830
73856316
949767001
0
237430558
233937691
924085228
978699522
916812836
984030785
955341845
261526708
52258358
951562320
992610281
956517293
237680816
224035451
28767972
46001905
76354508
35104990
801863237
732098875
958834712
963677760
41493099
57101406
986040762
775916070
802106818
211755462
741166586
78183712
17759132
31256617
8579496
49850278
958702003
42265457
987879158
738424813
240110160
794702770
249177871
952668920
953024426
43440905
757565990
947442905
756834194
60949779
954610049
254264500
41249518
271701019
247848450
14857213
48765491
945613701
197732778
769500020
266300908
769611945
928928276
16408951
245685004
996103148
39948038
756695861
78539218
274373944
797020189
236505368
242900154
962683085
51770143
713505214
197844703
24919599
950010582
939926932
51402016
952285953
205360676
737430138
80090956
246679679
83138685
239407287
770606620
745654128
750530069
21495580
940038857
210091799
35918255
227771899
759841361
195346511
805955191
240687983
8335915
786011349
768331249
222928851
211999043
203307622
954784145
273642148
917919436
28688940
236617293
23193128
767954959
725933083
750773650
923597013
912344592
58562483
949176053
12184288
48033695
230827791
941277113
38597857
47909149
279105067
961353664
32148914
190503463
244180850
230095995
950122507
63405531
238892664
733093550
781786686
266746046
46448072
272535548
925504257
240353741
72129845
927201805
267101552
68636978
940005964
262633308
980251260
770850201
945258195
273885729
226500750
976138522
750885575
951047697
769123730
932421143
767843034
773529803
77592764
761058857
764838382
971295474
239163706
941389038
74447264
768198540
72861641
760613719
