8
1410
988
1891
468
1689
-204
891
520
454
246
-217
1358
1159
2188
2341
771
1590
2058
890
784
-185
1443
1438
909
-255
969
918
1128
1392
402
-736
2407
1008
852
2157
1390
839
-499
507
1187
191
1489
-315
1660
-31
1206
1609
2875
1234
1239
200
218
1021
252
-97
639
1340
1656
732
-949
1405
1221
265
1201
2328
441
251
956
1707
210
1577
1076
1359
20
223
-27
2425
2359
-13
404
975
2565
903
-18
1122
470
-468
1140
719
2064
-547
1926
942
-565
1377
681
158
1182
-79
-237
384
872
2115
204
1192
1642
1109
2045
955
1127
-46
678
626
501
1141
938
1702
1458
1179
-718
2796
738
422
1476
1219
1608
2128
673
1252
2170
660
1669
1596
2583
2110
488
2625
1906
270
33
1425
1471
1372
1887
-268
140
-486
-84
701
691
3046
0
-936
1647
641
-328
1614
1629
1957
1627
-765
1406
957
-297
39
1637
1146
483
2077
213
371
-552
417
423
1821
659
1944
437
654
1874
714
720
-250
436
1860
951
-1015
751
621
970
1353
1371
1595
1200
450
264
2175
435
2638
-705
1827
1720
2412
3033
-1186
-723
733
1873
-198
171
231
1808
1437
2862
2596
1424
-481
922
502
-1173
2394
2346
1878
668
1456
1939
-1002
-33
1840
455
-534
2809
1089
2578
233
-310
1650
283
1893
904
153
1188
1169
52
-14
-778
389
672
1419
885
2097
489
1423
-66
608
905
