9
-2026
418
-479
129
-85
-686
-526
-1318
-232
-2615
717
477
636
1267
-798
-820
-1541
158
-220
1426
-1352
-853
-2627
-1276
1139
-1635
-358
-638
808
-1283
446
-67
-36
316
-1188
-1657
-225
-1312
-150
-540
-1778
-1148
-665
6
-1777
728
472
-366
-398
-1482
-703
-1053
-663
441
837
-1526
-1813
-315
-1666
-521
-1029
1390
-674
-1505
-1484
624
1095
262
-384
35
759
11
-614
-823
-1027
-791
-6
-1122
-1502
-1818
-1661
-533
-343
501
258
-234
-962
-1753
-947
-1801
-668
-1676
-1200
-1648
-238
-857
-1075
-1917
137
-697
589
-192
-1036
14
666
251
-973
-27
-2463
-2579
-1985
-827
593
-237
-1323
-828
-354
-1742
-231
-2586
-1198
-48
595
-369
-190
-401
-1683
-1948
610
-266
-507
-350
-904
1262
1303
-351
-1637
735
724
582
594
-498
-2149
-2444
-1025
-1189
-2019
-781
1431
170
-809
-802
-1377
323
-74
-489
-380
-244
972
-1039
-531
2
673
-1347
-1913
-1664
-689
-524
465
-1328
-966
345
796
181
-515
-363
-1153
-551
-533
87
-129
-391
-1782
924
-1806
468
-197
151
-2120
144
-171
-362
-1990
1274
-1311
28
-693
1397
-1080
-372
-1790
-800
-481
-833
9
352
-980
466
-691
-832
-121
-37
-645
311
-952
-700
-1669
-658
-1862
-715
-367
-322
-273
-2456
-1649
-160
-805
-679
-136
146
128
-1087
-153
-356
-510
-999
-793
-850
-18
-1794
-336
-675
-1326
560
-1614
-1224
-29
-2750
801
965
-389
-223
-958
-951
293
-955
571
600
-155
-109
-500
437
-249
-1046
-981
1132
-923
-1159
-78
459
-864
-816
-2284
-199
953
629
-242
-491
-874
830
-1783
-656
-1784
-1193
-522
-835
-7
-1475
-1171
-862
139
-1792
603
-1164
-1305
-216
-2451
-1104
-1162
286
-1018
-945
-1625
436
480
-1978
453
-1458
-1607
-911
-1493
313
-1210
134
-1690
-1115
448
-325
-1217
-13
-485
-817
98
0
-2142
-327
-1512
-25
-1060
-1855
494
931
-377
553
1438
-916
-360
-457
1088
-1287
-988
-41
-997
-1324
302
-373
-544
-704
1419
-1771
-957
-514
-2620
-1111
-1183
-656
960
-1642
588
-1825
430
-346
-987
188
-621
-1034
-2743
-202
-568
-855
-1182
-1654
612
-339
-365
-1160
-1628
-474
-278
-503
-2321
-838
-1294
-682
1255
-812
-1789
-708
470
-1618
789
116
-20
-102
123
-1333
135
-1447
-2154
330
-990
337
-201
-969
-357
-387
-867
-829
-1152
-1340
-1370
617
-1799
-1335
-732
-1534
-1495
-1749
-710
-1491
21
127
-1630
-1626
605
105
564
-2161
-408
163
-976
-208
-826
-2485
-846
460
-1316
-698
-227
-2328
94
-162
-30
-1941
-839
-361
-1760
475
-739
-831
-285
-1191
-1176
487
-788
-1169
-209
-992
425
-964
-1195
-143
-649
306
-114
-843
-496
122
-1440
-1068
-213
752
-492
269
-334
-1519
-1359
-2277
4
-1203
-2492
-1451
-1655
-332
-1906
439
1561
-1997
-1
-486
-667
-1924
-1141
-575
429
295
601
-1659
-1619
-1500
1296
-164
-822
304
-2608
-2113
-450
-1317
-824
1554
-940
-396
