10
720
903
-534
-832
-2044
-1239
-440
-1253
956
-885
1343
426
665
1089
-370
759
917
-1127
733
-164
-56
199
-737
808
863
848
-330
884
-450
1858
-1218
609
-1196
589
-1215
-187
737
-979
93
-255
130
129
1548
-353
-702
-22
902
-428
611
-757
-171
19
389
352
59
773
-1752
422
315
-609
473
-426
-191
885
-612
-1474
532
-403
-534
662
825
-959
844
610
-736
-381
-226
-501
-335
383
-1193
1933
-1683
514
-132
292
166
390
-366
337
-36
-851
658
-459
-1701
56
-1052
-108
180
-1455
184
15
-409
477
364
-182
-162
-464
352
1303
574
-295
1215
5
588
-21
-183
645
278
254
552
-440
-389
-575
-90
-1107
1218
-148
-552
-298
-1236
-829
-901
476
-460
426
-884
-720
-220
942
1016
1029
239
1349
-684
1438
-742
165
851
18
827
-808
22
-33
697
-1438
1082
-94
-241
441
698
32
58
1269
404
18
311
1363
-1268
-6
-539
-92
189
639
55
444
-96
-810
-1404
-129
755
-1489
-752
-370
-421
-131
-627
-909
-868
1414
-252
365
442
-319
1194
-1659
-1085
-994
-1330
-1030
-168
811
1010
1367
-533
-349
-1070
881
-130
-223
-353
-1257
-1734
885
51
294
476
534
185
189
343
-32
-825
-18
-609
922
1637
112
-569
-1712
-792
833
474
-696
329
-756
867
351
217
-923
1140
-259
238
203
-1048
1071
-154
289
-93
55
514
556
-19
-1093
624
-204
66
-55
-1475
0
536
110
129
34
-439
114
1659
-113
-1053
-242
-385
-1105
-143
422
941
-184
-758
1007
-1401
-612
366
534
418
1674
-1159
-1326
-1019
-662
-594
498
-147
328
1122
1230
125
-445
750
-645
-882
-497
1
313
-1122
163
-678
205
-1308
607
-700
696
463
90
905
1270
275
-1493
-722
996
-866
-205
936
-1326
-38
95
-797
-1142
-238
-317
-150
-1529
289
-1232
-720
-587
-1164
-504
149
-279
-405
-761
297
73
-112
-1182
-886
1130
-34
19
1144
149
-1380
243
258
774
-278
-957
-623
-906
-422
1696
-242
1108
184
-660
606
90
-2119
141
200
1289
626
973
649
-75
-1860
-648
-1127
73
679
1288
-444
-846
-327
-1178
809
-659
-1697
-477
625
-683
-242
757
1515
-2267
1329
260
-390
-371
-315
960
-111
463
-53
0
202
-93
1032
982
-1088
-429
-222
571
-811
921
-628
-844
1140
-997
88
-848
441
-153
640
366
680
55
279
-410
349
1252
-385
-518
-630
459
-186
259
-259
-1109
423
-1677
1070
-312
715
-742
-519
-78
-205
-1920
1104
-97
133
329
106
130
682
-774
-334
881
425
660
-73
699
-18
-499
-649
1417
420
1325
-130
-965
643
-1350
-738
-292
440
-537
1475
-278
-128
-849
845
-218
-588
-572
1126
-14
-703
255
221
32
35
771
1497
-1270
-574
181
-550
-663
-1071
466
-558
1141
661
699
497
-58
-60
-574
-868
1031
570
1307
1252
-1511
386
437
109
-576
-995
-352
-443
199
1066
-1416
278
550
-1290
-1275
-662
107
-1367
-1600
-521
682
-108
497
272
499
218
1491
273
115
-608
978
109
-1251
-79
-144
551
293
941
253
-1202
-1045
574
-1452
221
264
-1144
92
480
315
-107
-718
-316
-74
332
500
773
163
-465
-168
686
588
-1624
-814
-478
958
899
-497
548
127
1327
-1316
-807
-1290
-1049
664
477
-351
-973
277
-1438
-686
-241
167
1215
-56
-941
240
-515
-367
-686
918
-256
-552
-1104
-1034
-227
277
-375
144
-331
-760
219
-43
-737
372
-1067
-1327
236
-2068
585
-335
779
534
496
-349
-1675
-959
41
54
-116
-1294
1451
403
37
-274
-1460
-56
696
407
-812
-598
-1108
-165
-463
-889
56
-152
-190
-604
-424
-497
866
551
52
1065
1266
-72
-611
755
830
-941
-400
-793
-1168
621
703
-114
-535
-276
1882
-700
459
-1478
-1233
-1823
-795
386
602
167
-890
-219
112
787
423
-663
-427
995
-20
-1882
330
797
-475
-403
-407
-70
1104
-330
622
1084
-260
1714
-826
-698
241
-817
-1661
-96
-945
556
-664
40
401
-204
-404
91
992
-760
1292
254
69
-626
-353
195
-771
-1069
-78
347
412
-788
-186
348
-1637
-479
510
883
37
-608
-167
-1401
145
-1603
1090
-172
-796
-919
-1128
-391
-1252
-775
-1900
-2
15
-1033
-241
203
-831
-388
-1071
-461
-386
-316
-298
-1016
1290
107
492
1067
-606
-943
-551
-475
462
-150
-244
311
-1256
-463
-936
333
388
-373
-1515
808
-352
-42
-94
166
-24
-464
-57
923
-994
-649
440
-500
1181
-923
495
-425
-3
274
-553
-39
628
-201
-293
-501
-1276
-281
551
-724
-245
-458
-811
847
1053
-627
458
-529
-300
-482
1566
36
862
-389
56
91
-167
-593
-202
335
512
-666
1047
-19
1489
-1292
165
-514
126
-1034
500
-296
-1011
-1091
733
1050
625
-1013
-644
848
167
-480
-737
516
1734
-221
1159
-1037
144
-277
74
538
-685
1164
131
-872
1511
-919
408
700
481
737
-89
-1067
-130
4
-1146
143
-295
-572
719
566
-590
-538
-835
217
919
478
-865
-133
-301
-367
-626
-92
-652
-882
-720
1710
517
-538
-483
-1513
572
-208
-904
-407
148
348
-1103
722
723
255
242
-515
-1031
-90
-1456
907
-441
-683
1274
-850
-1345
214
-908
181
353
-237
-1845
-960
-589
257
-1553
-19
-681
830
-201
575
-223
-499
371
-1016
-313
-315
-905
-645
-446
-441
-329
-1217
223
-36
313
1106
388
-311
-774
631
311
-1896
-523
-166
16
70
-734
646
402
-557
1473
1046
-1476
718
-180
204
-885
33
235
-871
-516
296
-126
-277
663
314
-960
-1089
92
-883
685
224
-1312
-240
-4
-167
793
-682
367
774
-293
-218
704
2081
-667
-983
318
-1549
-276
859
187
-54
-351
-375
1526
-15
-255
-1181
-847
-1535
291
69
