11
2348
2054
1362
2115
-141
-66
298
397
1590
1991
996
-333
342
167
367
-656
-43
2028
1474
1261
277
2034
2514
324
1314
1122
-542
1728
2645
135
1476
1156
2809
1382
1459
478
-819
1011
-143
517
199
-221
806
-1082
1312
1361
2125
751
-974
1137
541
885
453
1659
1383
1217
717
133
274
1180
2145
2297
2057
-119
1860
1756
753
515
716
43
326
796
1373
231
664
1748
716
974
-23
1865
1190
1354
320
-490
600
1474
1737
865
1563
-617
1525
996
972
-817
137
-69
2734
2024
1793
1383
1541
1240
1614
721
575
432
616
1165
2687
1174
-155
-322
1825
-862
291
11
965
-220
-116
-909
951
91
1726
997
1130
1502
-583
1972
1350
1442
1829
156
1183
971
0
1626
1439
276
1174
-319
2097
2180
2117
2180
929
2298
50
555
1174
-1605
-434
-64
1284
1182
1549
676
1789
1868
158
166
-112
920
714
2223
779
1593
-810
1268
679
1500
1638
620
1142
-24
-707
999
-988
-520
-609
-885
1738
1616
-339
774
716
378
1539
842
366
1702
962
2740
1070
1978
3241
-376
593
45
2022
1108
1662
1347
281
143
2051
1752
1123
1471
1565
805
-598
382
129
2610
531
755
-265
2099
1915
186
498
515
2665
73
-78
992
844
-1104
284
827
1308
113
2237
-41
-139
2742
2168
734
1286
721
1050
1814
3164
568
1072
1073
568
1308
872
1958
-550
951
752
2020
1153
1270
583
1259
777
1693
213
389
99
436
-461
1041
872
-268
1243
2142
57
2304
1937
67
2643
696
667
843
-607
213
-666
-410
2852
991
-1102
1892
2367
2259
1390
25
2245
276
134
169
687
2188
48
-893
730
190
1362
89
446
102
521
1537
949
1579
637
466
-108
608
1803
-894
1518
-276
214
-287
1553
1452
653
1106
1418
1088
2109
1588
533
808
1371
-668
1942
576
762
313
455
-522
803
-850
-88
327
-540
1514
1199
494
1677
1821
519
1516
1239
1462
1704
1517
257
1471
642
2464
1905
728
2093
350
531
1097
1869
-453
491
289
1048
-544
566
1739
644
-572
-222
1628
1196
885
439
-272
1107
2093
1651
-1491
1423
1387
922
942
2256
1251
268
-96
23
1139
2170
1271
1184
1971
2056
994
233
202
85
-808
1073
1462
1782
101
917
1536
-1173
1437
1020
-938
1273
1640
265
-416
-81
742
1538
1147
466
213
766
533
-390
188
971
910
507
2488
361
1349
374
663
973
-67
1528
604
645
719
255
2255
1393
707
419
533
598
2292
254
85
1347
2448
-775
1063
922
1249
69
487
2531
99
1336
256
1364
675
2626
255
332
430
610
716
-67
1152
1838
817
1127
-243
681
-398
2722
-101
1474
379
627
577
-344
1770
1242
1198
164
432
845
622
2014
767
-1094
1450
1273
917
924
1906
765
-355
1959
-29
421
1311
1448
1330
553
401
2299
1509
-496
-505
464
509
-1084
786
1977
1858
1658
-455
1185
2457
-619
-654
473
1427
1018
-591
2178
-936
906
488
1226
-18
-334
1010
629
-1139
2446
2854
1660
1590
397
1460
34
-1528
-488
1736
-1414
1125
-729
740
199
1237
1977
275
-220
1675
198
211
-228
1007
1200
1158
176
681
-495
683
575
2221
-284
1365
2541
438
293
-396
793
-187
862
1866
859
55
1291
-471
-270
1979
-554
1883
442
604
-336
-771
-738
-357
480
641
721
1105
1781
-1025
490
1628
1032
1202
2194
595
-22
1304
1640
1974
-386
1162
-263
1351
1052
119
1120
1450
1313
1308
1630
1791
1192
-353
-212
1087
1606
2411
1320
1665
-693
24
2004
917
2577
1314
-231
501
-118
831
1669
1572
-1603
34
2257
144
2292
275
845
177
631
1224
-37
2058
-597
2144
732
550
2651
758
579
90
1385
-696
-342
784
602
-153
233
10
2205
336
1451
689
1370
-619
895
1251
1547
1119
365
318
176
2624
993
-55
-130
1639
999
482
2374
1148
136
448
2313
211
489
390
1030
518
2853
988
-567
376
1927
-411
702
2066
-98
-100
1036
697
245
332
-1325
565
810
-209
-366
456
1248
1302
964
1391
1385
897
873
-297
1780
46
1892
1142
1569
1267
1272
218
854
1750
714
1969
-27
-39
743
-565
2048
-191
984
255
-35
1744
1440
973
1866
532
405
-542
606
985
-321
87
2203
986
2210
-599
931
1028
620
1048
1338
871
50
2134
1385
509
1924
2574
1476
1657
235
-100
1318
138
2612
554
-224
160
1779
1192
476
829
949
1132
2777
2227
1061
-619
1703
1363
-970
-116
886
-27
2311
629
-731
1794
919
1979
993
1677
984
-183
1754
-453
1574
602
-733
3129
101
766
1029
66
-21
1036
947
961
1805
1551
-673
1053
-1013
1550
121
852
-911
1627
938
1993
784
110
300
87
283
673
531
1359
-299
1462
1831
963
1073
-556
1148
2336
919
803
387
953
-156
1759
1235
525
1539
281
99
1613
-581
1318
1264
-532
1791
270
843
758
808
-684
1065
1434
2143
77
-1526
32
-1290
83
1980
347
1480
1526
1275
111
1086
809
730
454
1040
1262
642
2523
215
565
1482
-45
1625
1935
250
768
411
2343
164
1939
808
178
1060
307
1061
454
-895
496
928
376
880
2105
-342
551
874
59
654
324
127
1121
126
-797
2324
399
-428
1163
596
1016
2016
1293
2219
-972
-1285
1383
99
787
1505
1464
-506
525
-530
2136
1277
-222
1703
308
1162
453
-44
652
665
1581
-686
-661
-65
998
1960
1916
1204
2235
1734
-416
1381
1856
1675
985
1845
1085
644
484
966
330
-151
-616
1583
405
1667
1129
876
687
1740
577
1427
-507
880
-652
1105
2054
908
330
-121
-106
878
1656
302
278
2420
643
1187
1310
1537
2236
644
1113
1345
2413
1626
287
320
-279
377
752
1537
1881
2608
3040
-451
2653
-479
1357
-141
286
1075
920
1407
2123
975
1103
-388
552
867
352
2036
3042
565
1903
947
1221
656
1673
1331
385
1980
2166
1208
733
2844
941
300
1789
369
1105
754
-986
1085
-659
1042
508
919
-304
-1216
1548
987
-589
-467
602
1034
764
-705
-1402
1368
370
552
516
1870
178
1848
1857
1338
-784
1933
1714
52
1602
1858
1160
-218
165
-156
1001
1436
-455
1434
-485
135
-2
-29
-341
62
551
1375
1503
2689
959
1716
1140
451
1468
2180
490
1194
1947
354
1432
1683
782
444
363
609
1637
519
771
756
1263
1059
-39
239
444
527
1150
1815
1182
368
1910
1545
-331
-413
146
345
-2
97
2103
1667
829
-497
-270
-355
1460
655
847
1426
488
462
-708
442
-230
915
874
930
322
642
1009
652
197
2532
279
22
596
210
776
2610
440
1995
-76
1206
670
1076
-179
-153
602
1008
-202
2168
2221
2234
1580
-1027
-254
1253
2133
64
1425
1045
535
1063
563
585
1113
2160
-473
1194
1275
2322
1925
164
-477
-1493
1867
379
112
377
2455
1034
2846
640
1987
365
1325
1036
1172
1055
1586
2300
187
650
1595
322
604
-142
1261
1705
718
2135
697
982
594
-418
674
325
-114
1363
1871
248
1119
1757
1901
204
2345
1494
-153
1172
2091
88
-309
907
1320
1705
597
1039
1397
48
1449
1250
-675
994
2371
289
-826
1890
562
1659
-465
-596
588
1661
168
2376
474
456
1071
2306
253
2002
870
2056
2192
1018
886
-37
1020
2072
-65
253
-418
2732
414
395
908
-420
957
1254
2720
393
2928
486
-200
1270
-207
363
1561
2178
1352
716
709
330
1519
564
1681
1850
-662
-178
1322
1149
1497
0
1604
1071
-585
1009
884
1682
1306
647
-66
794
-110
-2
1050
764
1576
199
488
1527
47
1115
793
-265
1388
710
2059
506
1099
1511
517
888
791
1241
458
700
672
92
2851
488
1815
12
695
403
2411
2022
943
1083
2425
-1213
1425
1495
-1214
1894
162
-542
-1
-901
1225
832
861
-787
590
1840
396
1592
2575
485
1338
1239
2070
896
1336
413
639
257
-13
1561
1469
124
1042
1050
75
388
1679
-378
1476
1439
328
955
-185
1271
1111
496
651
1379
3054
-1015
-79
1548
-695
-621
2334
189
1420
1917
1702
375
1640
-62
-453
241
819
53
1653
2229
-343
48
1233
586
1231
-1005
-210
403
1327
-165
1868
768
-227
-230
2498
1649
1473
49
1182
1754
922
-306
122
-254
1492
1553
513
723
2247
-341
1624
884
1074
1424
882
705
1945
887
1501
265
665
795
819
1590
1937
1585
188
220
14
633
-99
1150
1403
1117
50
-498
986
434
1262
699
-339
754
2462
2576
2111
1306
-144
1437
-20
310
75
968
56
1164
1068
833
1198
-903
931
-418
2549
291
-193
1131
845
1702
-937
-277
1217
1539
-349
273
1381
-98
567
1791
1868
-256
1121
1259
573
253
482
-1215
1196
667
174
1148
718
1441
300
1038
1707
1219
-896
807
933
-382
-114
1243
100
-874
936
1792
-132
628
368
-1208
-660
1908
247
1502
741
1235
1288
-53
377
1771
2486
2089
-408
-320
-887
1773
2290
-175
1070
666
-278
2068
-90
2254
-341
807
1062
1472
1691
-267
1296
1151
263
1555
1233
756
694
387
206
1704
-307
251
1348
316
-540
1150
1665
691
90
1219
344
-232
837
3131
1816
1574
1328
-1292
1022
1197
653
631
2257
533
1571
-42
-364
1470
-698
1512
-19
311
679
677
1546
499
2539
750
1862
1150
464
2963
590
719
2437
-583
1084
-176
395
204
2435
588
1355
421
1426
2811
2091
-1137
2186
1241
1981
58
1768
267
-824
334
2331
1736
1746
1249
1031
2923
1260
1316
882
1
-133
2255
2663
785
828
906
440
578
14
1847
1461
1823
795
760
773
1316
-530
1680
835
-177
1185
398
708
-64
1813
-1049
835
1405
10
607
384
618
-233
1589
-384
1717
830
-15
1752
-177
2965
1624
1154
2422
689
318
753
212
-219
-618
1478
1304
1539
1700
3166
1261
1360
904
570
276
732
1903
136
75
-384
809
1286
872
973
196
-528
1156
553
2409
-167
305
1914
1144
1360
811
-939
854
1043
-301
1399
2026
1107
654
1405
302
983
464
599
290
-487
2091
801
530
856
-459
-731
-773
179
920
-419
1340
1719
1087
1993
1982
201
1105
-421
387
-185
-252
441
490
-154
949
352
456
2533
-286
-1051
939
13
-1416
1425
853
707
922
3243
833
1428
1779
16
639
2500
1038
-782
1604
766
731
-876
-229
-13
898
201
2333
821
167
407
-710
419
1935
1957
412
1219
-64
1357
1184
101
332
1237
1439
553
278
1563
369
476
996
2775
719
-63
-289
645
2921
995
-860
12
1036
2182
2128
1591
1651
2212
-295
1005
959
367
830
1362
1107
176
1269
36
646
2369
77
921
944
1642
3052
539
162
-736
924
371
2049
-799
-158
523
-108
-1404
1384
1638
1922
1227
2423
438
399
1860
1701
-245
2547
665
-773
1504
2346
588
810
-31
1245
288
1796
1817
805
1306
-299
1333
2294
905
2126
-432
1563
475
567
1588
1979
1034
-1283
64
941
389
1086
2930
1256
1859
2512
2534
-574
630
685
-972
1503
922
446
1551
1085
-617
851
-504
-297
334
-228
-340
1944
1738
-848
-654
1985
212
2525
-548
618
1123
689
170
1615
1823
2257
1777
2158
994
419
831
511
1588
-1007
-1206
8
-29
401
-135
1251
-4
-347
864
2046
1349
691
-1171
1129
1373
600
1007
1200
1667
830
417
1908
718
1294
-785
2369
93
1582
141
1622
793
2056
1746
120
870
-21
-230
-1327
828
259
-102
1044
162
883
1269
957
-430
-151
1794
1176
-1096
1206
-11
