100
646 212
411 208
353 125
497 90
104 91
270 162
523 44
498 114
21 197
497 44
62 70
297 95
75 147
379 69
395 174
220 219
266 107
359 158
6 185
251 130
282 84
262 12
279 139
402 23
32 15
540 78
499 105
264 207
159 43
608 159
633 219
583 160
152 121
115 68
251 39
465 185
98 7
612 77
184 158
290 97
390 94
257 37
287 99
448 71
602 83
41 126
148 111
211 119
593 140
27 51
335 143
403 71
411 45
368 14
82 205
68 179
19 216
38 50
176 140
429 95
92 59
650 186
151 51
355 202
603 25
443 70
185 106
179 17
287 65
440 151
144 198
542 179
242 35
487 45
43 198
571 116
338 25
316 160
408 223
535 146
364 147
493 152
559 109
576 157
240 163
259 222
601 32
123 29
194 126
273 200
570 211
195 46
192 49
488 82
584 147
257 133
364 51
134 6
572 186
470 159
