100
357 94
323 188
262 452
42 539
49 542
40 155
541 271
317 312
521 48
54 184
523 144
391 235
465 460
300 206
138 108
298 466
111 296
229 3
25 499
174 440
531 274
278 233
143 389
302 292
423 61
307 317
300 548
340 225
34 375
221 504
317 274
189 114
478 541
404 63
507 144
424 27
257 458
362 431
469 14
297 133
429 449
292 198
361 299
487 508
92 124
517 320
287 183
22 514
70 49
138 337
374 196
401 262
372 442
367 391
254 55
108 391
186 16
319 63
234 305
101 274
210 451
509 207
107 462
393 105
400 221
387 560
25 434
373 358
500 262
227 26
65 544
108 119
118 535
36 28
39 287
43 535
210 308
369 249
75 270
103 379
407 418
428 381
158 429
272 495
532 90
82 146
101 299
270 387
530 489
265 348
538 39
530 475
508 489
239 348
460 130
118 47
481 507
476 227
356 431
503 59
