500
4675 1924
2740 306
1537 2005
2931 2118
4675 1725
1466 938
879 882
1525 234
3183 714
581 1083
2699 1493
1458 899
1004 1617
2707 777
4737 1089
4572 957
2463 365
728 1347
844 516
2785 347
3524 1151
1076 409
1581 1663
479 498
2441 2112
293 255
1586 799
4378 155
3274 836
4604 1943
76 1895
2438 1183
826 1602
4309 1027
1072 408
101 1884
2100 161
674 205
3966 1973
1941 1746
4419 279
3098 95
2450 1134
3631 783
582 1817
1844 585
1653 1838
2790 891
3243 1908
4490 1909
2249 453
74 1240
3273 1131
57 30
3858 513
4190 2124
4619 170
1615 1870
1521 1493
2993 1734
654 1078
55 524
3475 650
2299 410
4045 1530
1567 1651
1397 1739
3654 2083
1898 625
1249 758
869 466
2471 1574
3818 2066
3263 704
2710 1191
3664 1805
2951 1940
1843 102
580 6
920 703
536 1493
1443 202
1463 1063
2589 434
2455 228
137 1750
1582 604
3895 450
824 478
4079 21
4446 1201
99 1425
744 2137
3411 162
4097 476
3652 227
404 373
4739 1149
752 1966
626 1515
3733 1484
694 1266
2248 1936
3025 465
1970 787
2523 204
391 915
1708 1224
3932 2060
390 2017
1306 1000
4035 1169
1524 509
4096 937
3168 1996
4234 251
3973 1818
2894 533
1724 142
3409 901
1948 1912
3405 1053
1512 281
2016 188
1164 477
487 2078
11 1156
4040 212
3239 861
3993 529
1413 1038
4520 1237
2180 349
1809 440
2490 530
2679 23
2192 1085
44 575
462 140
3261 247
4629 1776
393 266
3188 1906
3945 2087
631 1787
2636 1194
2895 1983
2910 2078
623 1387
1168 298
1676 2115
4642 494
2847 1391
3572 1358
791 58
2779 742
2475 825
331 1134
2453 363
4033 722
1083 1806
1759 1669
1582 1634
3893 1212
1619 1211
702 588
115 1689
4416 1667
1897 547
2278 1230
2734 985
2296 2029
942 2048
431 961
3754 1712
609 481
1693 486
2334 2003
2185 1275
3436 848
2016 1052
2793 934
1095 2144
4623 454
4242 119
4117 906
1187 2107
4364 382
3496 894
1044 100
1349 1865
3157 919
1053 111
3107 1233
2324 1024
2434 634
4769 1348
4747 1891
2054 515
1154 961
3911 243
3052 1868
1949 379
3446 707
3779 21
1177 421
2029 191
3391 1319
4016 1289
720 1527
1812 1981
1709 1529
2636 1524
3139 1285
1669 1235
1013 1178
2004 1397
4312 811
3095 284
478 1702
3919 1263
631 1494
3002 1165
2288 782
2189 1387
4382 533
4415 170
2997 1519
3432 1463
3428 1553
3213 783
2566 1442
676 2080
3797 1700
4671 575
1881 596
2518 68
4449 1033
2423 2074
1906 2047
325 808
1387 459
3077 1015
3892 371
960 886
4208 2059
2120 1591
2787 754
3163 878
1264 2116
535 925
3399 763
4364 51
1955 504
4708 253
1513 1577
4046 989
4576 140
1164 1067
4423 1930
4706 543
88 1624
3814 524
4250 643
2701 817
2251 426
2761 21
1846 1809
3652 1515
4625 1840
3821 1937
3702 1437
4431 1129
3195 1851
1409 982
3825 113
2941 1003
600 956
3819 2080
3892 2163
4728 47
304 1282
3868 962
3092 742
3035 1138
3508 1875
3153 2050
2305 1745
2588 1262
317 321
4675 553
1972 25
4677 370
1448 2123
3188 145
444 1271
1683 1943
1004 750
1262 1724
2225 1104
660 1745
3466 366
70 529
4625 67
1249 1331
1048 130
2519 2119
1436 1051
1176 1198
891 1775
4564 2001
2173 1556
980 983
1474 444
897 467
323 2040
333 1527
1587 85
1218 1689
2994 659
637 680
1221 1483
1655 1864
775 376
594 1927
2910 2089
2572 1375
857 1248
3729 242
281 2102
3280 537
1454 1752
417 1961
4387 924
4605 571
964 1372
3206 130
2745 1677
3714 1545
3603 1925
456 981
2022 1987
3369 1791
2477 1359
1513 323
1937 167
3341 1482
1518 720
3021 1638
4062 731
2965 416
2670 39
1879 1632
2498 2094
1359 767
2935 624
4024 990
2984 662
4296 943
3447 714
1131 1332
1176 1300
4264 1506
3369 431
3201 1912
923 43
879 163
1091 93
1891 1101
2288 1795
1072 215
2573 2012
3715 398
3484 1837
479 1153
3117 1559
1030 494
3810 777
1487 492
2119 975
1817 1410
2544 359
2536 907
1720 1669
3482 1792
1612 430
4213 1173
3711 932
3143 1617
3504 1417
1608 1409
3298 963
3245 16
4677 366
3964 606
3434 1283
1614 1971
2535 1825
577 706
1370 977
3758 273
636 297
4478 1154
561 1425
2551 262
4383 457
2105 434
3118 2036
2536 778
305 491
3394 310
2914 1667
2252 1064
3582 448
37 194
3743 398
3854 97
4464 1826
258 1022
398 1192
4252 784
1136 325
3096 127
1610 220
4643 484
1785 1693
3928 1472
1651 390
1887 805
1912 175
4387 2172
1602 429
1016 1332
2202 1654
4047 1368
718 1199
2786 1111
618 1051
1460 1016
3210 942
2854 1487
4296 604
573 1226
2092 294
1994 558
3866 652
4621 1976
230 1051
4154 1426
4248 345
1367 1843
2109 189
4754 477
2300 974
4398 558
2191 1938
3627 2111
3736 399
2132 61
553 395
1882 439
4633 1711
2444 1559
2436 839
529 2079
3204 2113
1519 296
1255 1651
2556 165
3486 381
447 1796
3408 1335
2793 264
218 764
160 1532
2756 739
4134 1547
4750 1672
1158 982
142 370
4423 1925
774 612
566 988
54 1854
1614 1386
3262 1214
3794 1910
4007 1986
1996 1325
2175 630
2358 668
2096 708
942 1369
2269 527
2434 580
2428 1627
3303 1993
2447 32
144 987
3968 831
