500
1189 270
420 972
195 1095
47 509
766 1194
409 595
983 810
583 439
271 3
1059 77
25 741
1374 727
130 1202
898 173
1132 1093
687 231
1258 150
893 237
320 486
881 655
634 615
329 1279
1085 372
1187 957
1027 195
1360 124
608 1088
654 346
898 459
710 156
735 510
39 1116
504 948
1136 28
1102 1243
329 606
1172 762
126 1070
575 1230
309 727
674 914
936 1239
122 330
986 586
910 36
373 832
941 470
1269 394
721 1285
661 39
561 1180
1284 1063
1381 1273
1022 796
917 172
1294 777
1321 1341
1099 794
513 507
48 1089
530 61
1330 381
1243 377
41 173
410 1228
1273 689
688 1283
566 864
434 432
1340 988
676 442
726 664
583 26
180 412
1307 1020
426 119
1145 951
324 1248
739 785
437 813
1150 605
317 693
209 1383
6 110
685 958
109 294
908 723
108 1291
1231 257
800 415
921 176
256 177
62 250
1335 973
375 81
544 677
648 920
836 699
1042 973
263 522
147 671
1278 669
845 686
123 871
5 1089
527 588
1149 1253
265 424
633 846
313 364
920 207
730 250
924 52
432 11
1086 89
185 1374
709 277
628 558
961 695
1150 530
378 500
661 853
248 1020
177 238
99 329
705 1015
1357 154
980 54
706 1361
655 1050
1035 982
23 551
1195 1097
1365 865
874 591
657 255
682 1203
1371 212
1013 840
1338 1229
107 589
514 394
1313 143
810 1238
1030 762
1371 114
1333 863
101 873
486 364
907 924
15 412
686 860
52 423
516 1202
1020 1093
1208 612
770 1215
614 186
1197 339
808 124
326 882
510 1233
747 184
639 492
345 329
255 436
1334 202
442 546
1375 1195
326 867
947 1059
278 1243
81 361
1318 653
1097 26
776 1364
366 688
933 686
316 6
1140 1154
1128 1205
866 752
942 161
641 522
305 663
302 397
494 250
1265 100
873 1177
44 797
1249 1086
1223 542
377 1372
243 690
1181 1250
90 1282
1372 73
1087 179
869 445
778 328
386 1259
55 787
184 33
1244 947
928 857
189 278
388 440
297 1077
1108 16
1307 545
1264 967
1101 937
619 1145
939 781
689 234
940 124
1143 711
108 535
1236 572
1078 128
92 820
889 177
1127 1219
1247 392
74 1207
1165 13
1136 451
1213 83
477 738
469 579
1344 246
842 59
120 460
197 1092
214 497
329 647
1047 333
667 1087
932 1271
1167 1324
1004 456
1170 75
787 633
1181 840
64 384
360 1354
273 881
671 230
443 1360
848 355
955 22
1222 384
435 296
1165 920
939 594
873 818
742 320
1059 1305
444 1259
1104 290
296 593
25 1081
102 87
1169 958
120 151
1090 576
331 447
52 1174
1239 166
64 554
328 157
581 1208
393 587
1390 382
662 350
667 29
976 1232
737 1041
930 875
484 1273
319 1118
1003 1035
889 1186
255 951
820 223
101 80
1260 748
320 377
195 162
339 427
1336 1235
1011 1277
609 458
1268 330
741 1020
556 562
554 347
314 992
919 349
370 768
1239 304
568 1360
894 1113
677 813
1358 1368
362 1364
1335 1237
1198 1065
426 41
125 927
1373 737
335 981
1269 853
1379 1120
322 1357
735 1111
577 924
844 45
68 666
922 308
1162 986
349 216
522 963
844 44
1330 473
99 199
685 779
487 722
275 1162
836 519
985 1306
128 28
29 200
708 774
94 249
819 553
1340 661
760 945
937 638
1210 1189
613 128
86 1366
120 64
370 1051
1373 1185
380 393
1002 1114
601 1360
1131 203
470 778
35 570
267 847
1216 329
1258 1045
159 194
753 1356
1153 907
443 1256
948 283
179 1282
1380 40
670 543
611 612
706 737
1322 2
1177 277
176 832
1338 37
829 202
945 1071
1165 1290
860 523
734 628
676 511
25 1117
575 482
924 1012
380 287
379 369
445 805
692 1202
467 293
1110 1297
212 840
1033 585
411 1109
997 840
141 1178
1367 89
390 667
617 1196
67 997
1255 140
823 961
105 187
778 667
1050 299
827 45
300 336
904 1296
1257 951
287 238
452 974
1301 78
1370 523
1096 1234
286 694
1276 41
379 459
866 586
1002 1172
969 1276
1073 449
1380 1001
470 228
922 1303
184 1349
360 24
873 763
129 751
96 1105
197 601
955 1263
491 504
1163 14
649 188
592 773
321 775
662 793
515 474
57 1275
1087 1178
549 551
550 309
642 292
860 133
623 662
884 438
1309 1295
1279 478
16 593
249 976
472 1219
62 1331
354 224
1074 86
351 950
507 869
1203 1328
960 723
912 821
813 1370
309 384
491 674
968 52
1075 1152
923 1055
869 64
1123 503
901 636
288 281
357 1126
806 1296
1047 81
275 206
639 545
147 631
879 545
660 832
1177 1119
910 982
984 1264
190 261
491 852
229 979
1382 952
600 12
1350 85
499 75
658 550
558 215
929 960
797 966
981 1196
1126 1154
610 180
735 265
1017 1122
1212 668
790 409
1025 707
1206 867
322 766
1178 887
437 1287
1359 651
1372 1071
309 879
737 1028
312 807
