500
1080 1511
685 2195
443 2534
1855 1584
1315 2164
61 1625
1734 416
894 3093
1982 931
2535 2904
3569 2330
610 3366
3898 2582
3387 571
3455 251
69 105
1834 505
3284 457
351 281
574 933
3090 379
1171 1022
1714 3090
3177 2047
868 1084
3649 323
2280 187
2896 1621
2766 324
1807 313
1833 2490
698 122
3885 632
450 1437
1365 3113
3557 1618
73 1454
763 2526
608 82
1239 2807
258 734
669 3233
219 274
1414 2707
421 1052
2964 774
1044 1837
3480 1662
2935 1221
1114 1994
1179 2530
3247 1318
3189 3321
2635 317
2000 1018
4023 208
3050 531
241 1289
2844 3305
2607 601
2990 1675
2735 764
4001 1040
1357 277
1590 3083
2417 2102
373 471
1693 2265
752 2108
2445 1008
2078 3351
4015 2976
1937 910
1216 420
3567 3257
1838 1450
3523 2185
2609 2320
2956 3134
3190 2680
3198 424
2853 2302
73 769
3485 25
374 722
876 1705
1249 2852
3025 663
2763 1731
136 599
1913 2204
1448 1730
2251 428
1672 2783
3583 2296
1494 828
1905 1151
3854 3250
1487 2611
3283 181
1394 307
1282 2844
2589 1519
3780 1421
2414 2615
1993 1801
3266 1674
2574 2151
3766 236
862 55
173 106
1580 2934
275 3015
3365 2988
719 2742
2572 2808
159 1460
957 2306
593 1132
3620 519
2041 242
3173 435
951 43
2077 2369
748 3346
1327 1203
3593 2598
3811 1961
2708 880
105 1468
1958 1047
114 376
1919 782
659 945
3195 331
529 1988
2855 911
1580 690
2817 1143
4002 1911
357 3355
1156 3079
3456 1816
2854 572
30 673
434 1118
1273 2917
747 2851
160 920
810 2173
3106 70
1379 3154
2278 3024
593 996
3325 321
903 791
2018 3058
2399 1237
2698 1507
2646 1061
683 11
1994 2892
113 2207
3610 1802
3643 2518
186 3047
2844 2577
503 2845
2163 3127
543 1975
3138 1779
1191 258
2796 2100
776 1198
2502 2326
2627 1615
3960 92
564 2152
2580 2794
2324 3053
2744 3000
514 685
2530 3206
22 3093
566 1929
296 371
3720 2982
3376 620
3251 83
3725 2946
576 698
149 703
3976 3318
2007 1230
2721 2601
3276 3362
2954 2841
3205 3133
3381 716
3290 1366
3792 1246
813 2133
3995 418
1599 2366
702 2842
3537 135
221 2125
859 2084
2706 266
3232 156
317 829
1037 2827
966 2765
219 343
2102 1354
3413 1032
2005 1396
2553 848
3271 1389
153 2055
3853 461
2728 2255
3998 3269
3243 1856
2925 1877
2782 2440
1674 3298
453 3156
2692 1226
1229 3262
1853 1523
2754 2423
3029 2545
1375 3191
671 1871
3987 511
2135 125
3266 2430
495 3095
3585 1724
820 986
3869 2173
808 1557
1134 2304
2250 102
3207 2355
2219 1376
2012 213
1167 246
1024 848
1456 1068
3986 529
3628 1076
3062 227
2682 3057
1662 2507
3271 568
2309 2835
1804 2470
1320 2914
1224 1843
1829 495
2936 2324
1154 3175
63 402
2879 2251
3780 1191
2861 1715
1964 3378
3043 1820
754 3271
1544 1912
2643 3260
1626 1714
1410 1240
2482 2887
3584 178
1633 1501
3558 1558
2005 1068
426 2996
2179 2289
575 3123
1259 2206
137 117
2177 1701
3891 2873
2506 2816
388 366
1545 864
780 695
4031 901
2651 2771
92 203
846 2166
3060 269
2522 1609
2319 3094
1629 1832
1976 1182
679 1769
2573 1171
1945 1562
3369 256
662 2061
2460 1808
2818 2804
1127 1956
1953 918
1514 1958
521 3028
1809 1508
3176 1734
2404 1977
2805 3235
2637 506
1206 1333
667 2658
2776 672
3438 1648
2490 1562
153 1039
1950 184
1639 2756
2385 2997
351 849
760 1752
1792 1927
683 1669
3717 3132
278 13
193 2802
3965 1045
2023 601
667 1569
2832 824
2429 409
1195 2952
3799 1280
2865 2903
793 1985
3590 3268
2120 2629
3650 918
1968 583
1332 3011
943 2255
3292 286
2571 3218
376 2539
1330 3130
2415 663
793 1870
1728 1246
2591 1656
1179 2783
169 2366
2923 431
793 2774
2583 1560
2157 3246
2011 2100
3423 1546
2645 1595
1748 2708
1864 1339
233 1511
986 2081
2788 2900
3123 717
3960 84
728 2422
3190 1419
1714 612
2851 1148
3052 406
1190 2821
2931 2239
1152 1323
710 921
2074 546
2910 2818
3162 574
609 3067
1041 2778
1494 1584
844 2390
1606 923
114 70
2234 956
2841 2498
2908 348
708 1204
2584 544
1925 1484
2661 2434
3160 3069
1106 2468
1030 1303
2759 2010
244 2800
3211 979
2269 2735
730 2405
1044 161
2733 314
684 871
1701 464
1290 123
752 1020
232 608
2403 644
2192 612
3667 1111
1780 3006
510 1098
3622 903
3704 3069
3322 2039
1868 2699
190 1469
1015 2722
1890 1850
2057 2988
2456 283
992 2328
903 1120
444 3291
3373 2036
566 1688
2324 2280
2020 1096
463 128
3933 1494
3694 864
3362 337
1417 111
251 1061
3113 1482
3014 1773
3531 1403
3606 860
3764 1921
3846 1098
2426 417
2271 1760
3368 1176
3213 567
1569 2402
2589 2289
653 2463
73 2637
1584 1105
2469 1829
3279 2919
815 1647
1406 3134
3505 369
2296 2442
3 1825
1457 1537
2820 2299
402 2388
475 2232
3804 2628
3981 2209
3549 1354
2700 2093
1159 3065
3328 663
3424 3210
4010 286
2566 2379
3155 3349
887 2839
2955 2745
3550 301
909 960
819 436
2723 2812
2679 1901
107 710
3575 1917
3947 2520
3887 877
1408 1607
2058 2343
1246 803
3764 1125
3821 527
1248 3365
3411 689
2619 2987
246 1405
2416 1792
1044 28
3710 102
1012 860
3847 967
865 2291
