5000
2525 237
3755 483
2914 642
4049 14
4717 14
5895 714
2766 75
4071 906
1918 441
5157 394
6285 736
5851 289
3525 243
2293 272
1679 243
215 760
1264 726
4566 442
1533 569
4484 623
5337 255
2156 880
1942 209
4798 176
4692 670
1596 724
3874 257
3815 715
86 314
1189 710
5116 866
5559 557
1814 492
4925 71
2774 861
5440 737
5046 30
2491 667
6311 84
1651 722
4248 585
5918 651
5855 631
4374 859
2534 356
3512 900
1361 255
4987 246
4181 577
6388 763
2044 217
4815 588
6800 843
6534 604
652 267
362 476
1078 96
6588 160
1832 486
1893 865
3919 86
3273 832
4331 22
1441 912
5585 803
6827 505
4490 336
2743 399
909 779
6781 331
259 899
360 548
3734 71
5488 713
693 843
453 296
947 73
2187 751
746 380
231 205
3187 375
4030 672
5622 242
5827 818
5141 611
4437 243
2361 246
4971 136
2120 78
6646 900
3973 178
2768 431
449 331
1061 302
2234 466
5712 37
2835 688
6636 100
6277 228
2585 725
5425 70
6175 42
2417 698
1553 308
1047 119
5194 139
536 112
1941 49
4303 654
6306 795
6965 918
4895 530
2074 833
5616 790
2892 851
4936 575
1539 686
1466 30
5343 589
1294 300
3090 630
5888 45
2943 763
4672 304
1609 922
5658 13
2951 68
3820 393
1714 538
3096 903
3065 806
1902 490
4415 316
5133 76
4400 854
5420 83
3973 877
4326 543
6878 905
2059 641
5170 71
1624 603
1084 390
6066 894
6758 37
1345 542
2304 538
2915 15
5629 174
528 687
1630 222
5384 55
1804 390
1221 520
5050 842
3012 727
3405 911
2910 195
3512 505
4496 919
3258 447
2893 540
2414 597
3787 251
5919 488
6971 599
2531 61
4313 43
158 843
863 148
119 212
4297 121
2245 599
2875 829
6721 351
5669 689
490 11
4309 537
3730 551
5051 18
6930 866
120 5
4739 394
2304 860
427 551
6934 603
3503 563
1580 718
952 725
2196 495
631 135
6049 886
6239 710
6798 197
3135 426
1897 33
5722 519
6338 591
6794 61
6837 495
511 5
5811 349
359 283
4098 816
5886 118
4789 792
162 594
4910 203
3418 886
1565 300
5967 390
6378 337
620 444
1770 111
4721 772
5465 194
819 47
2282 266
925 514
4109 617
1904 403
3178 344
5951 636
5071 295
487 309
4809 372
4752 410
6014 591
1292 354
6312 832
643 116
3621 21
3919 228
5586 309
1076 594
5642 489
807 322
6359 61
6960 56
5793 477
6285 639
1045 865
3303 416
6215 479
4484 688
1391 840
2931 70
1320 43
4483 306
6541 3
3127 58
3270 121
1509 362
1766 897
5380 757
1142 782
3257 907
2283 616
4713 438
2522 510
3229 34
1051 928
4246 638
2790 849
4683 220
2596 148
4852 482
2287 730
3822 673
1443 155
6715 720
4874 432
6056 911
5775 911
5582 764
2421 525
4900 481
3598 467
5904 274
4195 283
1905 884
2607 604
3709 667
3774 173
424 683
3434 480
5672 90
4817 511
3249 117
2871 676
1749 6
3075 138
3291 179
4726 452
2694 140
1204 918
3323 356
5210 453
3763 713
3054 397
4381 253
4826 733
647 536
2228 373
413 661
2327 323
728 300
1195 853
5893 257
4007 894
5698 896
3184 831
1871 355
3976 395
2862 683
3011 659
3499 22
4752 607
1557 884
3056 560
542 739
600 254
5169 103
261 488
2205 281
4333 43
118 284
6486 873
6819 668
4935 408
1083 82
1629 70
890 879
6069 258
164 146
5165 183
2253 477
569 17
1770 584
6114 808
3740 750
2167 752
1151 366
3408 707
3378 49
4535 499
5649 737
2665 848
810 726
2467 98
6761 287
6183 307
1961 92
6372 527
5445 816
4465 917
2163 573
2869 18
523 485
1510 241
3592 662
1797 775
1670 136
5283 126
1456 182
2677 742
4159 129
3318 901
5563 751
1727 414
1609 458
3739 83
4819 554
6608 781
2385 812
1162 853
447 103
1535 64
1962 901
4102 721
5402 278
6400 180
4157 921
587 698
5372 676
2936 55
947 169
4544 271
2880 416
1951 805
921 369
106 57
6389 925
2802 924
362 427
1224 54
1618 749
4455 2
5292 633
620 400
6046 578
6189 398
908 107
6411 114
2731 701
2404 864
6458 360
6954 798
1167 202
6160 926
1174 740
3882 293
14 303
2500 190
104 764
762 220
5414 88
2168 520
5987 420
5955 132
1417 766
4668 658
3298 2
2631 608
367 595
6859 584
2881 581
6674 178
4838 38
3545 651
6778 160
3256 564
4413 298
4195 911
5041 927
4675 861
4848 603
3090 291
569 58
69 248
2856 313
618 480
422 657
1264 783
4031 870
2427 93
6163 156
2426 613
5044 748
4300 632
4229 686
5693 149
1482 438
4994 905
4434 592
4070 453
307 525
5289 166
5807 397
2171 296
2854 722
1847 837
4226 323
3859 156
1359 638
2196 21
2708 801
2729 627
2475 698
5919 790
2735 405
3861 567
1710 673
1456 551
2397 338
4322 55
4587 828
270 491
4908 864
2506 833
3052 392
2515 270
5446 913
5552 514
5399 284
5814 840
5641 753
5621 146
3080 600
2505 229
2436 399
2634 553
3047 789
4720 574
3179 186
2866 624
4604 612
993 820
5013 34
1886 425
3043 390
5970 428
4212 333
2652 5
2702 154
5087 475
6636 736
3658 618
3896 699
2387 730
529 158
3684 138
977 199
5985 692
2110 475
2921 234
1695 655
3611 697
5927 772
5274 914
4430 891
1109 534
5652 924
3117 271
6404 447
6114 716
6272 319
5939 416
367 648
3703 495
1195 673
178 265
6882 304
3215 83
1096 728
3041 884
5348 635
5360 150
3946 214
5618 921
6516 70
6228 334
2461 536
5220 475
5601 315
609 574
6764 873
669 839
4303 256
487 748
1786 732
1287 837
5542 798
2634 366
3442 4
3562 343
5416 449
3977 83
2144 217
1657 408
3525 870
5136 699
2396 836
815 904
1361 782
601 794
1776 396
540 506
3547 645
2106 442
4984 593
2158 53
3453 229
1110 911
6283 339
5595 779
527 181
6554 282
3645 33
3100 839
2327 450
3473 259
5604 601
1609 116
3058 797
1783 231
1678 298
2627 353
2802 704
945 820
1943 165
3020 805
2483 409
6060 235
6009 905
1103 6
2581 858
4162 836
2038 748
5460 807
4929 876
4954 625
4253 72
6548 812
1776 884
6866 773
5798 109
2069 270
3365 752
6216 470
1593 462
5824 434
1730 402
6346 323
6071 712
2605 447
5956 865
6886 36
5140 81
6802 513
25 702
2125 772
4581 200
1298 71
6522 591
817 517
6779 733
4640 359
6331 335
3427 605
4459 236
3185 273
3638 26
101 213
4139 841
2777 314
5505 320
6919 388
2916 627
694 631
2548 19
6955 597
3769 370
1358 8
6848 183
734 893
3399 755
391 623
5959 75
1482 448
5909 330
2654 339
6426 430
6618 673
2528 894
2799 166
3689 722
4399 437
5617 119
5723 318
3944 561
6756 689
5407 413
6745 874
2596 577
3532 868
411 692
6059 61
5031 321
4303 373
2671 156
4528 720
3765 172
687 705
3518 15
3664 545
3294 889
4330 226
3950 743
1138 720
5134 420
6741 216
5690 581
2092 845
322 899
1481 360
2137 891
6682 418
6387 394
3602 143
2742 874
1667 634
6864 356
5327 689
6756 674
401 630
6283 606
87 23
3966 222
5444 677
3127 488
2259 50
2930 130
942 536
1229 465
5112 281
5829 765
3028 658
871 157
6528 418
1077 316
2809 719
6279 923
4862 322
1611 702
6371 122
662 575
3611 132
3942 21
4022 292
3712 701
4211 395
4630 760
5930 667
6733 276
682 758
138 854
2183 143
6879 152
2497 766
5099 26
6173 638
6415 431
908 72
133 65
6584 60
3088 207
3534 890
6081 121
5475 403
5742 755
2803 392
6834 4
5676 360
3880 53
2324 170
6777 826
5770 466
62 610
3653 600
1124 348
391 246
3556 926
647 327
4336 816
4701 769
4672 586
2423 654
5313 626
5692 774
5740 892
3737 418
258 128
2000 740
4500 645
982 160
319 404
6300 49
3757 566
535 356
4726 561
2382 468
5232 903
3754 88
6526 471
6368 558
3654 822
2298 752
6916 790
1437 583
6073 255
2607 500
6536 240
4946 281
4007 586
6876 441
2850 58
6250 499
295 572
227 268
6186 441
5868 231
2800 247
346 792
6415 175
2570 811
4765 89
2690 166
3418 557
4600 431
4266 67
2956 749
5621 179
4668 540
5708 471
4419 912
5697 778
1168 360
1319 660
2704 137
2216 622
5029 285
1660 812
2107 885
6402 760
2891 792
4992 458
770 434
1785 517
2665 95
4976 680
1162 928
114 716
1084 165
6303 19
4622 858
4992 444
2270 423
106 269
4420 93
5543 37
6625 544
5062 780
2157 384
5399 914
817 385
6854 623
5306 224
263 843
960 747
5547 251
5061 881
2202 3
2884 592
4010 243
3807 561
4621 545
850 349
1521 690
4946 395
59 483
6644 871
6030 677
6491 659
121 909
6360 12
2880 286
77 75
6511 573
3168 685
6393 56
616 51
5065 271
4837 5
6168 101
5482 502
3552 436
272 845
150 423
3552 92
6740 532
1924 246
2089 431
4905 539
81 866
1872 472
3731 437
3110 928
5807 493
323 41
2685 607
6158 810
3932 636
1578 901
2237 598
1476 190
6189 217
83 43
5532 333
4499 254
4072 290
3978 759
6630 58
4564 647
843 598
5473 406
5206 142
6928 292
5251 375
6103 474
3838 611
1513 211
6515 577
1125 467
3935 505
3381 692
3478 96
3598 362
6100 480
4800 769
6778 681
6958 698
6058 808
513 409
302 672
6090 232
3788 756
1826 315
3561 686
2814 65
6137 263
1621 37
1388 140
848 362
469 128
2146 345
5305 448
2859 375
4715 174
4730 87
6089 791
2115 306
4206 130
2502 67
973 686
5917 596
1394 843
6741 420
4540 293
4603 444
1334 389
4956 388
44 161
6180 346
4792 695
135 194
2743 104
6449 484
810 26
6656 862
4257 287
5094 569
3132 923
6696 175
4750 356
5167 395
3768 124
3314 779
4354 363
6760 195
173 695
3265 798
1674 782
1873 561
563 208
2765 149
2503 493
3446 171
5588 853
5133 374
1121 483
5921 387
6018 141
769 528
5018 366
5712 507
2813 632
5079 46
3920 346
3723 693
4592 109
6317 217
5081 361
4432 749
2713 561
2059 179
6094 187
1715 860
1876 802
2432 318
1010 362
252 13
6247 156
1582 362
3985 490
1465 434
5884 872
993 707
1417 795
4767 653
6596 709
5119 508
1661 842
5367 470
1985 651
3655 884
16 215
1196 817
3486 396
3377 394
1719 670
6487 709
6675 851
4298 211
1911 682
976 204
4750 907
260 635
909 69
3013 499
1178 542
4890 279
2129 524
127 633
6330 49
3487 329
6911 364
6041 134
5038 412
6086 769
2655 748
4361 442
4837 152
6875 802
1349 834
6822 640
3140 910
1911 100
5933 365
2354 371
6684 533
1342 173
2136 408
6794 237
926 620
5742 890
3096 666
3985 495
6484 273
4352 124
4567 527
1067 864
5356 646
5296 37
3810 14
5021 238
5301 197
749 647
6949 726
5437 550
2968 332
4242 524
4269 523
2846 880
5277 11
2228 178
960 628
2730 33
5555 333
6590 836
1416 778
4301 315
1746 546
6125 60
1338 486
5454 130
1392 153
3407 154
4740 407
2959 454
6678 477
5854 826
2933 824
237 307
5927 346
4860 276
4506 201
6489 332
6773 689
1470 43
6369 646
1026 753
4387 748
4176 327
4824 650
1743 320
315 659
1532 786
6489 325
3678 716
2099 485
2545 13
5976 394
4578 64
6458 530
1561 517
1515 926
5987 861
5350 876
4724 623
4997 305
3729 767
582 619
6757 627
4776 456
5690 819
920 159
2205 7
1931 637
1185 895
568 456
6745 591
1191 432
5530 807
710 126
5811 265
3549 416
1802 742
2129 217
2888 94
4116 830
6132 526
5401 365
2176 890
3542 442
611 581
5619 775
1395 668
3768 745
5182 462
6639 35
347 29
2089 234
493 27
6480 51
6001 258
4071 375
4682 722
4805 594
4666 858
3416 437
1648 403
4435 713
3480 323
4290 220
4529 593
716 867
5075 852
4568 706
5977 349
1577 271
5609 321
4198 83
4499 910
1340 272
1350 866
4119 505
418 839
6843 693
1971 287
1245 798
1392 578
6103 240
3021 647
4624 67
3457 866
4759 860
4951 572
3169 344
5881 461
5126 360
490 305
887 613
1176 633
488 673
531 140
5445 256
2530 349
1387 890
2283 519
1014 288
5650 636
3679 627
6433 839
3200 161
1055 878
159 557
5134 285
4213 791
6398 803
1043 313
5137 573
788 555
826 505
3065 42
2648 537
1155 636
1225 836
3302 191
760 124
6771 565
2370 795
4812 475
1938 401
322 328
1985 754
4838 753
418 634
6779 95
2246 85
5666 93
5299 106
4873 15
3369 591
3477 925
155 816
3204 83
936 790
6484 329
5035 789
2918 505
573 404
5003 106
1493 663
6322 890
3994 159
3542 697
4277 159
4368 394
2096 461
2150 179
3282 143
132 179
2958 346
1894 147
3952 795
3784 336
3460 720
1881 523
4814 218
3737 104
1499 17
1048 270
3967 28
3870 270
3023 530
4255 537
2085 223
6288 11
2487 699
6182 79
5017 10
4206 713
4561 585
4721 682
1039 282
1523 334
5805 435
2063 113
2951 726
6221 318
4326 488
1381 113
6372 868
3809 728
5457 575
1490 244
6635 797
5052 893
3337 697
2252 418
5088 752
1477 268
4579 242
6273 700
3464 466
3590 309
2188 347
2233 56
773 639
6389 312
4499 821
1180 361
3462 499
6076 546
5838 558
1693 881
274 49
4109 56
3796 769
5385 313
1812 226
663 151
6960 297
647 644
1037 298
3647 285
4372 324
3195 775
1809 774
4049 644
1024 62
3733 310
2788 262
6046 609
3932 177
3750 71
1543 7
3131 464
3830 852
4531 150
3979 636
4234 670
3955 625
2347 55
217 180
3816 215
3137 636
5689 619
2060 499
6921 399
5691 154
5778 576
3073 246
549 805
2957 163
2847 926
5733 91
4243 830
1580 517
3108 812
3856 710
5366 914
5540 265
2368 466
5612 762
1711 216
5666 106
4223 695
1353 836
2430 872
2013 211
6870 100
3346 388
842 526
944 876
5668 87
3006 896
2452 671
792 500
96 776
6324 883
1012 378
2335 843
3817 479
5517 881
3015 703
985 781
6339 641
4571 620
804 219
4978 745
6348 306
5799 612
420 809
3682 490
2878 122
4592 589
916 231
6306 400
2382 701
2757 719
6836 830
2185 282
3601 131
2846 63
1583 558
3562 722
1282 513
565 279
4910 606
3859 257
414 242
4618 756
171 62
6176 580
155 23
1633 47
6436 118
3821 528
3758 217
5395 26
5216 346
5412 411
5295 533
1405 835
6506 821
3632 319
2716 796
4585 243
3773 485
3718 98
5583 858
3865 819
4503 280
5866 686
4986 151
6562 364
5603 633
4574 15
6199 430
6337 220
932 920
4442 516
2949 15
6473 667
4222 252
6564 527
1285 463
3883 14
5214 762
5914 471
6546 759
852 879
1774 8
6082 54
3786 362
4268 98
2558 333
3836 285
6931 3
2525 706
1344 583
2875 801
5046 117
5074 332
2357 730
4969 104
2384 190
4421 783
986 111
206 283
171 740
6291 375
699 421
448 827
3283 241
6779 643
3292 926
5641 213
2718 805
6568 123
3597 240
5564 398
5497 28
6399 544
5672 921
4320 731
5208 649
588 91
2470 19
2845 915
1188 276
714 766
4182 43
6934 664
5898 825
6286 777
5266 825
1468 811
3484 57
6563 556
6894 85
718 868
3806 737
5506 85
3075 254
3323 920
6907 598
6014 532
289 410
3650 773
1096 328
1981 625
4102 685
3104 30
2853 361
228 896
4828 500
6738 867
20 598
4032 112
5315 634
532 731
2700 184
5666 385
6301 554
5087 626
276 883
3127 758
2046 583
6341 641
3397 892
6379 398
2690 11
173 305
1512 877
6389 196
3106 153
1932 151
5602 920
1953 559
6740 71
640 380
4511 56
5774 218
3550 909
6598 188
3282 731
5167 279
4477 103
2471 816
5844 429
6122 809
2586 185
42 784
6781 503
3081 648
1501 14
4785 852
6951 272
1963 810
6727 204
4170 739
6241 858
5139 868
6039 592
3059 859
384 921
6329 745
2618 88
3217 797
550 129
2729 574
5085 894
1463 807
1533 184
5333 286
1761 687
6069 502
6530 419
4092 47
1223 682
4116 304
5951 283
5553 539
436 918
819 879
3804 672
4733 469
37 515
358 278
4930 166
2367 126
1212 560
1483 830
3461 292
538 361
886 763
2168 762
951 723
187 40
3105 160
885 632
3303 59
892 165
4336 397
4129 867
1815 282
6434 688
394 627
5551 82
416 831
2612 612
1019 429
4300 64
5706 822
2292 317
5134 547
3289 328
5849 574
3660 417
3863 547
939 246
6853 603
3545 673
6849 94
1983 499
5506 21
4358 481
2784 769
4156 20
2061 384
3077 677
6667 82
3686 692
3799 476
4983 902
326 257
5971 6
6382 773
3529 451
1065 268
6250 187
2897 715
6451 809
3188 318
4523 767
4130 256
1274 77
4230 359
326 369
2352 901
3702 97
6840 426
2131 358
863 730
2451 463
210 220
4390 884
1298 338
6135 425
5154 487
2431 67
3394 552
3006 416
6230 779
6824 269
5724 571
2439 755
2847 109
4205 154
6023 552
222 558
4386 764
5047 494
683 696
5890 92
6182 765
6435 506
802 685
1883 335
2248 30
2974 741
1922 911
5961 37
4118 774
959 791
6214 916
518 110
5096 274
3209 80
6207 281
408 826
5436 3
2248 64
1304 774
2031 651
6268 857
2827 542
4275 11
316 254
6206 810
718 9
760 258
1903 489
3061 679
4318 312
3585 906
2814 579
4073 368
5930 899
6808 401
2548 468
2736 176
3808 724
6979 102
5459 816
4110 733
1783 15
2580 73
2580 516
2087 539
6766 482
2079 612
2190 194
5421 878
4270 544
192 527
6873 806
5696 555
6723 277
4263 380
3236 531
1401 870
3678 125
4405 623
1950 25
396 152
2232 506
3572 712
2833 737
4722 413
5350 874
3770 270
1932 445
462 488
2847 162
1682 570
1713 781
6749 33
6534 700
2939 16
1892 556
6925 215
3178 297
3003 224
1140 547
2629 5
4377 712
1216 435
5001 638
4610 84
2613 725
5108 660
760 548
3056 377
583 232
4051 595
3597 762
5914 778
3860 352
2669 395
1406 408
1236 565
6951 273
4412 538
4399 2
3388 675
272 865
178 244
5195 451
1560 390
1511 515
6068 57
2242 61
5973 920
5548 246
4014 781
2597 844
3653 363
6010 455
1876 762
5175 678
6371 281
2272 405
1656 41
3926 329
3846 455
4900 581
6818 372
5105 375
1948 353
2187 427
1905 43
5468 575
1929 515
6946 65
2732 50
3427 95
5967 882
1555 15
2999 22
4306 542
388 801
1672 413
6643 758
1134 221
778 342
3833 809
801 267
4856 827
2467 105
2380 487
6870 2
1145 254
2956 480
4239 405
2991 460
3857 626
5315 209
821 372
615 352
6202 855
1115 722
3039 808
4724 277
5506 113
5128 413
5260 332
1122 892
5655 921
2743 632
43 916
6033 18
4845 558
4209 379
5595 451
5205 652
97 90
6911 858
4605 484
1658 758
3146 100
3193 689
5874 417
49 845
4906 220
4645 429
4584 576
3643 62
5694 296
6423 251
5980 7
1968 856
4120 748
6345 467
701 695
2072 870
2973 852
2893 543
6629 553
2667 441
4187 866
2865 633
1993 735
3865 776
5353 67
5409 491
1153 905
5471 30
1164 796
4390 650
6405 754
1442 582
5451 194
4661 879
1086 224
6142 646
747 394
3224 259
2786 639
5878 676
6264 591
5181 736
3206 270
2399 558
933 908
2004 310
2814 285
1164 210
5027 329
3277 149
323 309
4225 16
2963 184
778 519
6120 329
5663 233
4897 263
2108 363
6364 485
5092 141
4643 644
5059 179
1624 475
398 420
4995 928
2276 195
3816 882
1221 77
3354 608
5389 876
6761 509
4964 214
1728 812
4994 433
1161 891
4048 61
3879 719
1675 376
3701 923
3297 919
4914 36
4328 320
4805 714
1417 543
1397 520
827 878
291 170
348 770
986 58
5844 215
1248 704
3862 919
1522 842
2900 926
2293 253
4527 744
6892 397
6500 2
5755 82
2680 775
3494 645
2854 170
6704 545
5600 771
2448 8
2410 447
987 186
4713 792
180 226
5729 443
175 307
5570 269
6604 555
5376 51
5249 145
479 698
5039 158
3289 923
3925 271
6255 99
2759 293
4339 800
5237 52
393 3
4409 487
5821 642
983 711
3494 372
2857 596
6341 500
1863 785
757 601
5014 276
3322 140
2681 397
2025 429
366 172
6210 670
1227 515
6150 86
4498 711
3571 746
6306 536
1607 691
5245 224
2308 481
297 926
1760 537
2235 261
446 606
5691 136
466 567
1868 214
3727 81
5890 441
665 104
3048 59
1286 100
463 307
5059 33
6967 630
2595 811
2644 418
3366 620
656 389
628 341
1434 172
3571 747
2751 136
119 180
5782 67
1169 168
5943 678
3887 506
4537 380
6144 749
5124 806
3381 593
5161 2
863 187
4157 161
1599 360
5555 694
669 181
3924 730
684 7
5099 411
3464 279
178 776
4906 832
1308 42
6665 893
3155 305
1003 851
5433 351
5500 564
3730 906
6767 364
5834 925
1314 828
4952 528
4183 477
3783 686
392 13
2386 925
5097 623
3083 357
1081 475
3611 719
6385 347
5299 474
1726 35
6600 605
6267 543
3326 615
1704 613
175 763
714 633
4830 879
1411 85
661 496
4574 228
4710 139
2713 218
947 916
2005 866
2 362
4096 156
4880 631
6397 527
4941 736
6872 771
2315 345
1004 127
467 341
6744 36
1689 154
4070 360
5526 754
4276 192
4773 121
3581 366
4412 108
922 427
3226 253
5234 512
5947 504
6837 681
6849 272
819 83
2344 48
4359 830
3238 7
2860 815
6439 436
6176 529
1478 402
1504 757
6065 544
5979 727
851 300
6174 815
4589 656
3742 732
6977 671
233 821
1734 649
1589 316
4721 36
4307 28
1294 37
1054 719
2271 496
6467 119
6253 479
735 796
4803 327
4131 772
3673 591
1325 688
380 386
4891 583
1404 3
2421 694
6468 806
3825 515
424 462
3445 867
2355 220
2238 227
6148 511
2660 224
3090 789
5019 789
4979 160
2703 793
5880 897
5175 809
2332 247
3384 677
4316 37
1064 165
29 577
2292 570
377 174
3547 48
919 420
601 631
6612 452
5280 447
193 354
3074 706
1503 530
1489 520
6951 154
203 342
215 251
907 637
3 337
5428 213
3782 575
4821 468
6505 52
6501 602
3156 714
6317 102
3438 231
572 798
5943 261
4782 665
3873 889
2454 417
2459 24
1214 880
5090 331
3064 691
3061 449
5868 700
5718 785
1098 548
2384 373
1923 124
834 316
2282 706
509 710
367 295
6496 884
3984 275
1556 439
4852 3
2135 386
5768 451
4930 683
813 102
5089 568
2906 859
133 664
4959 59
5405 307
2721 277
4690 903
2903 87
5638 543
4203 760
2105 719
3785 31
929 36
5040 177
2356 675
6145 280
6974 853
1279 674
261 646
4312 37
1358 364
4775 529
266 339
362 911
2622 105
2413 16
3689 348
4644 190
1087 556
6196 637
3181 511
3931 858
3150 297
1944 593
5684 176
1809 158
850 564
5266 221
3515 316
4565 745
5279 476
4091 11
354 591
2662 332
4688 8
539 663
272 483
3746 855
784 610
1435 79
595 13
2094 281
3068 830
1764 302
2331 778
5034 623
1024 775
6277 371
5778 377
3093 25
2522 538
6857 270
4139 743
6885 45
1194 243
4982 655
2717 477
113 606
3322 466
4987 650
3782 90
4019 80
3734 338
2242 64
6468 898
4129 62
4887 647
5704 869
5226 454
6715 426
5551 557
3118 646
2202 224
6580 522
3512 274
6159 707
3096 832
784 288
6407 321
52 612
1660 83
6360 159
2284 61
2437 892
4270 667
3829 484
4949 451
1374 293
264 712
1540 538
1560 505
596 422
776 341
6217 776
624 449
331 196
4253 491
4822 46
281 901
3560 7
5274 205
3886 191
5014 85
3301 93
4542 344
1275 102
2045 790
3073 642
1371 879
1636 460
472 571
6695 590
2463 518
5916 127
1955 148
6972 915
6638 585
1803 719
4278 723
1434 384
6354 300
5644 409
1628 699
1695 587
5816 496
2861 669
1442 134
3484 861
5184 847
4879 664
5298 334
92 223
2939 531
3537 452
6566 186
5442 437
912 94
453 14
6945 415
2124 837
1499 391
5039 201
1635 167
3190 227
5694 63
3164 708
2348 657
5415 525
1302 684
2032 28
2744 537
4394 167
5853 217
2421 675
4606 518
5508 688
1938 437
3479 294
3236 670
6338 129
3237 185
6130 177
3407 252
4079 600
4882 443
304 240
5851 39
2148 337
3593 803
313 567
2983 115
344 206
3649 861
4800 738
5414 907
6457 81
3644 604
938 928
1195 430
2704 855
4379 121
5168 149
4932 349
3377 311
3283 739
3747 637
4131 766
4193 861
6168 395
5508 103
552 45
2316 817
3604 694
3853 693
2356 289
6268 136
2864 474
2159 883
5504 888
4005 292
4292 925
2675 106
2357 559
6829 429
5112 259
4263 613
20 372
6008 709
4426 280
4758 517
2447 70
184 390
3510 246
4164 36
5323 865
4143 626
4257 66
234 375
599 872
5014 219
1641 846
2107 873
6327 415
3142 84
199 340
5851 267
5092 21
5822 150
4184 117
4760 745
5078 550
5178 205
2507 369
5664 351
6022 165
5431 712
2002 810
2996 586
1386 890
6709 166
520 374
3862 456
1054 460
4635 114
5629 142
6400 310
305 530
2007 801
1881 743
818 859
6797 57
345 561
2691 400
3817 210
1569 316
1671 333
1802 219
2583 710
4143 862
3708 146
574 470
1446 870
115 414
1703 491
5103 52
2481 737
2067 230
6550 888
3766 528
4003 417
4008 36
3366 32
1025 732
483 778
6419 913
805 703
6089 405
4224 567
1336 803
1703 73
2448 248
939 576
6372 629
516 408
6499 54
798 189
4867 391
4429 908
2414 76
5115 264
4990 96
1167 299
263 465
6646 814
3536 858
6723 726
2714 164
4387 142
1067 198
3383 410
2655 450
1386 85
1101 319
5040 501
4453 672
5986 91
1771 113
4962 161
4432 301
2608 894
794 630
1260 681
3625 429
2642 207
2475 184
2658 440
2896 46
4593 283
4542 291
446 868
2782 145
4707 9
2025 329
5310 445
5585 104
6283 811
3832 58
2715 696
1631 534
838 122
3421 909
4271 291
728 745
8 679
185 577
2820 238
1237 63
1263 547
4466 644
2567 808
5588 882
4383 142
4929 724
5213 275
6227 58
2524 35
751 462
970 70
1345 750
3884 195
5860 528
2516 162
4277 749
1268 296
3241 296
4938 616
5192 927
3740 170
2905 832
5589 595
4441 649
2302 736
134 566
1326 219
6494 66
1505 773
2794 385
6790 858
442 563
3103 549
2733 244
3419 351
3622 126
3789 35
4504 92
458 108
2621 287
599 535
1642 922
5673 320
725 310
4249 461
785 596
2682 444
3346 273
5746 678
696 455
6260 726
5337 490
2944 418
1876 586
1302 164
6447 880
4649 809
2082 454
4716 541
2356 602
3022 57
5395 472
873 591
2632 547
5078 128
3555 371
1222 56
4459 45
2807 610
4577 256
4190 260
5313 861
5775 493
491 564
4211 138
2664 211
1390 169
2066 877
6451 472
101 722
5799 553
3708 245
1647 454
1267 397
6303 152
966 547
3330 557
1069 327
6660 85
588 543
6622 408
1596 352
5570 569
4174 197
2119 127
1559 51
1142 538
2717 607
2436 224
6370 855
5462 322
4196 516
4278 16
5804 472
4205 299
4637 751
2483 426
4467 591
4150 355
5232 52
138 819
1897 301
4301 836
3475 768
2298 541
2315 586
3004 908
2030 793
4396 600
6461 116
2353 885
598 810
365 419
5252 426
4841 515
1288 846
5201 546
4520 249
4669 907
2154 911
2191 514
329 222
3559 893
6242 613
1334 602
5265 646
2370 439
6440 855
2670 692
6278 36
6216 666
1297 373
6231 522
1447 828
2207 808
6095 168
1996 73
306 569
2556 112
566 905
650 927
1721 11
1184 199
4296 61
5848 65
1307 817
1083 916
4540 214
3840 157
423 653
2355 869
2624 773
2189 502
840 73
601 488
5104 320
5398 631
5164 845
6824 667
4952 85
2710 80
488 75
4017 136
1369 730
1554 609
2179 153
1099 215
2313 699
1565 89
4551 615
5588 820
5412 905
3382 719
5994 702
644 168
1389 417
1312 17
948 686
1040 16
3571 869
6687 266
1113 602
3365 440
5631 53
1571 490
5567 76
4811 332
3763 507
993 91
871 94
323 150
2157 871
1368 575
1968 669
1903 778
4478 627
3276 182
5303 231
3348 329
4642 528
1887 817
1486 757
6817 168
4038 881
5059 568
2923 738
6879 4
2465 487
1221 665
1569 633
4375 766
3135 183
4965 439
2321 766
2146 377
3469 356
5268 68
3097 372
4071 363
4027 650
143 881
4376 586
3860 689
6917 104
5629 656
5900 471
2191 699
5362 524
5264 840
1065 678
6123 655
6324 77
4530 567
2503 196
5487 332
1615 846
587 652
5552 628
1498 110
2652 203
1326 898
2705 264
3667 816
4526 117
98 362
3007 119
693 839
2047 28
4289 62
693 848
5748 568
4524 401
615 216
5454 504
2116 836
5327 658
3516 319
2745 440
6194 78
2005 105
1393 694
3353 603
1856 342
1852 690
5614 619
6853 578
5085 830
3574 750
5550 112
5505 257
2453 319
4347 405
513 219
3903 353
3627 660
37 291
2821 125
3986 46
3851 692
2135 270
4550 736
5462 273
4182 795
2619 560
5821 45
3042 311
1737 179
6245 147
2322 262
3123 199
4612 444
712 661
647 904
2832 194
6001 826
4428 175
974 915
5498 796
4719 373
2275 185
2530 870
5461 798
320 175
1508 819
457 56
1645 697
4147 720
1368 104
1263 118
2121 337
1807 7
1471 704
2241 644
3084 757
5426 763
2814 171
6235 928
3233 50
2461 365
6487 214
3688 674
404 656
536 12
4828 590
2402 523
3735 152
5635 808
1821 251
2111 711
6338 576
3503 840
2285 69
5731 901
5460 419
820 505
1820 403
2146 842
5963 650
4111 668
833 782
5222 678
1230 523
3876 882
3723 661
5802 748
720 463
4945 691
3603 209
3741 6
3764 303
5758 387
1176 217
5437 558
4087 480
5441 410
661 35
3900 70
2980 681
2635 612
1852 361
5218 801
5110 403
2849 652
6505 763
2851 691
5770 694
6538 190
4326 53
5150 539
6926 169
4885 312
1649 362
2490 852
4643 791
2356 655
4373 893
4279 188
6549 824
3801 786
3308 389
1237 673
4015 73
5390 472
1426 715
6639 874
6777 819
2246 160
6614 757
4490 348
1466 693
4585 51
777 180
6390 435
1205 790
99 742
4736 175
3352 905
5346 278
5890 182
2529 503
498 537
133 919
2299 52
6850 650
4037 191
2922 864
2149 597
5516 424
6475 790
3834 554
3716 303
3641 76
1054 339
660 812
5226 820
950 33
4870 902
4563 175
4106 392
953 120
2434 370
1609 279
3571 912
5303 826
201 605
2928 827
5694 379
2799 557
328 630
1491 162
444 470
5708 727
6890 520
2032 360
3973 813
3549 41
1761 55
6273 644
4931 591
3746 65
1256 277
4000 882
5335 318
4828 304
1298 850
5204 12
2391 263
6747 580
3428 49
3787 242
4877 325
2631 718
5400 121
3605 710
3498 147
6889 611
5299 23
1018 186
5722 776
6962 188
1077 670
5998 145
5535 4
4496 601
2237 533
5915 828
560 122
5871 433
1350 770
3488 548
4777 159
4247 324
239 747
5159 271
311 480
1075 545
4985 847
1207 665
2439 799
6319 130
2958 306
3137 745
3856 617
5583 241
2655 372
907 153
6929 823
1929 597
2429 889
712 256
4305 885
3520 209
664 219
4298 82
5851 30
6453 495
5709 808
930 619
888 829
6196 208
5004 325
3403 23
3375 264
561 355
2658 418
4864 393
2277 187
2603 637
4209 866
5488 892
52 537
1766 919
5973 776
2839 43
941 336
4481 325
5307 250
3445 903
5607 280
6921 293
5890 149
6787 638
4469 904
2586 873
196 133
232 833
4724 550
5257 497
1004 694
3781 616
793 93
4311 14
4028 105
1779 253
5579 116
1381 692
3329 686
5231 904
2550 830
174 34
1520 429
4570 379
6875 242
3643 103
2085 135
6879 146
2398 101
398 789
6272 613
5034 397
5752 182
3872 398
2425 569
5490 113
2326 519
5197 58
4398 415
6117 431
2317 67
3628 289
6844 482
4603 474
829 99
417 297
1292 456
5979 618
581 626
789 231
5297 403
1208 541
3415 181
2682 900
3947 899
1246 320
783 132
2334 805
3416 649
4246 389
1844 172
1676 659
6274 166
6871 2
6569 213
3589 741
3416 372
3329 357
483 399
560 338
6406 718
3117 358
1074 570
1597 499
4735 387
2866 326
5294 10
1110 803
1794 814
6247 138
1152 648
6171 63
6652 601
4294 550
2915 661
2144 29
3264 547
1207 73
5978 903
4155 880
3834 51
6934 897
2281 752
5219 308
6974 60
1225 811
50 925
3375 653
4235 238
4081 435
5877 67
5769 188
6740 287
1565 844
6700 734
937 97
997 249
2000 227
2604 708
2376 752
5166 546
1369 404
5923 632
3985 7
6753 638
4933 242
2325 163
4032 59
157 741
3802 187
5941 239
5221 33
5561 781
3785 812
798 803
5831 417
2846 463
5693 733
4020 288
2275 917
5577 812
1111 875
2315 570
275 899
3167 654
973 47
2635 753
4059 304
5206 189
3320 189
467 218
3224 301
1449 597
1958 140
3321 765
2033 16
2926 174
3600 362
2142 747
4373 126
1573 748
1352 164
2925 741
1701 272
3884 910
1255 601
6011 364
2390 252
2591 129
1605 125
2665 405
6970 96
6226 85
1650 518
1897 672
1745 782
2690 238
320 595
1784 19
544 875
5013 688
1732 509
3311 65
6664 623
5633 395
1957 825
6615 639
6664 686
1858 922
6245 119
3585 152
328 866
2402 104
5678 683
4151 174
868 552
4246 574
4543 193
6378 568
459 325
6498 448
1708 165
6564 13
5079 50
5709 821
5987 417
1655 216
6217 570
605 43
1271 454
6216 804
1748 329
1244 369
6675 271
966 731
174 766
3939 744
388 822
1093 221
4564 266
6082 360
5819 501
3998 193
1150 327
5670 820
5935 923
3132 382
3054 699
1977 586
4400 607
5803 817
2070 232
6242 130
5328 251
4271 418
3432 358
3450 260
4795 796
4896 107
5585 333
4032 645
3959 415
706 709
5617 342
4955 923
4549 238
503 760
986 378
6231 153
3458 614
6530 546
999 363
711 140
2473 564
5840 437
1496 919
4363 348
6817 339
5274 638
1078 925
2821 192
5891 816
6048 578
3035 887
3517 185
2048 71
2996 87
3461 464
6391 793
6322 249
4572 709
3797 326
3422 734
5968 396
6527 68
5278 814
1789 359
4795 862
4743 854
699 594
981 824
4320 798
3297 96
657 427
6558 693
322 560
3383 437
6452 612
5924 278
4787 639
5997 835
5517 568
2284 409
4562 436
1712 878
553 660
454 704
223 750
1841 442
4729 885
483 748
5186 444
5564 376
6390 435
2864 169
587 326
5642 674
2671 754
4584 176
5111 87
5834 873
3683 406
5091 689
6689 463
209 517
6964 263
6410 662
2987 741
5294 671
6493 781
860 195
3322 488
5149 670
2440 550
4811 493
5267 114
2981 447
1445 84
1453 494
4757 160
1492 662
964 778
5353 375
4061 506
1903 361
6077 642
4753 262
1223 567
4227 398
6178 778
3759 4
4446 591
5465 661
132 497
659 97
6068 632
3004 732
5160 769
4355 425
3594 927
1171 117
5264 437
2151 337
4955 417
3590 124
365 450
1106 316
2361 182
2796 872
6291 658
5236 264
3376 502
5566 104
457 920
3950 612
1781 109
215 616
5863 340
6782 367
2901 238
6182 688
835 98
5597 590
2865 338
6941 633
2415 914
5624 459
626 564
1056 909
3089 94
599 298
6086 774
5906 722
4051 59
4288 433
240 919
22 835
204 15
5720 330
4411 503
5060 819
6279 483
4164 160
4890 361
846 160
3622 743
4562 505
1126 804
1627 672
2644 274
5721 98
3352 795
2293 826
6467 902
4523 416
4330 127
1360 527
2547 733
4780 682
3460 604
4663 541
1300 514
3591 596
4243 677
3348 554
5787 646
6859 111
2170 756
5365 670
4026 587
3080 58
3171 28
108 58
1677 538
724 74
255 468
6202 261
2344 765
1526 511
790 44
2760 355
2400 751
3299 825
5720 255
3881 901
2836 458
3373 28
2516 630
1005 493
1632 29
6654 262
360 178
6317 836
496 817
5451 630
2964 296
5785 103
6073 160
1329 71
2550 32
271 230
5643 798
6524 788
6092 120
5373 475
6425 404
1469 560
6622 692
701 808
547 22
2382 876
6770 733
1767 792
2378 7
5488 282
2436 6
6775 643
4459 544
3418 816
3140 502
6629 98
685 15
191 888
1856 52
3838 541
962 511
183 768
3109 538
6132 541
2783 149
4484 878
6451 548
56 377
565 279
5473 96
3669 657
4418 239
1803 758
4354 180
756 808
2050 712
938 758
4062 703
98 694
2702 639
2209 251
650 103
4768 512
4929 504
2432 636
3035 851
4395 879
291 150
708 504
813 751
5385 759
4952 69
69 671
2863 550
5711 774
85 697
2533 113
1739 160
6140 193
1789 287
6517 475
1437 890
5855 303
4296 34
5886 56
1513 528
5543 198
3856 689
2387 401
5041 359
5456 151
1642 170
6628 128
3454 847
6748 320
3996 887
1602 38
6747 297
3698 806
4178 867
688 573
379 349
5790 321
3170 94
3303 168
2829 662
4161 75
4016 93
2934 326
2792 891
4382 685
985 387
2863 124
1693 675
3943 547
3058 779
1290 439
1908 629
6066 282
4877 180
2593 545
1597 854
2784 541
3172 926
229 87
4597 134
6524 915
334 437
5590 795
4758 884
3073 507
3541 593
1870 700
1804 751
1330 120
2485 407
738 583
5324 171
1680 349
2905 375
6398 820
698 42
383 375
5480 919
2437 903
54 637
4942 464
4390 111
6436 481
6641 911
5769 883
2921 166
1844 314
4651 610
5401 47
1237 640
5403 730
1264 99
1558 369
1914 123
2186 390
3030 604
656 452
6001 636
6895 571
4166 125
6538 794
1268 602
1179 721
2805 503
2702 355
5573 620
4186 270
6261 287
4758 393
1575 121
5258 855
2318 151
917 66
3684 198
3475 198
4117 803
351 169
1520 570
3061 174
5607 366
957 651
3149 599
2295 161
852 492
5692 605
2210 895
733 832
1833 109
240 864
1358 799
3738 246
5233 285
1308 721
5666 491
861 850
5007 589
5111 288
753 534
4172 895
468 503
245 679
1855 51
5723 550
1563 29
1531 160
3055 612
4736 689
1275 161
2076 312
5136 66
732 89
2757 536
4304 844
6193 236
47 133
4770 22
194 865
2652 61
3732 151
6945 723
4085 216
2338 89
62 827
5060 875
69 99
4406 434
2306 203
1749 489
6398 860
3912 296
1671 265
6009 552
5638 231
184 333
5321 262
5811 357
3945 207
6394 346
2328 544
1314 188
1749 522
2947 556
2333 903
1116 128
1578 852
6662 525
2401 631
4289 259
1111 904
3178 126
533 566
2053 751
3024 851
226 752
3729 123
3499 711
6727 516
2049 12
5886 450
4773 627
3412 610
3336 347
3448 483
875 840
3592 813
5742 430
405 238
6115 12
2802 57
2260 701
1698 867
2201 734
907 389
2233 144
3889 920
3615 584
1081 783
3527 675
6383 547
4453 245
4754 235
5927 439
870 646
4426 491
5234 829
6095 757
5428 63
4585 580
3807 492
2128 538
3853 634
687 895
6531 118
193 788
5143 901
647 286
4527 324
610 217
6392 916
3767 822
6793 117
2959 699
4725 471
2828 252
2330 562
6856 96
5895 261
5457 26
5048 126
4781 5
6521 924
1035 633
4821 773
4644 821
5523 869
653 307
3693 926
249 843
2681 186
2347 27
317 445
5088 715
1616 392
2177 500
748 27
5195 382
5689 470
5968 654
4540 196
1392 535
5691 91
5878 425
6284 351
6559 45
5841 308
6615 865
3553 412
2662 119
919 63
909 208
708 304
5464 649
5645 853
2263 384
3711 518
4770 71
642 574
1388 916
642 671
5112 634
3463 795
3621 592
4875 602
2178 858
2963 328
6342 274
4985 18
2647 9
3708 720
2387 435
3929 699
3581 902
5622 597
691 630
6535 824
2229 605
6595 848
118 536
2973 779
2708 755
4770 366
4114 541
1754 95
17 466
1724 250
1663 11
5466 645
2577 25
119 781
2951 452
3397 32
5540 58
2862 109
4693 309
2561 414
476 512
3098 343
2627 856
5518 797
6579 855
2644 923
5770 481
2589 793
1455 118
6694 275
4205 874
6933 557
4463 503
2961 68
3056 63
2281 194
6618 412
5986 28
561 212
3273 396
3898 177
231 856
6042 457
3226 314
5268 756
2400 373
2669 288
5725 696
1362 61
4788 869
5616 217
258 61
2519 267
6836 702
6719 270
1916 107
4453 155
4447 368
3681 5
4198 447
4241 916
4197 88
6466 424
6066 169
5500 204
5224 391
6760 286
5839 689
5692 260
5161 12
4713 40
1076 326
3534 349
5547 526
4045 314
2242 183
878 800
768 793
512 204
3489 659
6671 402
3540 832
2432 850
3832 207
4241 266
4897 269
3989 728
1424 228
6273 528
2513 832
5925 430
5989 61
2587 764
4450 736
5831 8
6221 564
256 339
4121 238
933 252
1864 218
1831 696
5690 389
5097 9
561 191
1194 110
4391 810
2426 562
6245 773
2431 745
5133 700
4697 499
2049 304
2364 546
4764 216
2761 398
2505 910
6838 344
5314 642
6599 847
3404 469
3750 638
3339 599
3283 252
6470 126
583 289
1788 30
5766 227
5764 46
4187 864
2956 396
3552 880
6053 611
1558 226
1656 461
5553 794
218 2
2666 116
1830 266
2171 170
2274 257
4466 448
4278 324
2070 59
255 927
5800 213
1996 132
3676 557
4327 130
679 631
723 132
4742 544
6832 360
955 564
885 294
2821 113
6464 392
5002 738
3160 448
2087 796
3560 651
4224 575
2433 340
1496 170
2977 882
1191 297
6295 640
5910 655
3135 355
6884 496
3966 571
1653 656
4883 45
6313 835
3998 34
4689 316
6247 319
2199 387
6370 340
1794 354
2310 375
4692 11
1129 213
1858 302
5023 870
1749 465
4109 586
4339 892
5208 305
1088 13
1431 618
6647 894
1569 573
2748 150
1820 593
3311 504
1062 506
1317 532
5219 728
2315 648
2635 254
6891 690
5426 693
4870 528
987 368
511 133
4712 676
3410 303
5803 394
1439 840
4400 11
1336 662
3546 131
6136 139
2494 23
3448 470
767 714
2654 867
6735 715
74 90
2311 461
5750 540
5829 637
2269 584
4432 479
6109 807
1642 257
2214 264
111 221
1743 427
2771 398
5529 540
2170 749
3790 756
5368 664
1230 81
6606 525
1686 642
4112 31
1044 50
4490 428
6556 526
6733 376
2786 261
4163 538
3405 311
6707 657
6389 21
995 765
4150 425
3019 900
3641 575
3468 880
2996 70
2128 629
3655 399
2645 757
3397 597
5931 718
5807 803
6742 420
3891 677
272 879
6212 301
1354 571
1386 418
2536 453
5719 644
3315 774
271 172
5912 68
6693 172
6267 587
6771 30
6178 65
1091 894
1812 169
6562 911
4653 142
5426 437
2822 442
4476 50
4617 787
6767 71
5254 498
1724 151
1908 925
4805 136
3884 622
1090 849
3337 833
6427 323
549 824
2372 745
6688 405
2845 157
3086 857
4618 386
5852 554
121 217
1275 899
3305 16
3908 377
1292 129
695 750
4302 328
6379 373
3866 865
6377 634
3492 550
753 596
4551 696
6945 920
1437 821
6618 70
1874 75
1323 735
3944 377
6414 640
3020 181
565 200
6257 476
4767 769
4791 450
6758 241
4198 499
3372 908
3903 681
80 312
3716 747
3521 339
999 632
3998 920
3842 341
4821 156
5219 436
1428 843
6511 443
607 908
861 361
5018 361
5517 565
284 919
4257 6
4101 157
2779 177
3515 178
4518 157
6729 284
74 617
4005 699
4804 697
6419 831
6589 243
856 858
2719 75
2228 837
917 418
6364 781
781 25
1580 171
462 656
1623 534
3069 572
5006 829
5767 214
2345 246
2095 307
258 212
4379 161
5560 718
6857 424
3971 119
5174 623
4501 231
692 240
97 925
6431 42
3792 692
3452 714
3589 852
544 581
6526 647
3651 649
2659 712
5183 415
2790 31
4521 622
6662 217
6480 419
2229 567
6465 811
513 102
4968 302
797 49
1219 198
1814 515
912 480
5380 653
6226 379
901 423
3122 449
4475 64
2618 138
6342 359
4026 917
6512 747
6348 755
4265 367
6243 5
1894 928
5079 371
1697 223
3439 313
6639 828
6948 912
6336 74
2366 410
5706 481
2928 562
5257 417
599 794
743 868
1211 595
6405 754
1839 377
5811 823
6165 330
3382 138
4408 656
6595 868
1420 739
6147 131
6153 500
1484 330
2306 340
3281 766
4289 605
3268 672
3595 179
2702 149
4641 463
6186 18
5163 761
6478 398
6661 353
2346 73
252 176
174 49
6104 739
2687 193
6507 434
2788 734
4908 115
1588 910
3710 808
1893 484
6930 387
3142 527
1551 172
3479 378
2239 331
4929 263
1868 588
6521 532
4471 881
3498 13
3988 13
5873 615
2582 779
5848 83
4106 504
3697 386
5280 127
1518 337
669 723
6867 210
866 190
1496 292
4274 86
6943 521
6255 363
6470 130
1089 108
1416 34
2034 670
6371 382
603 883
3129 45
3727 766
4907 770
4259 861
5611 84
6501 449
6847 397
2025 554
5775 860
2821 233
5271 700
5089 917
6700 534
2911 503
109 892
6858 916
1893 586
1090 272
2032 827
6392 795
3370 339
6878 114
5770 366
2007 482
1521 178
832 923
1062 235
5642 269
2117 74
3822 628
6741 561
5220 118
3067 317
2862 509
172 742
1952 107
6356 334
6757 272
1236 178
3142 637
3932 323
2811 711
374 491
3836 438
3524 208
218 524
5762 399
6414 157
2444 724
6517 697
2731 383
5090 665
6165 384
4476 288
1090 320
6715 188
771 568
2618 516
6939 108
1859 682
661 728
1326 819
3326 868
1009 288
518 25
5885 46
1530 809
6925 325
6243 642
81 879
3952 360
6527 663
2881 307
1126 165
2245 915
3389 598
1037 240
4367 857
5470 570
3795 584
3941 113
192 731
4296 347
4311 480
4184 565
5886 75
6918 592
5918 599
844 122
5895 546
728 715
6409 860
4050 168
1303 198
254 31
4896 568
2612 146
6938 221
217 492
3345 56
6918 322
1336 904
1714 612
5488 714
580 390
329 728
6257 29
6645 700
2930 624
1808 731
1422 119
5648 30
5786 170
6246 173
1837 825
943 493
647 139
5868 873
3239 241
6633 314
2200 687
1504 890
5717 570
4004 800
4307 903
2128 591
395 506
3837 471
1223 368
896 96
6101 83
2510 620
774 511
2101 296
865 162
4307 565
3759 708
718 603
6816 411
4988 723
6367 298
5918 758
1695 2
5002 626
1566 370
1079 281
4273 290
5811 537
3170 651
1225 275
448 755
5308 657
3376 591
6745 114
4593 875
4910 500
937 534
4491 80
5277 164
5736 618
5166 110
5736 430
6541 38
5225 105
686 22
1012 534
6602 206
6472 48
5533 617
2625 794
2161 186
6333 381
443 56
4545 192
6875 54
6944 57
2901 86
377 564
2235 325
1847 133
624 303
4600 331
3690 716
3607 579
501 770
6143 656
5715 723
4454 522
6301 411
5020 487
3990 207
5306 312
5532 461
4401 475
5522 558
5300 846
3133 152
5602 212
5809 150
5623 723
2686 473
2587 187
4482 226
1455 568
1387 177
2688 58
627 635
3679 790
1268 633
2606 618
347 463
1242 683
2817 272
6505 907
3205 662
389 201
3793 910
2274 868
2302 41
6383 324
4377 142
4526 528
5608 787
5286 501
4960 743
1384 780
386 562
533 868
960 413
4048 579
4737 582
2653 577
5038 545
5622 451
4931 637
3379 244
2069 551
1638 145
4497 396
2725 811
3225 332
104 263
502 534
3471 673
6847 510
2294 731
3985 341
1519 141
2341 3
2175 384
3435 757
2307 176
6015 742
2966 440
2078 883
6450 245
702 866
1562 648
5893 371
4317 753
6467 160
2197 78
2633 649
3976 185
4495 848
4616 230
1119 814
1174 384
2019 888
1322 891
4474 673
1925 479
5478 671
1160 820
5984 794
5604 885
1222 663
2225 854
6520 520
406 878
4432 674
1922 430
736 74
1862 724
5942 41
3272 120
1590 761
5997 357
4849 471
1013 225
2173 123
3021 885
5984 471
1525 353
5669 160
5441 51
2217 536
3902 500
1046 816
2373 906
4636 917
5453 242
1970 26
1556 430
4060 879
2201 342
5447 702
3695 333
4619 464
5971 351
1100 647
2120 555
2898 313
4096 715
2336 486
4729 829
3648 585
5006 74
4579 148
5990 105
6809 926
2082 486
6083 48
6265 266
3532 644
2752 557
1599 436
1193 483
1028 98
3270 862
4180 90
1584 186
5563 561
4042 798
5480 866
1704 751
5889 357
4864 779
355 255
352 912
3439 414
4910 490
1207 173
3386 764
5003 789
4730 7
4781 845
4139 504
1671 899
3524 303
2242 266
2489 588
6469 279
382 495
3052 195
6378 876
1857 463
1923 202
2073 488
6943 757
6819 623
2391 867
5878 696
5104 575
5730 883
1211 635
4372 7
6881 854
2314 642
4033 667
2674 643
2586 634
5831 477
5284 281
2521 156
6568 775
2155 307
1540 911
1365 253
6224 49
4221 630
5586 164
484 926
391 784
254 290
5320 876
2827 304
7 618
3515 592
4528 97
1376 503
2495 51
1042 757
6055 545
4123 343
3281 18
6581 916
2811 842
249 563
5203 154
3983 365
6670 598
2837 476
1198 794
372 536
1527 512
206 629
3253 870
6525 471
651 399
1944 900
1684 445
6415 756
2826 136
2975 783
2862 282
500 368
4480 767
1721 413
3223 536
2227 34
5204 646
187 894
5747 126
671 73
3702 702
2798 465
6183 201
3749 629
2907 813
6769 370
4742 850
4101 559
3769 600
6139 371
4510 22
3094 551
5887 303
1770 161
2069 884
733 224
5542 558
4449 734
1157 531
3688 788
3057 236
3768 111
167 775
2038 683
709 523
1966 214
1995 28
3519 671
5024 718
5325 779
6470 301
6923 245
585 673
2591 204
5656 31
1081 647
4188 463
5616 846
6590 600
437 601
814 626
2304 54
6088 87
3732 719
945 824
1456 550
5901 369
3221 646
4403 216
687 313
5445 624
4243 14
2551 294
37 253
4238 410
665 704
5109 853
6284 429
1874 491
2385 68
2069 225
5665 853
4881 399
1590 128
5515 904
3802 36
2036 110
502 822
3315 135
3378 761
56 702
5507 299
4949 911
2565 802
5402 482
4656 264
162 377
2943 594
6139 613
4561 595
3999 325
2447 639
2808 160
575 385
6768 427
3342 488
391 684
5986 541
5209 378
5239 100
5649 615
1051 414
3938 70
2881 131
5295 730
4370 335
5603 137
391 40
470 775
1617 636
6 858
2579 224
2612 211
3976 378
6631 397
6390 654
4543 403
5182 37
5593 67
140 718
1937 487
3415 718
4858 851
225 850
3707 411
5931 243
5648 377
4142 390
5172 154
6439 897
4891 400
4248 826
6370 647
4148 738
5932 742
4229 726
1563 70
454 190
5774 343
6254 921
2802 637
3468 576
5716 573
1270 709
4037 814
1200 664
802 708
1790 444
3013 35
5530 87
2578 646
4668 838
6828 296
6917 433
5329 370
4397 285
791 317
751 856
1549 759
93 293
4098 166
4142 139
4522 445
6754 904
4016 803
4309 774
1048 858
1035 896
6415 346
1112 450
6585 664
3772 363
5765 234
3723 494
4023 905
3147 754
245 3
2023 68
6517 70
4543 557
2582 742
4832 793
6090 674
6473 166
3368 490
5967 231
4473 324
4902 816
398 581
4143 27
6681 571
3607 899
4911 848
1425 462
6850 638
5250 813
6119 426
6886 671
6715 116
6931 731
3264 522
4599 46
5498 868
2085 745
5378 312
3683 53
6382 782
2630 322
510 361
2979 454
3407 608
5694 75
3870 844
1123 341
3073 100
2174 521
5248 850
4302 24
3253 727
5815 892
2030 139
508 423
445 701
5468 67
2760 153
6385 893
3754 873
5033 300
1333 62
6302 613
6638 667
392 429
5711 913
143 371
3261 155
2954 864
2509 417
2801 53
5456 447
120 762
