5000
2042 269
1870 3416
1690 1876
3723 674
1924 2653
2890 3428
3701 4968
3502 3727
2443 2376
303 5020
2334 4790
3427 4516
3908 5412
3404 466
2567 1828
2116 2749
2363 2254
3144 3360
2048 1673
58 2695
3009 1777
221 1590
4571 5396
121 1267
4528 3285
747 1228
3543 2562
1158 4674
4347 1437
2072 700
4724 1256
2549 577
1311 4499
115 3509
1473 1715
4070 1510
1510 2285
1391 2555
1193 398
2847 1417
660 1507
4519 3208
394 2956
4059 2634
4380 3865
3984 3559
3011 5245
3989 2962
4693 705
3299 744
1634 1849
4137 2958
4512 1444
3746 636
1074 4787
4238 3337
1994 1571
1445 2438
1369 2835
32 340
1569 2013
2843 2195
3890 726
1622 3554
1220 4827
1889 834
553 3893
2056 1618
1705 546
818 4970
2999 2154
4084 1769
751 1748
3372 313
4557 5214
4338 2198
3365 2370
2835 4043
3409 3157
2525 3333
4646 4891
499 3471
1907 4971
3806 558
2275 390
3246 2787
885 2891
2572 2647
203 985
2595 1294
1119 2993
2270 872
3890 5183
3849 907
4101 248
2882 1342
2648 4197
70 106
2836 3475
1755 948
2191 3351
4042 2013
1441 3639
3980 4960
1358 2077
2533 4142
4025 4501
189 5329
1158 2965
3040 2144
2607 2068
3557 1410
968 3863
375 65
2875 932
1859 1890
2501 4313
1482 1101
2328 275
2498 4072
3005 3314
3025 766
2950 4669
2163 3120
2215 540
2852 3514
3137 1438
408 1006
1468 3650
3407 3749
2676 2894
1225 1848
1965 4726
2189 2450
2725 1176
3439 692
522 3130
366 3005
2856 3580
216 3516
3343 5445
2556 4686
90 2247
1940 2313
613 3093
4044 3777
624 243
3863 5419
2149 1240
1815 2683
630 333
2774 1576
820 4702
98 4993
3191 1295
2943 4772
2161 662
561 1986
326 2966
3736 3506
3269 4742
1559 1528
3732 2087
1021 1317
2555 4172
3506 4779
3919 3186
1425 2175
2330 1891
2861 1111
1275 5044
4086 1576
1024 1212
165 559
4570 1582
1445 4010
2494 2757
2329 504
1910 945
3467 5378
1678 2002
1227 5002
1629 3250
1592 3656
1274 4810
696 190
1704 4534
1482 922
4609 3485
3923 3261
1210 2570
75 1386
894 18
3668 3048
1932 3321
4489 3721
33 188
44 4078
2021 1019
4421 5399
2651 4951
2165 1800
1164 2782
367 1410
3545 2502
1024 4906
1009 2939
2909 4017
437 1773
2963 2481
2045 4121
3961 3014
4633 471
4206 3538
3374 5119
3504 3381
1856 4822
938 1199
2574 129
2335 5091
341 2464
2571 2146
3895 1959
1265 1379
1218 2540
1905 1041
113 3549
3557 4199
1091 415
2475 2067
2845 5274
2885 1106
1946 255
1680 2444
4347 2142
681 35
2323 4975
3870 2043
19 2807
2895 4025
3618 3649
3056 1789
1092 2677
2368 5151
4187 5265
601 935
2335 1842
2015 1182
1160 1337
577 4348
255 1076
4423 2301
3092 1561
1006 2874
2734 1328
3598 4199
3989 3791
4062 3078
1922 185
3971 3739
2778 5162
2396 3692
684 1004
2580 4278
1783 2107
451 105
911 809
4217 1603
2991 5429
4017 1951
4294 4361
3513 4175
4712 258
1560 2532
3378 3004
1082 3749
55 2728
414 2806
3258 401
3232 4624
2896 2692
2716 683
3341 2479
3810 2669
4550 647
4261 283
894 1637
1056 1660
3617 2710
2585 481
2687 2046
2650 4993
264 2117
4057 3439
4620 5113
3721 3887
2412 1699
1560 589
628 1150
4495 3091
648 221
2848 4538
2039 3444
673 4297
2406 3858
1326 1709
2387 1744
2987 968
584 1152
437 522
2375 263
1419 2653
3696 4466
3087 1650
3514 3296
4079 5337
510 1391
2719 1388
4224 4768
103 2385
2361 882
2182 2249
329 2011
3978 2449
2839 499
664 4209
892 764
2045 1611
3668 862
4465 1305
2137 2040
2979 1123
4443 2726
3143 2607
4244 1160
1110 574
4468 4912
2239 4043
731 4550
563 2837
3866 1627
3237 5335
2201 4428
2644 2999
4570 1660
659 999
1584 788
1209 4057
943 2860
4273 662
1313 835
2259 161
2806 3170
3792 4507
4197 4648
3297 543
4677 1240
1071 1409
2832 4047
1081 2170
1453 1206
1618 356
308 5159
2099 4138
620 3153
359 5176
3506 2983
4357 4248
919 1679
2480 4262
1994 549
3026 5374
2175 5147
3162 4893
4290 31
2758 1589
4469 921
1570 3407
2903 1166
1129 1249
2241 26
3460 3856
1087 2657
1616 3758
2961 5263
2215 1721
272 575
3938 1710
3100 4567
2625 4990
415 4726
1481 4298
3216 2027
553 4928
912 577
2813 4576
2944 845
4025 2738
3859 717
4612 3628
2655 2131
4368 2132
1836 663
1154 2802
991 1266
4513 1011
4529 3771
572 1803
1211 2002
1696 888
1325 3059
1085 2443
2100 70
4245 3685
4055 4953
1955 446
1586 4502
1626 342
1917 222
3122 3034
1276 558
1105 4361
2836 3174
1745 1044
842 2991
3494 4433
1390 1686
3799 3549
4198 1036
4714 1689
3224 3828
1742 2474
3920 3429
2719 3017
4255 1968
2549 123
1587 2315
1158 2930
1921 115
788 135
2871 1191
2124 874
201 1246
1142 4831
678 2360
1067 3154
3676 1084
1730 1113
3437 1512
2845 3914
3246 1088
2116 549
4306 4637
135 4021
3305 4934
194 5217
841 3239
646 3350
2263 4903
1866 1806
3479 623
3920 2493
3180 2411
1169 3651
1811 2199
1370 1738
3065 15
417 2027
4579 2021
2867 3305
587 2412
2588 2570
4630 4344
2194 777
3578 456
3349 1284
1053 2017
4464 598
3967 4500
1497 2218
1497 3482
4073 3287
1006 5048
4597 499
4603 3877
3406 786
360 4235
4284 1170
1622 1130
528 1310
3399 2381
3176 4886
3695 5140
1529 5114
2120 3485
4407 102
4240 1328
715 2301
1524 3293
3052 1194
1413 135
1070 3781
2133 5163
3687 4265
3478 1376
2571 2189
1031 3131
2427 3685
3540 2798
1502 4328
2853 4136
1637 3948
422 2571
256 2973
3823 1141
3929 1085
577 1996
3837 256
996 252
4543 4567
783 2371
1234 4054
4454 79
3 4151
3248 128
3698 2825
263 2842
3347 2424
866 2439
1596 179
585 329
2298 5271
3443 420
589 2530
3557 1096
3435 3022
3050 3575
4176 645
3935 4029
3026 891
785 3624
1015 1792
3056 2737
1517 5071
4718 776
2307 1313
3793 3217
2620 421
4738 1479
2689 448
1784 4206
972 3825
2271 3610
189 1937
4084 177
2824 5123
3369 3524
704 5111
3448 2391
2315 1970
1250 4258
2800 2348
3899 4771
3239 5437
4031 3843
2364 3848
2457 2214
326 2496
2138 1517
1063 2222
3601 3577
2409 3390
2649 4377
4666 1919
215 2663
2350 3175
2714 2261
494 4538
3891 3611
3055 4398
3667 635
2092 685
899 48
1083 4275
3181 249
1018 937
1531 4317
746 4630
783 4081
2612 4693
4485 2234
4343 4400
3658 4586
902 4631
2643 3397
4663 3207
4316 1799
2325 2217
1103 1591
1267 4477
93 2058
2684 1251
869 2912
1791 484
2079 2757
946 4540
420 5338
1884 2031
1099 2866
3356 326
2032 4299
940 5441
3845 1752
709 4224
1136 2337
4349 3408
1637 812
1052 3608
989 322
1327 504
4246 5013
931 4481
3357 2031
1934 1504
2435 2720
3198 4313
1924 1967
2116 674
2184 5124
2615 2181
3104 3991
2262 608
1930 2608
2780 2908
2151 3822
1621 3067
490 3694
4068 3462
4462 480
4662 2012
2187 2464
3448 3137
1026 4395
2845 3006
1410 2034
3840 1849
912 2890
910 4272
4499 2824
581 147
4101 603
1551 2298
4180 3428
740 4370
238 593
538 3659
3394 1074
203 3162
1170 3484
4436 3623
2154 4322
4390 200
825 333
4048 175
2766 5279
1704 1140
618 273
3262 5135
328 3153
1314 2970
928 2577
181 4516
1822 76
4292 2587
4204 3582
4229 3590
453 3447
4647 2808
1521 854
4286 3048
30 2631
2397 3240
1836 2082
2452 2409
4327 491
221 2219
4186 2935
3721 4848
3203 3961
4106 2832
3636 2023
2259 2383
979 2370
3729 2273
2608 171
4285 520
4558 4085
1275 3782
720 3269
3769 5019
565 4519
1317 295
806 1334
1226 4460
4094 2905
4074 3277
4056 5298
3700 2623
1332 3223
2468 4704
2466 4793
294 3414
2356 2538
3870 400
898 1066
3388 926
1938 2410
1014 519
1121 937
3820 1112
4422 5227
2866 5018
1079 4904
3883 4801
3358 27
1666 3284
212 2210
4396 1137
903 1810
2255 2242
847 2895
2452 1982
225 2487
4706 3351
3048 2668
3838 1913
581 1165
4107 2652
4312 4938
3482 3381
3763 4926
2815 3769
3626 3436
4254 450
2936 450
1740 2235
1055 82
4352 2807
3583 4566
3900 3210
1659 801
770 1150
1305 954
3006 1897
2800 5440
1798 4552
1891 2922
3179 5093
144 150
2265 5035
182 389
2545 2493
2102 2873
3566 2218
1462 2483
26 1963
1109 3247
255 5176
1589 3831
3335 3304
3840 4905
3297 2002
888 2962
32 2366
2653 4352
3644 3895
52 4541
2229 4401
2678 282
2894 758
2408 3905
4105 282
3751 2716
791 1175
1497 489
1832 2794
4252 5351
682 5373
4283 3661
2888 3160
2380 319
3447 573
3512 3730
1393 1861
2364 5052
4694 3463
4687 2027
95 1171
1520 4276
1422 2383
3956 4134
3628 96
113 4502
2780 3159
3878 4368
242 4334
199 2376
1547 2383
1399 3543
765 985
879 1961
1198 2277
1838 1602
930 260
4411 1922
1707 1683
1329 2010
1220 4514
2050 4778
3938 4881
2424 3576
1704 5227
2194 2792
832 625
2155 133
2608 1724
3071 3313
4339 987
1668 4910
930 901
2030 2871
3249 1280
2917 2493
3326 3547
4195 2402
3547 1039
3615 4263
3536 523
1339 3546
2652 2602
600 888
818 1279
1218 1164
1112 432
4347 3894
1098 2051
264 433
500 4818
1958 1160
3212 5218
4553 3111
3332 3556
345 3243
930 1658
364 2451
2637 4329
2451 5226
2270 573
4588 5411
1854 4959
3327 4641
3792 5061
3776 5290
4321 62
1165 4213
4192 4360
2721 78
260 1075
4649 4722
2824 2274
3584 3427
1784 1255
733 1853
2351 4727
2069 2536
2048 5045
1538 1536
3075 3901
2903 4506
1467 4772
2832 261
4744 4867
1097 3688
532 968
1062 341
1279 1400
1942 2069
206 1932
2272 4749
2155 1270
123 3497
1122 4336
147 372
89 3586
517 2732
4637 4655
1970 4127
1326 4644
1785 429
2504 1747
1649 2680
3349 1937
677 569
790 2896
255 3804
1326 3290
1844 463
1819 1905
768 2967
393 443
4456 2707
1571 3293
4204 98
3861 5058
2800 848
2625 5369
1749 3809
2446 859
2618 1016
4124 2696
3779 4958
2717 62
1538 5321
3193 4824
3134 2151
4478 386
3308 4649
323 1291
3001 4668
536 1665
1165 2091
3206 2652
3010 1238
4367 1999
737 3070
119 5197
2352 5167
4569 1123
2335 3669
1696 1882
3301 3582
3325 3925
578 4744
2725 2068
214 5108
995 3542
3083 5203
3350 3784
3463 4950
3535 4388
683 3010
3739 4937
1177 3776
3517 961
3773 1673
2793 1519
4111 1133
2558 3170
4422 5446
4012 4870
1061 1334
4689 1513
2713 1000
1361 664
656 109
2767 4276
3992 513
2265 5280
575 1544
774 2502
1461 2179
255 2741
3795 4706
2361 4471
2980 1308
3225 1340
3545 1500
3883 1888
1886 648
4702 4377
2784 2073
1933 5231
3123 5301
1879 935
3047 3378
492 2108
277 3526
4578 5289
858 2909
3391 3232
4022 750
1003 2149
3738 851
507 5430
2153 3254
3129 3876
1681 4456
2120 1297
3379 4948
1659 3123
2494 3864
846 3999
1786 2309
791 1285
4011 4871
1583 365
4199 5217
3433 4083
614 770
3701 1475
4503 4558
3006 1342
3831 959
2903 2189
1504 1953
3057 3280
260 600
3579 2557
3514 1173
1370 3785
153 1044
3227 1727
1698 718
4731 5287
795 511
3352 1530
926 1285
1797 5256
2952 1017
2210 1493
3072 2292
157 3633
4349 3320
1089 2419
479 3697
3967 2226
1738 831
2911 3431
1130 779
369 1757
1649 734
3770 1402
4533 4210
3485 1895
864 3440
4521 3369
4062 868
1367 5274
570 1105
4400 3725
3171 1150
872 5272
813 1708
2071 2441
4389 558
956 1988
3018 2397
4261 3901
2463 3071
3967 4324
3604 3113
1408 2947
4622 3275
2962 4734
1828 3508
1711 2939
461 4038
3069 4286
951 5062
3152 4435
1061 554
2570 3152
1658 2380
2749 2677
978 90
3499 4561
4416 2880
1445 4085
4586 3267
2207 3589
2009 1566
551 673
877 3145
2256 1659
4020 2698
685 4095
3066 1104
2704 1049
1388 3427
1598 372
4215 2485
1328 3362
1762 2910
3343 3960
3099 1526
4223 2076
3552 2736
1691 3445
753 3223
3174 834
1615 1848
2509 1383
3725 1300
1535 3831
223 3027
874 430
545 304
12 1529
4573 2338
687 2769
3154 5271
4592 525
2462 334
1005 147
860 5217
3200 4768
4177 3162
4041 4492
2306 4008
1039 1157
3177 3717
41 335
153 4388
4250 2285
1393 74
873 4132
1507 413
1057 42
528 4710
4669 3686
1127 60
2055 1252
912 5209
2746 2794
1697 473
605 2685
3107 1109
1419 4381
238 1949
1006 507
693 998
2464 4441
3984 3679
4031 1176
1092 3543
2111 2275
2774 4456
1162 525
3687 4607
3215 240
12 4169
4457 4914
2471 3844
2334 3490
1605 4647
4334 558
2374 2220
4401 2849
3274 2668
4699 2316
384 1049
4087 757
588 1944
3975 361
1303 1191
1127 3850
3469 1390
1316 1749
1408 2168
2212 338
2155 194
4562 4693
3549 2
277 408
1543 3011
3044 4181
2109 3637
3144 1955
1582 3880
4194 4468
2518 3409
3142 2829
1994 5272
1238 1872
1097 4686
335 3826
3846 1576
4487 4909
238 811
1798 1450
3889 2019
1348 2576
1278 3429
1561 2967
2539 529
3060 5326
3542 2749
1758 1057
535 345
1238 2135
3132 3060
2892 2995
556 4940
1500 3675
2665 5424
1161 612
4635 478
1774 941
77 109
1584 4663
2627 4610
4414 507
1453 4270
3396 1838
767 2336
4422 3570
2981 3311
2980 5170
1128 3354
2643 4080
2904 331
3261 5019
4049 2474
1046 1852
4604 3033
3536 2488
1608 265
813 5444
3655 4066
4250 603
4118 4538
4561 358
4140 2317
4013 4868
3003 3167
4185 3333
1219 2426
3717 2100
2650 401
3687 4112
3148 2422
2416 520
3970 2471
3205 3823
3824 1980
4713 1209
2686 4159
457 5427
3460 4844
1482 1313
2355 1657
4423 691
3593 1752
1865 3233
3156 2285
494 130
1063 1754
461 3775
3005 2569
1958 1412
851 116
3160 2141
2869 3389
938 1035
920 5082
2675 2118
881 4383
3246 1518
2709 3383
3831 1572
261 4557
4043 3868
3964 662
1894 4086
2469 2315
375 1118
1727 2917
2359 2099
4451 1758
3957 1013
2218 817
4719 5078
740 576
3199 921
4127 256
3014 197
110 1467
534 4706
3578 1649
2104 1268
3932 3932
2300 3581
3003 1624
821 2620
1276 1944
3927 1799
4625 3377
3544 2490
2490 3233
2524 650
2783 2608
4692 1152
3701 4851
1753 3631
3409 1152
2065 50
3782 5185
4673 1760
4238 5216
1633 394
3969 4945
3358 4223
3005 842
4578 1054
4585 2058
4165 3820
4159 3934
3790 2254
3654 4051
1548 860
2564 625
1068 3190
4654 4421
294 4187
2223 344
4255 3212
3677 2369
935 2510
3059 4224
961 4735
947 554
648 5044
1912 1342
445 4140
2804 2623
1633 3078
526 216
2744 1191
3475 4467
1695 2985
2322 3229
2288 329
3884 2920
3433 95
580 2682
2503 1431
150 2528
1038 4840
3529 2984
3851 5349
2147 2853
1108 3090
1470 1734
1637 4729
812 4211
1966 416
2187 494
4687 4452
3473 4084
1730 3049
262 3137
3800 588
1841 1227
19 296
4661 2199
40 2173
2674 1861
4620 4795
4618 969
1608 924
130 5418
2449 219
161 3745
4034 666
3072 508
3405 3758
615 4606
4277 2379
2839 2185
3659 3768
3894 3707
2522 744
301 4358
3092 1322
3838 2403
51 858
1278 2173
3441 3997
703 2010
456 2694
1493 2106
3053 2579
4650 675
1267 2503
2614 5325
3247 2616
328 719
75 2375
589 2552
511 5177
4153 1713
4036 1389
2655 4997
1268 3578
1843 3407
875 2857
4157 2616
1750 1463
2301 4542
1683 3925
4292 5080
3717 2925
1144 1649
1593 3802
3344 4641
3543 3387
518 5291
3695 1360
1947 5125
4062 3937
1133 4715
153 5143
4333 2635
967 2070
2306 1724
3940 3289
4552 324
1996 1197
732 1837
1555 1325
4106 5381
4117 283
1973 4544
1205 5129
2265 2562
702 4581
1251 3123
31 5410
2148 68
2563 2981
2126 2745
1030 4827
3377 2622
972 1370
842 1486
4369 410
1221 3316
2845 1090
1609 2014
4466 1803
2495 2049
2115 5072
3775 1033
977 4688
3622 2481
983 3792
3543 4165
4564 553
2078 1059
3893 24
4323 5101
644 747
754 369
1114 563
1524 5087
3307 1905
1155 233
3068 3319
422 25
1511 776
3812 226
2742 3169
2286 1929
2982 4815
4167 4548
532 4985
366 3363
2102 626
4666 5174
2796 2011
2998 2942
2135 2052
121 4749
4149 3351
1672 3340
325 1254
1745 1562
3624 2765
865 4264
4349 1382
1857 2228
1532 1272
495 358
2104 1135
1501 1952
1820 4777
956 1037
3676 2265
1892 5023
2431 341
254 388
692 2639
2039 1601
3690 1621
3197 298
3268 1384
63 2740
613 292
2139 1735
172 3822
3485 1390
442 2051
740 2044
3243 230
2358 3934
1845 516
2872 577
3688 3069
3024 462
2070 942
1521 2778
3647 4569
2412 3328
2026 2572
1634 3230
1751 3154
4688 4549
2828 2792
575 5218
2119 4126
4536 831
3771 2785
3164 2526
575 1708
2993 2852
4398 1824
2840 5189
4735 1611
3857 826
2381 4360
1923 1701
290 5198
229 4837
1141 1549
2094 5210
2130 4239
2065 3686
877 690
1420 2979
400 4803
826 2080
3591 3332
3233 3201
2749 48
4657 3069
1080 3293
4342 2361
3510 4421
204 3626
635 595
937 1354
744 728
3038 794
4325 1851
4103 3407
4700 4590
2815 2012
4164 4131
1821 2018
592 1759
4266 4350
891 1764
3721 4905
3641 4985
4438 5192
2963 1837
3753 2383
4546 5216
1081 2687
3414 3831
3463 214
1772 452
1950 5298
840 4954
1842 1656
4132 2063
1457 607
106 4692
4546 1543
1955 3825
2130 1703
1256 2780
4570 796
4364 1277
549 2660
460 2595
3358 3275
745 1639
1811 1563
1415 4849
2487 4594
2616 4107
4438 2505
969 3822
3077 3843
2445 366
4478 5111
4604 704
379 4388
787 5329
1142 1012
1196 1466
1719 3942
515 3070
4706 2570
4580 319
42 3724
3725 2643
3601 4980
3517 2871
4709 107
1428 5160
4390 3178
330 1664
2400 4931
1325 3733
1914 748
3169 3466
1605 2252
324 3361
1693 4453
412 2382
3460 4474
2771 2030
4529 613
2800 1596
1032 4703
1839 4348
4408 242
1915 28
3602 2955
2201 962
4381 2642
4080 4638
3652 3365
3647 248
3590 4994
2849 1941
2645 1273
515 5085
1169 2283
1495 2766
4274 5031
835 5153
1860 1408
2401 115
591 1071
3768 5076
3756 1716
4359 4987
3043 2841
2308 3823
1396 4511
2793 2692
1660 3418
788 2833
2658 403
1117 53
3448 1494
82 3503
3347 4804
4391 3780
3916 4851
2233 279
1689 4158
1264 2762
4466 278
3633 1735
4321 1900
207 2448
930 1412
3355 5295
4100 2692
3612 4014
531 4649
4007 5150
4303 5290
2028 2743
68 2524
1834 5354
2770 846
3967 1278
3265 4842
3694 4030
3851 2205
3229 781
843 4597
2257 1536
1653 4875
1935 4479
950 1901
4074 5235
1547 3631
1525 3749
2940 5306
2367 1251
178 883
346 1605
1158 4080
3969 597
2592 1737
4454 943
367 2860
3074 4731
2275 4658
254 4724
1961 3229
1131 1861
2982 4474
649 2352
993 364
2828 4430
1038 4663
3997 3669
1020 3258
2181 4619
4152 792
4245 210
4372 2153
2589 3865
3784 3813
1531 2819
2549 4679
2552 668
3231 330
904 1959
1594 5326
734 5439
889 65
2230 5226
2709 3120
630 4237
3207 4056
2198 43
1807 713
271 4588
315 2331
935 724
2938 1756
3860 1256
3212 3488
2525 4065
3305 142
2540 4296
1819 5315
3510 4728
893 638
2406 2475
2136 4497
2632 2493
1720 3782
3528 2630
4534 4619
2131 1759
277 3962
4691 1354
2236 260
4175 153
1165 1126
241 3230
1072 4166
2124 3209
8 1339
2626 2543
2092 3007
2924 1060
757 3720
4572 3638
1260 4900
4209 2986
2349 2279
1779 2867
289 1951
4324 3300
262 2339
205 3640
3339 4182
1600 4322
3959 837
1885 1813
2038 3416
1657 4205
345 3789
4485 3209
876 2869
2128 1837
1358 2606
3310 1446
2492 3950
4141 2077
1318 4402
3778 1578
3785 2941
2061 432
328 387
1690 3503
222 2497
61 4984
4239 2819
2085 1751
4667 3544
3256 4354
3203 2336
4247 907
1625 1668
119 3135
1946 2441
1677 3952
970 5273
1680 3717
3943 326
1123 4557
1652 574
2022 3289
880 2682
277 1451
2478 3728
3462 4167
2343 58
2434 1133
91 554
1609 488
3959 283
3858 1710
677 940
3391 3834
366 873
2071 4258
98 1567
3515 3641
3010 3762
3412 804
3519 4829
3726 3312
3446 478
428 2377
3534 2934
1118 3258
803 4072
261 3917
3925 2367
4373 3517
4650 1468
2719 3917
5 720
3343 1149
1040 3897
917 1286
2436 2517
1761 3715
900 1812
2544 2932
1435 90
1206 5074
4349 856
3723 900
3499 3878
2559 745
374 3113
1499 411
1751 793
3773 2289
3208 5280
3110 3356
852 2465
1998 2422
1014 4833
3456 1469
3854 2060
1989 1516
2875 202
1424 2124
2212 5414
4403 2268
3577 1954
4286 528
2661 4306
3435 4593
1275 536
118 2087
4729 411
945 1131
4296 3224
4567 3467
2995 4836
3650 4284
949 3302
305 1393
2356 1032
828 2378
1026 4763
1756 620
1126 1142
4501 612
391 4420
2527 2445
706 4418
236 62
4533 881
1529 5302
2565 2550
4101 2266
1880 7
2804 2673
4325 499
2795 3964
3027 1473
2880 3362
3014 5151
4070 1014
3110 1885
2771 1910
967 2509
2348 4593
629 1599
2485 531
4007 1382
2244 2965
1091 1620
1890 3992
1351 4984
484 586
1404 2067
2946 5451
2689 3521
1610 3705
3491 2856
1563 2685
3749 2720
3374 2695
4170 1031
4632 461
2676 4379
4159 3100
558 4832
977 2395
4551 1296
4491 515
3170 3657
2447 2497
3555 1175
1954 154
2069 1716
3193 985
4709 4350
3737 4498
3870 3564
3341 1821
4573 3682
3235 841
2223 29
1433 4365
1696 349
3108 236
1695 5154
2402 2331
3053 2116
4416 5075
2768 4525
3363 5077
2284 3569
2976 1737
1974 3904
874 1325
2728 1709
1809 3524
3289 2890
3889 2485
3436 837
3388 237
4653 3496
126 3730
1678 3375
108 4416
3317 955
277 1255
701 4606
4339 1974
8 5004
1321 1495
2857 2946
1884 1994
570 4712
4040 3556
275 2817
2533 1130
1250 1257
4225 1466
6 1674
2462 1443
130 2030
1293 1696
739 3898
3281 4287
1418 1845
1055 4422
3673 1346
1278 2471
1050 2465
3048 488
817 1598
489 2242
2432 2111
4476 3932
4427 4963
2682 4636
4587 1713
2781 4035
911 3757
1407 2348
3178 120
3490 3361
1981 5186
2745 2678
3067 3152
1447 759
3515 461
2956 5139
2655 1822
508 5384
4618 3402
1945 4068
4027 3542
890 3553
4593 2705
4160 1966
1862 4993
2158 107
1979 2783
3583 2880
2345 2734
4411 3771
2065 795
4057 4165
2211 3194
2511 3581
612 4372
1409 4054
1239 868
3349 3219
4329 2576
247 444
1122 2312
326 561
2453 4857
588 2116
2227 3350
3496 1972
4100 925
1842 4362
4212 5432
1226 5163
4626 557
3734 3832
454 3265
3484 2350
979 5413
1150 3827
2942 4554
632 4855
923 2337
784 4190
30 4623
2073 1324
576 3016
3177 4935
1980 2947
2098 248
3421 2006
1681 3822
4216 1127
3111 4607
2442 4532
1641 394
1962 2742
349 231
2838 1478
4273 3333
2792 3862
1222 5357
367 986
2089 3866
2048 3242
4409 4617
1605 1497
2801 3798
1287 2737
3747 959
3828 2542
2571 4285
1848 1562
3606 359
1358 2019
3222 2722
3359 2971
806 4235
3965 1564
2394 3002
146 3696
3903 1870
1554 4219
3240 92
2757 5409
3529 659
3342 3873
2631 3182
1312 2493
445 1249
3612 2883
4126 499
2875 1413
3737 4792
139 572
3440 3070
3437 745
2664 5015
72 1705
1987 4556
626 3962
736 1550
1431 4522
1092 3307
4309 4641
1848 1459
3495 4054
875 4123
4078 4180
3458 3033
1938 2507
402 3533
1360 5097
4046 2874
1376 2354
739 5057
3723 1838
772 145
3522 138
3041 235
2425 5142
4371 597
1112 1962
2962 2966
377 4805
4119 1625
3397 11
1459 4493
4022 894
756 1198
2206 1010
1634 3945
4075 4655
2436 4233
2988 3076
4202 2246
3071 1141
2879 914
4510 3549
1455 2701
184 3281
1430 1243
2792 5100
2478 5036
2811 338
1427 3972
350 4114
3272 1315
1139 934
1239 390
4572 1096
340 2548
205 4271
1469 3738
1014 1943
709 3757
465 1362
2842 3211
954 953
3078 297
720 3529
3155 2613
362 4801
3376 5347
765 5134
4477 1850
2125 1578
3172 1047
551 516
3431 5140
748 11
1954 1232
2569 2871
2332 3252
4550 4873
1049 1246
3701 802
4203 2256
1794 3250
3937 3907
3063 203
1680 3534
1330 2067
3667 156
3796 3574
3049 3218
3332 1015
3245 1488
2524 1088
4540 951
1051 1171
920 3318
1809 448
1741 2775
2283 2981
3655 1090
388 1243
1995 4620
2939 3909
217 3877
1566 871
213 2560
50 1160
3273 3930
2959 871
430 2279
3476 5378
3690 4390
2079 2584
2304 4813
3693 4658
1151 1364
4618 779
829 4056
4150 354
1680 4958
644 1025
434 2091
3715 3675
3421 3427
359 1809
189 3530
4481 5431
1301 2766
575 2730
123 5376
3369 3066
4168 3097
1278 5361
2821 1237
1944 3111
1954 431
4081 1939
1283 937
122 2370
4237 308
1121 1537
1808 4236
3638 1343
2254 677
1790 3935
4559 3471
835 2287
935 2727
1438 5018
4487 1171
2962 3032
4407 4178
245 2918
1985 833
1040 4656
1226 200
799 2457
1588 872
2789 622
4614 4375
1656 1009
3780 806
2410 998
4294 3929
2899 1107
744 1645
1474 3070
4323 585
3177 4163
2126 982
3987 4437
3865 1049
4670 4135
3980 4859
3 2309
1363 4846
1391 4975
4422 788
2125 1685
3425 5444
1175 3609
4463 1834
4151 3174
1310 3036
900 2675
3360 2857
250 426
1477 2398
2803 2330
2586 3453
2194 2855
432 1343
1921 212
4147 130
207 2368
621 3856
2702 4362
3125 2441
1061 2112
4239 4052
4612 5250
4233 248
179 3132
3777 1335
672 3396
2775 1978
2576 2184
2963 4889
405 2539
2001 1042
238 5118
4146 3945
4681 654
3637 2221
4568 2791
1922 1158
4207 4277
1527 510
1315 2435
375 4603
2966 4711
4236 1589
3634 4339
512 3461
1507 3796
4633 467
3308 3371
2594 3629
3014 4654
1731 2806
1646 2239
1504 2180
819 2160
1219 3806
2145 1089
1925 4311
1306 3717
2046 2739
3917 128
1241 4706
202 5353
3452 4329
1520 3668
3824 5409
4457 4343
3554 3563
1485 2131
1576 5290
3023 1160
3113 2720
1113 1285
982 2987
2565 714
4032 1420
656 4760
786 3349
4208 2895
3314 3876
4747 4905
1690 5324
3491 2826
225 1325
1735 2387
454 2758
4517 4003
1187 3891
771 3761
3083 4035
4647 2695
3790 1800
1145 3465
2648 4852
320 2776
2063 4098
2251 943
3466 12
886 2914
3836 3227
4380 1075
1103 18
4549 3192
2307 4226
538 1809
1629 2610
1651 70
4309 2352
1886 2182
4038 1516
982 4412
3045 1367
3555 3644
1142 1585
556 5073
1662 815
4309 2156
4494 4213
1875 2707
4452 4209
177 4500
3937 383
1951 2386
211 180
3422 839
1682 5262
418 4514
3346 5000
3002 3529
665 3409
2370 3280
1781 2470
1694 2337
965 2486
2856 3387
2994 4049
131 5256
2350 2512
2143 4213
4267 1418
2923 5340
3475 4553
815 3247
22 2512
661 3587
3404 4328
4449 1865
3801 2365
2203 4717
1458 2067
2816 903
4637 429
2974 2394
3380 2461
251 4420
746 1783
34 1902
902 992
2659 1607
1747 3125
4109 4783
178 2275
4389 3592
561 4403
3876 4322
3599 2508
1488 2688
433 5104
2737 4026
2379 1913
1152 347
988 1763
2298 392
543 2037
2644 4387
501 3406
276 2001
1709 52
2851 1655
3535 4113
3342 5060
4021 4441
3274 2750
1709 2658
1737 4875
1625 2955
40 1411
413 3092
4390 466
3148 468
2873 3023
1776 2661
2402 1677
1165 519
3605 2900
2485 4289
4041 1212
4612 5022
1370 4204
616 2493
3431 5041
2185 2798
2271 3258
343 1072
4315 2717
1379 5046
3881 2764
3979 3778
2868 3066
1226 1501
969 1102
2585 4218
3282 4141
3917 316
1251 3486
2238 1634
1115 4181
3549 1281
1659 2085
3946 4707
2692 1665
2882 1229
4278 2964
3769 4969
1221 4389
4263 2156
3744 3551
3626 5157
2456 5302
155 268
1423 4422
2445 93
2711 3422
3920 5406
43 2345
4573 4555
3635 2436
1070 2528
2051 4797
2980 3033
4309 4673
2801 44
2602 3359
1743 4642
1407 4450
597 3028
2235 3614
123 3832
3151 2130
3662 96
4086 2661
3109 4487
1567 209
4118 3849
2397 1389
3258 4592
1033 2745
3910 3305
916 1158
842 2064
4198 4044
4174 3437
3344 1872
2971 1924
3778 3965
2424 990
3712 1534
4599 247
3296 5205
2537 3985
2625 1017
4699 3130
2222 2632
377 3241
1071 2266
3441 2991
4381 647
4479 1522
3853 533
1140 1461
3528 4791
1532 1258
639 5193
1409 3932
1994 2006
557 107
3632 1124
2078 4083
2714 3777
2514 4599
3007 702
4487 4982
4535 2996
355 4453
4548 2435
1207 5167
378 6
1618 612
4599 209
114 4735
4499 1107
3202 1876
3697 3999
3844 1306
392 1150
420 3268
3019 3742
1757 4906
4323 2336
2951 3854
3377 5049
776 4359
3753 2063
2441 61
2415 2350
2679 1807
350 3692
3888 3427
431 3934
1762 4138
1855 1115
4284 563
126 2011
2765 4289
799 3569
1664 256
926 3798
153 5212
1640 3966
4484 2198
2827 3844
2770 3670
988 3420
3247 2696
1605 462
3524 2699
3432 4642
1984 2805
3367 4409
1769 4414
3818 427
4538 4691
1398 2054
3665 1110
3257 499
3121 821
452 4282
3351 4671
3144 1829
1164 3483
2862 2231
497 280
1357 4658
1490 3506
2066 1545
1338 509
4418 4147
4184 1754
2771 945
3359 3242
1929 1059
2382 3927
459 395
3871 797
2791 3868
4434 5182
2120 5198
4443 250
1743 190
4514 4377
2461 2824
2741 3734
1971 4705
3700 3907
361 1059
2810 4963
932 1926
624 3796
2003 3153
663 1377
663 3192
212 2121
3065 3447
1354 3771
4599 3972
3681 2358
1286 4932
815 5331
4665 4901
733 3738
3274 2772
3191 611
4302 4129
954 5224
3253 1814
1054 421
3234 4800
4619 697
3481 2896
3596 1723
4297 2987
3878 2781
4697 4676
2701 2893
3193 2992
2992 2671
2686 2180
3366 3767
1549 2435
2221 1631
4020 1209
360 13
4252 1234
1516 18
2503 5387
3967 5117
3832 1392
3661 3210
4612 1172
3276 529
1592 126
4450 3178
2347 5338
1629 5440
4268 2712
810 2255
960 5346
1495 275
1153 748
2306 1647
1704 1398
1199 2225
2058 5359
2126 1437
4235 3953
3396 3681
1656 2913
2159 944
832 3036
333 4751
4254 3321
2334 3784
1675 2651
1200 2334
3744 350
2373 1843
4628 2164
1607 4535
959 1257
4464 3235
1218 3820
4137 1680
4245 3127
3220 5106
436 225
702 2601
3819 91
130 2138
2242 4830
4729 5429
4138 1747
1410 2865
2168 4458
1170 5046
3121 1810
300 4871
3114 53
4342 2805
4688 3477
3247 3836
805 2556
3520 2067
584 2269
3845 5145
215 569
3426 2975
828 2351
2138 5036
2466 2887
2860 1635
3067 2759
2826 4556
4475 1260
4581 562
2578 2256
3850 1351
1391 2482
452 551
1975 1477
706 1428
1263 2874
865 3873
2122 3102
220 3071
3465 1870
599 4635
3467 3022
463 1266
3469 4966
621 1309
676 2921
1292 2359
2415 2834
1698 4822
3808 2692
591 1304
3159 2226
3541 4316
575 4546
3411 293
1630 288
3216 1047
4556 376
1740 1322
1485 4369
4318 1842
759 3683
3180 2116
4722 1750
3281 4514
4668 2708
1480 5056
377 683
1193 3931
1191 2929
2977 3774
2458 1773
4613 1989
1820 2853
4044 3546
2685 3185
4478 1936
2618 1946
1850 189
468 4401
1485 2058
3380 4915
2574 1159
4391 1050
3871 3092
3409 4688
2771 3262
2130 4898
3303 226
1535 3679
1260 4132
2404 2937
3867 298
1088 2686
2524 3687
193 3465
652 1611
4357 5377
2338 3389
1000 2837
2554 4859
2402 995
744 3835
3396 5054
1274 3081
2607 2040
820 65
2951 2260
4397 4436
2832 1188
1384 5023
4517 4022
300 5046
856 2485
1974 1727
2163 2561
3288 3365
1321 4412
3046 2340
2924 3405
2525 2123
2412 2439
1585 4941
2237 146
998 2009
314 2033
2703 4741
802 2758
3514 2056
2039 3603
1179 4660
1659 3032
1642 2509
2447 1945
22 1384
4696 1905
4124 4958
2980 2434
376 1647
2419 2426
1223 1504
3676 2280
2157 1795
4687 1861
1070 2888
3526 3529
3087 3468
3685 4357
1181 551
842 2056
4236 3264
3319 3672
1790 3910
3728 2293
365 59
1182 1960
1762 4880
3519 136
3856 2304
4211 3646
591 5062
3918 3071
122 2460
180 2100
4496 1058
1541 2055
3410 3089
4131 2803
1034 1711
47 3864
872 3378
4133 446
3444 2229
3218 2898
2260 2378
1677 1882
1891 3519
3741 349
4141 1009
3799 5226
3934 5363
2274 4136
1212 4641
4175 2117
4425 5017
893 4281
1347 1626
4093 3286
2867 3154
3115 1849
2579 5405
469 4560
1307 3161
3121 3107
2482 2366
4349 5317
3412 5316
240 3848
2173 700
4657 2284
873 5421
3046 3498
2037 3027
4133 2740
723 4118
1334 1178
1296 1093
1743 1960
4512 3638
3415 2602
878 4059
1309 2214
3493 5441
2350 4731
2958 3993
2292 602
1706 460
2125 1698
2737 1437
1677 1815
1034 4174
2629 144
3377 3471
2750 2580
3993 1552
1678 4504
1178 5438
3652 4350
4203 1747
4124 1785
1502 1163
2440 699
4168 2463
4645 832
1791 4070
4199 4405
1513 2727
3012 3293
2923 983
4739 986
661 143
427 2575
1641 5349
2570 1443
1684 1019
3885 4980
229 771
480 1774
3085 774
2356 1811
56 4803
2207 4584
4301 3657
3383 780
3995 5089
857 5041
996 4890
181 3261
2734 5393
1615 13
477 5289
3571 4615
1653 75
4616 3806
1377 2624
4470 3537
3133 2416
3760 891
3156 5194
303 979
2580 1267
1775 1599
2212 3563
3678 2535
2521 3003
2296 94
229 1118
3204 2371
3787 3147
1699 2522
4572 4612
2916 185
4732 275
1696 867
1140 3450
1177 1311
3035 2273
4476 2487
2487 838
2768 2868
3943 2983
951 1375
737 1420
1233 4306
1017 808
4359 2710
3667 3540
2922 1883
1048 4917
2935 306
2880 4150
4521 4416
4520 3446
48 1949
2391 498
2041 325
2137 20
4218 1197
1011 507
777 2305
219 1876
2921 1695
3898 635
1399 2029
4024 2038
718 2926
970 517
3516 4405
1639 951
2271 1645
771 1903
3156 1809
2524 1877
985 4727
505 1588
3066 2580
3928 2933
2591 1743
386 1083
160 5441
3469 2344
3632 3853
3442 5024
2680 1875
1866 1562
1494 1379
2036 1211
3764 1056
3836 5126
1824 1187
1187 5215
4198 2610
58 4317
3807 4900
2984 5343
374 4684
4673 2314
2511 4735
3866 4594
4264 3015
265 1166
260 2287
3339 2123
4664 3177
3784 983
1868 1595
936 142
1725 1301
4372 20
4475 2304
142 828
2877 4627
2894 1605
4158 1471
341 3451
1882 2823
3421 4029
733 4922
956 1341
4651 1955
957 1966
3575 3974
4330 386
1833 3502
641 4176
214 1260
3498 4773
1655 3286
693 1394
4103 3461
989 5269
4151 589
400 691
3512 1929
3920 2698
929 3209
2296 771
3293 2061
1553 2025
4714 2965
701 1961
1659 1307
4124 188
4109 1755
3811 5370
329 4012
698 4379
3780 5323
1810 618
321 1280
88 1594
909 382
2801 2196
2041 3030
3831 1993
3059 2870
53 2086
1281 222
3502 1402
3076 3916
1700 5447
4359 204
3770 4214
702 4867
4066 4322
3578 4053
4521 408
573 2667
4070 3874
2323 3371
1921 2733
69 945
4345 3126
713 2394
4656 3600
1600 2946
1701 5043
1040 3873
4295 4905
3347 5009
768 5073
4421 1300
2288 1323
936 1673
2634 2971
755 1375
3965 2014
962 3224
642 3652
2132 3788
1112 1451
3355 497
4699 2499
2200 3315
493 1940
3865 5289
1219 1343
3359 3614
934 4909
1588 1151
533 1130
3186 438
3364 3811
458 1287
555 4083
4302 1499
3852 3026
766 778
3449 5029
1247 1406
1600 1723
851 4714
1487 1990
801 5007
2274 3666
4610 69
1329 1948
1643 902
2794 5315
2725 1874
4056 4542
2306 2997
2334 916
2896 4329
2962 3296
110 2023
872 1431
4132 2243
4741 3590
2310 4219
2420 2152
104 3097
2395 4033
4615 681
4250 3643
3645 3645
972 5289
4181 4213
3827 1524
2678 5368
20 4727
4351 198
354 1998
1119 2312
1910 320
1455 4110
4421 528
2622 422
2636 1969
2362 3717
776 3869
2340 2477
3779 2945
1719 4708
1909 2303
3533 203
3800 2065
410 5088
1263 4700
3573 1784
2034 1798
3511 978
3879 167
4210 635
2018 4104
444 812
1454 5178
2962 1406
2313 561
1013 5092
4541 4315
2793 1900
3111 2602
2763 552
2750 5065
3191 2439
156 5192
3960 2802
732 2583
2733 2528
804 2337
2703 3500
2925 1757
2856 3571
3407 193
1402 3869
284 4999
1982 1901
4643 5331
3979 2716
3471 832
639 311
1623 4565
4730 4894
4544 4820
2042 5276
1085 4259
727 3062
2840 1368
1944 5445
4456 4950
2083 2473
3167 5375
872 4872
4098 3802
315 951
2638 2985
35 2970
2540 3796
3636 4483
559 2533
1974 4671
4548 1532
603 420
4315 176
2233 3928
1481 3390
2387 5169
381 5031
1562 4438
1502 821
419 742
2455 5239
416 3116
2747 3245
1527 535
1988 5219
445 2632
1724 703
3333 1473
1409 1305
43 4706
3729 1635
193 4549
418 4706
4243 328
693 2849
2583 3929
3771 990
3427 2502
441 3933
4538 3085
3164 3043
2586 14
2457 999
4352 3569
966 1214
742 4597
216 5300
1912 1367
3344 4982
1672 5326
3521 4837
364 2602
3345 699
4627 2871
2168 4656
3138 787
356 263
4428 1558
3529 4567
4738 4274
450 107
4523 896
1656 4763
2322 4544
890 4474
1952 844
1357 3622
3258 5292
3860 5265
4510 2056
1326 3380
2856 1447
936 4627
417 939
1853 2117
392 668
87 4754
1957 3049
3685 2454
3255 3077
2208 2199
1784 3050
4294 2520
1524 2903
1136 4296
3707 3105
460 3489
638 4742
275 2421
4607 1649
3962 2180
851 2862
3265 4856
2341 448
3513 223
152 2139
312 3437
121 406
3932 4932
2671 950
3006 2961
3507 1174
3575 4415
4685 3753
3577 257
4092 2990
3318 2310
1117 5377
2562 3748
4309 2619
3613 1740
898 247
1158 3381
2340 4684
2180 3972
48 1649
320 3071
2381 4694
3324 1649
4460 2112
4407 4560
1547 4851
1903 1422
1595 2844
1793 4215
410 3647
4576 2287
911 4062
2370 3887
2592 1007
2116 4099
704 901
2451 4792
4658 2998
2628 2908
130 816
2615 4742
878 4197
1442 3298
1551 1535
1996 883
1786 3852
1625 1700
4057 691
4256 2448
1171 4457
1879 4416
3118 2172
4143 5001
3272 583
2763 4604
3739 1783
1580 4057
597 2702
3794 1269
2803 5237
299 5143
2257 2783
123 1569
4492 1304
2507 1224
4244 5301
3227 292
3956 2086
4304 1138
2613 1833
3223 1150
3175 3645
4230 1028
625 4289
1206 5227
3345 3614
292 102
2039 4053
2740 3699
2393 623
2707 1831
2922 156
3116 1822
2722 2213
3226 4884
698 287
1741 2774
2979 631
765 923
3810 127
1114 2028
562 875
1431 2686
101 4663
69 2062
4598 3191
3007 3319
446 5409
1168 4278
412 1238
799 3164
1272 796
3341 3261
3691 4293
2506 2853
4662 3586
3161 3207
3036 3872
2316 659
3475 3886
3616 727
2955 342
2407 1860
3981 1905
277 4681
2939 3092
4454 125
445 3677
4736 319
2093 1781
1402 1372
3072 821
3161 1088
839 414
369 2366
1370 4704
1722 4850
4357 202
2242 4266
1398 4521
1247 4916
4719 1410
1130 2598
2968 2383
3447 3411
3568 562
1600 3938
4328 4256
1319 2672
3930 1843
2704 1492
231 1203
2224 2985
1186 1813
2515 1780
692 1545
2070 4721
3108 4341
3168 75
2879 904
3943 557
3871 1729
4406 2993
4450 4600
3247 4518
3335 3603
2453 2363
1118 2450
2346 2204
179 1484
1178 4236
2293 3664
824 5009
2206 5033
1051 2632
1948 4922
4257 2678
2188 2268
1630 4267
2002 424
1091 2371
3942 5328
4032 4795
2921 115
4106 4667
3955 345
4347 171
135 3457
2779 4194
2556 3677
990 4011
838 4787
1508 3721
1983 3322
1553 4811
4530 5285
2575 3811
601 3633
2255 5416
1998 2790
4241 3282
3118 640
1740 5395
2163 4057
1347 3881
552 189
777 4227
2189 1567
4035 1743
2988 3968
3567 281
259 1537
104 4135
767 2846
3051 2076
4542 2558
4640 3697
3874 4045
3268 1916
2272 421
396 362
225 2634
2331 1722
1025 3774
1368 686
3835 3311
3640 3566
3903 2060
2144 4635
418 5292
4743 3062
2775 4262
2345 4446
363 1629
1595 832
599 3910
1027 4035
747 3015
2251 4855
237 4576
134 4864
4000 962
456 992
2833 4866
2455 5091
895 133
3869 4729
1285 1895
1837 4079
369 4258
2615 3033
3143 2430
741 4827
4388 4475
4047 357
1364 4325
310 126
2142 238
2246 1201
3358 3160
3047 4396
2696 4510
1325 2674
1466 1792
2796 908
255 2765
825 5448
1484 2491
3335 3826
1136 4724
1322 1842
1483 1650
2363 5057
3945 4523
388 5264
1757 1841
343 3418
3294 2397
4433 1166
7 4992
2321 730
3917 3701
4310 2055
3694 3061
1965 908
1375 3662
704 2359
1603 5131
4089 4861
1783 4057
4333 2788
2816 1780
857 4125
2317 4758
3551 3340
803 2328
2980 2436
4132 2493
3331 4477
1304 2462
3476 4132
1184 978
2952 2031
1975 2560
3504 1248
79 1050
3557 463
467 2927
4068 5113
280 1169
4555 398
4259 5258
2606 1348
3412 10
1325 672
4059 572
4588 4193
406 4564
357 960
4195 1306
1137 1691
3408 4276
2095 162
1608 4953
968 5441
3929 4788
2495 4475
4687 2858
2295 2590
3345 85
970 2039
380 2684
4022 4803
3553 5414
1193 2707
2226 4703
2743 2034
3160 3832
161 871
2986 2340
3805 3847
1148 2117
3543 4161
1456 337
599 1492
341 1303
1358 1572
3054 2376
694 1332
1293 4807
3666 5298
460 2537
859 1604
1380 3239
3055 2174
2713 2641
4088 1394
2849 1162
3338 2017
605 986
600 5084
869 2975
1230 661
40 4211
2363 1542
4049 4436
1681 735
4555 4733
3925 4354
3669 4107
4482 1813
1233 571
3921 4097
2338 4506
2866 625
4645 1540
1080 3148
4581 156
3486 2873
2445 4024
2802 148
139 3600
1674 3610
4565 1272
4686 2185
2270 4009
1948 924
4293 4834
1990 4932
3088 2218
4587 2558
2951 462
632 2773
177 4402
2827 2411
2546 5319
3949 2618
185 972
4227 4228
3490 4962
687 1164
4552 1342
2046 3942
4532 4316
1956 2524
1952 3065
4704 272
2233 2780
1607 529
4320 3766
2783 743
858 616
2230 3844
116 372
2125 2654
2585 3096
2648 724
4109 3277
2131 3330
1393 157
263 3874
4151 5089
2852 5267
3419 383
3469 3944
329 1762
2691 2785
218 4569
1105 4874
2959 5418
2454 4763
2115 5033
2792 2902
2297 2531
4673 2042
3393 3561
1441 4487
2021 4539
2081 1654
4233 5303
2726 4158
282 4361
1409 5097
2884 3715
2955 1478
2129 4505
285 4347
953 711
4621 4104
521 698
1621 2360
1290 2081
2475 2111
2051 2724
2274 161
2748 3499
3186 1923
409 5212
1363 2452
641 2528
1013 3800
2751 2996
4070 123
4384 588
262 4699
2188 3263
1931 1238
967 2171
3304 517
4275 1823
4556 3588
3618 334
2735 5049
2887 2267
1406 1771
89 3074
4210 610
512 2422
1198 5100
241 5144
2195 1845
4618 3750
2975 3748
902 3994
2600 1182
244 3862
3065 1653
859 2604
1862 4732
3836 5088
4297 3056
3968 3849
4649 4902
4538 1193
3601 3048
850 1190
1208 1899
883 1447
3088 3176
2613 543
3109 1550
1191 5186
969 940
2278 2887
4021 365
3673 960
2658 5370
272 4296
4647 3631
4012 2425
2020 3316
1283 704
3514 4081
3799 1515
24 3375
3024 3557
958 3687
3593 4369
4306 5255
1902 3558
901 3042
2611 4975
3984 5290
3913 1010
3924 2441
1850 3586
521 2570
2390 2123
4143 4468
160 3206
3033 1982
2759 2760
4579 3492
3315 2515
803 2658
4677 2146
25 3053
1951 1697
724 3380
1999 2126
4645 4418
1809 2177
3048 1081
826 1515
362 2387
4487 4165
3237 4162
931 2785
2144 4011
1685 447
3150 3139
1952 693
3714 2912
2157 1756
1417 5339
3774 184
4525 3848
3874 2912
3075 4717
2630 956
1361 716
2129 700
93 1333
3483 3243
2437 4163
3932 3833
1159 2868
3024 5195
4136 3615
4328 1098
1219 2664
1481 2803
3244 1689
1474 926
2321 5262
744 2461
3428 3932
3702 1350
3542 1644
3869 2726
1016 3340
3136 2713
1303 1606
1229 4937
4679 181
1677 1645
4027 3999
3729 2611
3264 3391
340 5106
968 4657
3279 2991
2351 2832
965 1432
670 2327
1366 3479
1098 4994
1951 3954
3016 3617
4369 568
2801 1158
4034 3413
75 2062
3583 1409
532 3591
4401 1048
2671 2843
436 4276
1057 2081
2658 3489
769 5243
1789 4644
3055 1436
2746 2931
4682 462
409 3114
4039 572
3409 3445
2120 1168
1064 4074
4048 659
1338 5117
4464 68
518 5189
3179 4015
2669 74
4538 3607
4542 4274
1236 937
689 1700
3507 849
2105 1616
1780 2340
4269 1203
3875 5388
4070 2815
3090 2817
2949 5131
4214 4528
1754 3714
638 167
3788 144
3044 4418
2567 1664
2766 754
1331 4322
1010 951
3881 2088
3232 1147
1224 2102
692 5003
3152 5098
3757 2903
4249 3864
4581 5079
1203 996
949 2179
1089 166
4415 2740
4640 4542
1323 540
3404 5386
2011 2306
2138 81
946 5352
3669 744
3618 4998
1695 1281
3867 1495
604 3995
1951 597
4651 4436
2151 3799
2653 1902
1837 3645
1943 3058
227 3397
2228 703
4402 912
4689 2613
1459 50
706 3834
3641 2337
4220 1609
4232 4426
4001 3722
2453 814
3402 5437
3366 1271
3491 3268
2182 4766
1451 789
4362 3236
4097 3675
2692 306
4424 2427
626 2425
3965 938
394 2109
2603 3477
20 4178
3423 2799
2719 599
2850 3404
2056 2217
445 3251
336 1143
2872 3768
2034 3686
3836 4797
4344 762
902 3600
3501 2017
2351 319
4290 3831
567 3623
469 779
3989 4087
1661 2844
230 4168
1246 22
399 4068
1498 4359
2712 4321
2246 1218
4703 1180
3287 2767
624 4137
2479 3328
4383 2075
1080 2537
1799 4970
993 2867
2550 84
2733 5269
1299 1521
2325 1337
1783 3425
2999 2658
4475 2787
4431 1839
4045 1843
461 5100
3374 2311
4750 728
1094 3293
1252 85
2323 4357
2114 4665
2187 3170
3439 2746
161 603
479 1045
3275 1352
4331 2496
1727 5037
2722 3137
1956 1211
2744 2977
2010 1886
306 2404
2174 2921
452 2710
1150 3387
11 2232
25 1222
729 2183
1139 4787
2374 1834
3987 4520
2148 2194
2598 2034
1142 313
1654 1796
372 2063
4284 2565
4716 2425
3840 3031
2606 1173
99 2981
453 219
4160 4311
4177 5118
306 5451
4649 5383
2894 1011
2281 3078
659 5217
4121 4882
1253 387
2864 3062
2424 3605
2686 724
3166 2896
2971 4027
3519 4644
1187 628
1647 5082
1790 5125
941 2738
396 2262
2622 2971
962 4462
2478 5421
2813 5371
3623 1385
1226 3272
4392 3413
3506 4512
278 2578
3529 2552
1394 4205
1926 1007
4062 2363
43 2130
1421 3887
2606 4525
1443 1865
1729 1714
1641 3672
1086 3391
1713 674
4188 4947
2990 775
3342 2217
1066 3344
2997 4864
847 3031
3048 2919
2950 795
309 52
897 4401
2028 2059
1096 1789
1436 1525
857 2241
4734 2533
3435 5081
1252 1550
3062 3452
1715 2708
4249 1067
3842 4867
3222 3071
2713 4879
3364 739
1817 1559
3626 4537
4149 3635
1433 5272
3875 4319
2546 3239
267 5420
3021 4595
1899 498
1808 2990
1233 2096
1264 735
2433 1846
2355 5083
936 2360
399 1436
4533 2050
588 1964
2602 1545
2333 2682
285 3602
2872 1640
797 1580
1299 4623
4552 1024
1053 3256
586 1259
1839 755
4316 555
3118 1636
2577 3688
3526 477
3788 3556
5 3452
4072 2085
2165 854
1203 934
1184 4864
2627 3414
4483 3320
4736 3361
1476 1445
583 3758
3888 913
2461 2363
2687 1595
3841 5174
2852 970
3435 4376
230 543
1606 1777
4071 740
3442 3735
1471 4644
1855 3262
2846 3488
1893 3784
1550 1017
795 5070
2544 1364
530 5393
3463 3362
490 739
2364 868
4228 3362
2012 2699
1078 2994
1343 3346
321 4644
2579 731
13 344
2683 168
172 3772
3389 3639
290 1968
4279 1959
2735 149
844 293
2062 2853
2956 3284
2747 4213
1267 1650
1864 2695
4014 2841
4503 3596
1587 3733
4344 3237
4129 4614
4473 1234
274 4039
544 4425
1087 242
3296 1536
2375 1459
3738 2507
3986 3882
815 3683
3315 2129
3452 4094
1544 3187
3996 5149
12 931
2129 4244
2826 1150
904 615
430 3725
175 3957
1706 2344
850 2962
2522 989
4283 4566
3200 2690
4453 948
1198 3433
4646 3925
3033 4227
1813 2053
3306 1310
2809 1575
3212 2894
2991 4191
807 4339
1049 5412
3273 1982
4455 3699
1040 555
3566 479
277 5351
3437 1731
3845 2014
2554 3746
4411 1168
3573 2938
1086 2325
413 287
3412 2282
4675 2479
4205 4471
3922 4292
1264 1421
3815 4081
3730 82
2186 1880
3483 4962
4453 1934
1266 3365
2001 5049
3065 3390
2451 4930
114 210
83 4435
2838 2325
1345 2094
2369 2709
2248 3878
3122 201
143 4285
890 4170
3172 3517
2207 4262
1343 1996
2459 35
1438 229
3343 4976
2342 1160
2005 2010
3591 1417
2876 309
2639 1935
2080 2139
3938 2009
2257 4923
294 2113
1499 2064
213 3258
2893 3171
4607 4238
29 2318
1465 2359
2638 1449
1239 1443
3162 2764
3133 1391
1108 4617
1036 3815
3696 2321
4132 5015
1716 3814
1206 4557
735 4467
1290 712
3926 182
2923 4360
1552 475
671 3955
3247 4567
4724 4141
2181 4786
3932 1903
3241 1234
4549 1991
3412 4269
417 1727
203 4687
602 653
285 4556
1933 2918
1789 2781
2848 759
1053 4466
2246 3816
1966 1692
3712 1525
834 124
3413 5070
2854 3484
2960 3725
4122 2605
1861 680
4192 5356
3672 171
2589 2726
3287 3586
2135 5321
2582 4878
1932 946
3715 2849
2751 1986
1917 5207
43 3853
620 372
3287 2126
640 1485
3004 4665
780 4152
1655 733
294 3157
1589 5313
3724 693
921 1235
3062 3808
1763 3804
1738 2205
3230 1342
908 3378
1231 3242
2422 3103
4548 5152
2955 3975
3641 1384
2410 70
826 3836
3434 1315
1652 4265
2780 438
3716 1667
3238 4183
2881 816
4500 4334
2650 5086
3999 3624
4215 4622
626 262
588 3557
4568 1217
3324 1564
491 3443
1746 3268
1771 465
2547 3152
3085 2050
1321 2964
455 2178
3222 3169
3643 3498
1787 3206
275 4725
1971 4887
76 4132
2553 2098
1668 4441
1692 173
4546 2668
4655 4292
779 3433
1993 4512
287 794
2555 4853
3683 1315
4741 2329
928 1020
3587 1319
1304 4699
1107 1064
1299 1049
2163 2890
3635 2395
3574 3591
1610 3360
1638 3817
743 2845
3458 4412
4630 5075
3968 467
4260 1624
1542 3673
4726 1698
1232 2905
3700 2009
4306 1642
194 2569
2 3052
4281 4259
812 1074
3048 4780
469 1391
782 1056
3749 715
43 555
4149 3051
4102 4389
1040 4819
2933 3803
3641 5168
4477 1224
4629 5030
4185 2448
3904 371
1371 5257
3237 4901
260 1898
1428 4817
1571 1254
2700 1138
1225 3486
1008 2456
4729 3079
2009 2049
4653 3781
1947 3536
4043 3618
95 4840
627 2905
3115 5142
2325 4653
3994 4408
3414 2421
19 4011
67 2723
3424 3239
3939 2301
3203 4421
3671 3579
972 3799
1286 3988
460 4075
2798 3543
1750 5090
3466 2718
194 5057
1522 5399
2952 5102
3424 3329
2310 3253
4388 3010
2393 3143
3504 170
4124 2997
4369 1165
2199 1229
4193 4242
31 3606
1014 3783
3800 2475
515 1253
4411 4063
1342 3892
975 1369
228 781
3316 680
373 820
2124 2122
2667 1437
4205 2640
4170 1612
690 4835
4624 3665
4262 3998
2036 1604
2212 4165
2971 3783
1305 4807
4710 2650
2331 5340
1071 5264
2441 5040
2354 596
1089 2046
3905 4842
230 852
507 1930
4651 2129
313 1651
4110 2650
4010 3578
4118 3815
2264 1496
1821 479
1763 4617
2075 268
3737 3962
1556 4614
4197 763
4722 4827
1047 3740
333 3962
744 4704
1413 3641
912 2435
2755 2174
4133 2741
1437 2860
17 2322
4130 928
575 3084
3813 846
3580 3489
4710 3641
4145 2953
4159 3110
4352 4459
2116 1222
2745 1884
1242 5258
1734 193
3339 4178
3171 2611
4739 3019
3235 3453
2390 1761
2612 4827
2730 5354
3662 2633
337 4192
4278 2065
3664 142
4145 1701
2255 4682
3131 5150
4660 1329
4644 640
1375 2615
2165 4318
4731 752
125 4319
871 2609
1988 2966
4233 3070
2025 88
1972 1188
4240 257
4206 523
1215 4455
2525 4977
4106 4393
1702 4931
4344 358
22 5279
2205 1578
3456 800
3100 4894
2630 2975
3342 168
4701 4863
512 4997
3793 1442
3370 5155
1671 4964
4584 2982
4175 3739
4440 4501
541 2608
3288 1461
153 4879
3057 4310
3572 3568
571 4518
3328 4469
1096 2339
747 2797
4396 2451
1912 3847
3887 4808
3512 4660
4020 3297
475 353
1191 1467
3563 4642
1960 4283
4577 900
3475 4240
3107 3706
4526 932
1245 2637
2854 1442
650 1161
4162 2134
3503 5408
4316 2678
1119 2312
789 4528
1373 5051
1236 2254
1084 4515
3379 722
2374 5179
2651 744
1635 1295
2268 766
1911 383
3948 2657
1333 896
906 3607
160 3517
3614 3474
1856 3028
1456 1614
3501 4371
3377 3531
249 3446
2677 1631
2625 2674
1528 3836
2108 622
4015 3039
1340 4699
1311 3971
880 4398
1586 3348
97 395
4559 4211
3695 5096
3948 4448
4095 4611
2903 305
2715 1894
798 279
4350 962
4418 2946
1494 1867
425 4608
4344 4604
87 1525
3852 1418
454 3604
2661 704
2430 2087
1529 4070
3806 1556
3916 2773
1373 2960
4035 258
4509 1194
326 3686
2820 4787
1372 3187
1891 2342
3715 1749
1449 3194
1492 5290
3278 1813
4293 1024
2083 2058
2811 3568
3409 3726
4121 2771
131 2627
3698 4133
4237 1212
2035 328
1332 4842
3799 4524
1560 1348
897 4734
1761 3269
2809 2158
4289 1594
3400 1557
2599 2259
2753 397
4204 1402
3297 3552
1960 3446
778 2130
1256 4752
3831 2780
2805 4706
3568 4603
4668 2019
4504 5189
1912 309
428 5191
3078 3413
4047 487
4268 2482
1187 2180
2383 3053
1635 4544
4089 2390
1820 4292
1548 50
1771 2502
3117 2664
642 4412
574 2153
4565 2267
2202 2005
1261 1914
3238 537
4737 4631
3458 3504
1993 4235
4338 1399
898 1958
4188 1907
2812 5054
134 3470
2998 598
4718 5177
4140 3322
4388 978
1092 5434
2799 241
2709 228
388 3805
1645 1287
2123 3819
1622 1307
2750 1371
4486 2583
439 1067
1844 2025
3659 3787
1457 22
208 3431
3634 2563
3486 1198
585 469
561 1747
4383 2585
2104 3503
3603 969
48 1841
3716 506
1192 29
107 3614
1119 3927
1009 4808
1888 2226
2200 2044
2970 285
536 2740
3569 2439
1962 4858
247 3537
2171 1782
1765 3453
4614 3244
2870 2802
688 1707
4003 3004
954 2309
4326 3346
1040 1243
3125 4604
1368 586
3702 2916
2241 2974
3031 2597
4742 2504
566 1423
1189 1012
1743 4960
3720 3039
2324 2014
3352 1499
3281 2153
1154 4339
1490 3190
1166 5118
587 3648
48 367
2708 3682
290 1063
1770 2573
988 3406
2529 928
2265 3416
2244 3784
3595 1702
830 964
3719 211
533 4208
3400 2924
1228 699
1513 390
2445 4687
808 867
1877 4027
4480 662
4337 2864
313 3990
1442 2915
27 3328
3160 5218
66 4726
2884 356
321 4692
1640 3906
1092 4033
3573 4105
36 4043
3288 1456
3892 5432
3200 2802
2354 3964
3616 3470
1245 1320
1984 3948
1960 1240
4490 4904
3539 2305
4233 3401
1623 4730
2813 616
3750 467
2813 2769
4508 3903
763 820
448 744
1866 2127
542 24
2431 4809
203 2821
2595 3123
2349 1566
4294 3193
494 1538
3204 1224
2745 3751
3251 65
161 1569
2552 231
3872 3275
3130 5176
4153 952
1317 3946
4632 550
4356 5404
