100
50000 -99999000
7846802 -99719094
15105160 -98902414
21854782 -97583420
28122420 -95796319
33932117 -93574950
39305446 -90952684
44261740 -87962336
48818310 -84636085
52990641 -81005403
56792597 -77100994
60236593 -72952742
63333776 -68589664
66094181 -64039877
68526889 -59330562
70640162 -54487942
72441583 -49537265
73938174 -44502789
75136515 -39407779
76042848 -34274499
76663175 -29124216
77003346 -23977206
77069142 -18852764
76866351 -13769212
76400830 -8743919
75678567 -3793316
74705732 1067081
73488724 5822656
72034211 10459665
70349162 14965209
68440875 19327216
66316999 23534409
63985549 27576281
61454922 31443072
58733898 35125737
55831648 38615921
52757726 41905936
49522068 44988734
46134979 47857882
42607122 50507538
38949499 52932433
35173432 55127844
31290543 57089580
27312726 58813963
23252121 60297808
19121089 61538415
14932173 62533552
10698075 63281447
6431616 63780776
2145706 64030662
-2146691 64030667
-6432599 63780792
-10699053 63281473
-14933144 62533588
-19122050 61538461
-23253070 60297862
-27313660 58814024
-31291461 57089648
-35174332 55127917
-38950378 52932510
-42607979 50507619
-46135812 47857964
-49522875 44988816
-52758505 41906016
-55832398 38615997
-58734619 35125809
-61455611 31443138
-63986206 27576339
-66317623 23534457
-68441466 19327254
-70349719 14965236
-72034733 10459679
-73489212 5822657
-74706185 1067067
-75678987 -3793344
-76401217 -8743961
-76866706 -13769269
-77069465 -18852835
-77003638 -23977292
-76663437 -29124315
-76043083 -34274610
-75136724 -39407901
-73938358 -44502920
-72441744 -49537402
-70640302 -54488085
-68527010 -59330709
-66094285 -64040025
-63333864 -68589811
-60236668 -72952884
-56792661 -77101130
-52990696 -81005531
-48818357 -84636202
-44261781 -87962440
-39305481 -90952773
-33932147 -93575024
-28122446 -95796376
-21854804 -97583461
-15105176 -98902439
-7846811 -99719105
-50000 -99999000
