5000
5000000 -99999000
5151921 -99998889
5303630 -99998554
5455126 -99997995
5606411 -99997214
5757483 -99996209
5908344 -99994982
6058994 -99993532
6209432 -99991860
6359660 -99989966
6509677 -99987850
6659483 -99985513
6809080 -99982955
6958467 -99980176
7107644 -99977176
7256611 -99973956
7405370 -99970516
7553920 -99966857
7702261 -99962977
7850394 -99958879
7998318 -99954561
8146035 -99950025
8293544 -99945270
8440846 -99940297
8587941 -99935107
8734828 -99929698
8881509 -99924072
9027984 -99918229
9174253 -99912170
9320315 -99905893
9466172 -99899401
9611823 -99892692
9757270 -99885768
9902511 -99878628
10047547 -99871273
10192379 -99863703
10337007 -99855918
10481431 -99847919
10625651 -99839706
10769667 -99831279
10913480 -99822638
11057091 -99813784
11200498 -99804717
11343702 -99795437
11486705 -99785945
11629505 -99776240
11772103 -99766323
11914499 -99756195
12056695 -99745855
12198688 -99735304
12340481 -99724542
12482074 -99713569
12623465 -99702386
12764657 -99690993
12905648 -99679390
13046439 -99667577
13187031 -99655556
13327424 -99643325
13467617 -99630885
13607612 -99618237
13747407 -99605380
13887005 -99592316
14026404 -99579044
14165605 -99565564
14304608 -99551878
14443414 -99537984
14582022 -99523884
14720433 -99509577
14858648 -99495065
14996666 -99480346
15134487 -99465422
15272112 -99450293
15409541 -99434958
15546774 -99419419
15683811 -99403676
15820654 -99387728
15957301 -99371576
16093753 -99355221
16230011 -99338662
16366074 -99321900
16501942 -99304935
16637617 -99287768
16773098 -99270398
16908385 -99252826
17043479 -99235052
17178380 -99217077
17313087 -99198900
17447602 -99180523
17581925 -99161945
17716055 -99143166
17849993 -99124187
17983739 -99105008
18117293 -99085630
18250656 -99066052
18383827 -99046275
18516808 -99026299
18649598 -99006124
18782197 -98985752
18914605 -98965181
19046823 -98944412
19178852 -98923446
19310690 -98902282
19442339 -98880922
19573799 -98859365
19705069 -98837611
19836150 -98815661
19967043 -98793515
20097747 -98771174
20228262 -98748637
20358590 -98725905
20488729 -98702978
20618681 -98679857
20748445 -98656541
20878022 -98633031
21007411 -98609328
21136614 -98585430
21265630 -98561340
21394459 -98537057
21523102 -98512580
21651559 -98487912
21779830 -98463051
21907915 -98437998
22035814 -98412754
22163528 -98387318
22291057 -98361691
22418401 -98335873
22545561 -98309865
22672535 -98283666
22799326 -98257277
22925932 -98230699
23052354 -98203931
23178592 -98176973
23304647 -98149827
23430518 -98122491
23556206 -98094968
23681711 -98067256
23807034 -98039356
23932173 -98011269
24057130 -97982994
24181905 -97954532
24306498 -97925883
24430909 -97897047
24555138 -97868025
24679186 -97838817
24803053 -97809423
24926738 -97779844
25050242 -97750079
25173566 -97720129
25296709 -97689995
25419672 -97659676
25542455 -97629173
25665057 -97598485
25787480 -97567614
25909723 -97536560
26031787 -97505323
26153671 -97473902
26275377 -97442299
26396903 -97410514
26518251 -97378546
26639421 -97346396
26760411 -97314065
26881224 -97281553
27001859 -97248859
27122316 -97215985
27242596 -97182930
27362698 -97149695
27482622 -97116280
27602370 -97082685
27721941 -97048911
27841335 -97014958
27960553 -96980825
28079594 -96946514
28198459 -96912024
28317148 -96877356
28435661 -96842511
28553998 -96807487
28672161 -96772287
28790147 -96736909
28907959 -96701354
29025596 -96665623
29143058 -96629715
29260345 -96593632
29377458 -96557372
29494397 -96520937
29611161 -96484327
29727752 -96447542
29844169 -96410582
29960412 -96373447
30076483 -96336138
30192379 -96298656
30308103 -96260999
30423654 -96223169
30539032 -96185166
30654238 -96146991
30769271 -96108642
30884132 -96070121
30998822 -96031428
31113339 -95992563
31227684 -95953526
31341858 -95914318
31455861 -95874939
31569693 -95835390
31683353 -95795669
31796843 -95755778
31910162 -95715718
32023310 -95675487
32136288 -95635087
32249096 -95594518
32361734 -95553780
32474202 -95512873
32586500 -95471797
32698629 -95430553
32810588 -95389142
32922378 -95347562
33033999 -95305816
33145451 -95263902
33256735 -95221821
33367850 -95179573
33478796 -95137159
33589574 -95094579
33700184 -95051833
33810627 -95008922
33920901 -94965845
34031008 -94922603
34140947 -94879196
34250719 -94835625
34360324 -94791889
34469762 -94747990
34579033 -94703926
34688138 -94659699
34797076 -94615309
34905847 -94570755
35014453 -94526039
35122892 -94481161
35231166 -94436120
35339273 -94390917
35447215 -94345553
35554992 -94300027
35662604 -94254340
35770050 -94208491
35877331 -94162483
35984448 -94116313
36091400 -94069984
36198187 -94023495
36304810 -93976846
36411269 -93930037
36517564 -93883070
36623695 -93835943
36729662 -93788658
36835466 -93741215
36941106 -93693613
37046582 -93645854
37151896 -93597937
37257047 -93549863
37362034 -93501631
37466859 -93453243
37571522 -93404698
37676022 -93355997
37780360 -93307140
37884535 -93258127
37988549 -93208959
38092401 -93159635
38196091 -93110156
38299620 -93060523
38402987 -93010735
38506193 -92960793
38609238 -92910696
38712122 -92860446
38814845 -92810043
38917407 -92759486
39019809 -92708776
39122050 -92657914
39224132 -92606899
39326053 -92555732
39427814 -92504413
39529415 -92452942
39630857 -92401320
39732139 -92349547
39833262 -92297622
39934225 -92245547
40035029 -92193322
40135675 -92140946
40236161 -92088421
40336489 -92035746
40436658 -91982921
40536669 -91929947
40636521 -91876825
40736216 -91823553
40835752 -91770134
40935131 -91716566
41034351 -91662850
41133414 -91608987
41232320 -91554976
41331068 -91500819
41429659 -91446514
41528093 -91392063
41626370 -91337465
41724491 -91282722
41822454 -91227832
41920261 -91172797
42017912 -91117616
42115407 -91062291
42212745 -91006820
42309927 -90951205
42406954 -90895446
42503824 -90839543
42600539 -90783495
42697099 -90727304
42793503 -90670970
42889753 -90614493
42985847 -90557873
43081786 -90501110
43177570 -90444205
43273199 -90387158
43368675 -90329970
43463995 -90272639
43559161 -90215168
43654174 -90157555
43749032 -90099801
43843736 -90041907
43938286 -89983873
44032683 -89925698
44126926 -89867384
44221016 -89808930
44314952 -89750337
44408736 -89691605
44502366 -89632734
44595843 -89573724
44689168 -89514577
44782340 -89455291
44875359 -89395867
44968227 -89336306
45060941 -89276607
45153504 -89216772
45245914 -89156799
45338173 -89096690
45430280 -89036445
45522235 -88976064
45614039 -88915547
45705691 -88854894
45797192 -88794106
45888542 -88733183
45979741 -88672125
46070789 -88610933
46161686 -88549606
46252432 -88488145
46343028 -88426551
46433473 -88364822
46523768 -88302961
46613913 -88240966
46703907 -88178839
46793752 -88116579
46883447 -88054187
46972992 -87991662
47062387 -87929006
47151633 -87866218
47240730 -87803299
47329677 -87740249
47418475 -87677068
47507124 -87613756
47595624 -87550314
47683976 -87486742
47772179 -87423040
47860233 -87359209
47948138 -87295248
48035896 -87231158
48123505 -87166939
48210966 -87102591
48298279 -87038115
48385444 -86973511
48472461 -86908779
48559331 -86843919
48646053 -86778932
48732628 -86713818
48819055 -86648577
48905336 -86583209
48991469 -86517715
49077455 -86452095
49163294 -86386349
49248987 -86320477
49334533 -86254479
49419932 -86188357
49505185 -86122109
49590291 -86055737
49675252 -85989240
49760066 -85922619
49844735 -85855874
49929257 -85789006
50013634 -85722014
50097865 -85654898
50181950 -85587660
50265890 -85520299
50349685 -85452815
50433335 -85385209
50516839 -85317481
50600198 -85249632
50683413 -85181660
50766482 -85113568
50849407 -85045354
50932188 -84977020
51014824 -84908565
51097315 -84839989
51179663 -84771294
51261866 -84702479
51343925 -84633544
51425840 -84564489
51507612 -84495316
51589239 -84426024
51670723 -84356613
51752063 -84287084
51833260 -84217436
51914314 -84147671
51995225 -84077788
52075992 -84007787
52156616 -83937670
52237098 -83867435
52317436 -83797084
52397632 -83726616
52477686 -83656032
52557596 -83585332
52637365 -83514516
52716991 -83443585
52796475 -83372538
52875817 -83301376
52955016 -83230100
53034074 -83158709
53112990 -83087204
53191765 -83015584
53270398 -82943851
53348889 -82872004
53427239 -82800044
53505447 -82727971
53583515 -82655785
53661441 -82583486
53739227 -82511075
53816871 -82438551
53894375 -82365916
53971737 -82293169
54048960 -82220311
54126041 -82147341
54202983 -82074260
54279784 -82001069
54356445 -81927767
54432965 -81854355
54509346 -81780832
54585587 -81707200
54661687 -81633459
54737649 -81559608
54813470 -81485648
54889152 -81411579
54964694 -81337401
55040097 -81263115
55115361 -81188721
55190486 -81114220
55265471 -81039610
55340318 -80964893
55415025 -80890069
55489594 -80815138
55564024 -80740100
55638316 -80664955
55712469 -80589705
55786483 -80514348
55860360 -80438885
55934097 -80363317
56007697 -80287644
56081159 -80211865
56154483 -80135982
56227669 -80059994
56300717 -79983902
56373627 -79907705
56446400 -79831405
56519035 -79755001
56591533 -79678493
56663893 -79601883
56736116 -79525169
56808202 -79448352
56880151 -79371433
56951963 -79294412
57023638 -79217289
57095177 -79140063
57166578 -79062737
57237843 -78985309
57308971 -78907779
57379963 -78830149
57450819 -78752418
57521538 -78674587
57592121 -78596656
57662568 -78518624
57732879 -78440493
57803054 -78362262
57873093 -78283933
57942997 -78205504
58012764 -78126976
58082396 -78048349
58151893 -77969625
58221254 -77890802
58290480 -77811881
58359571 -77732863
58428526 -77653747
58497347 -77574534
58566032 -77495224
58634583 -77415817
58702999 -77336314
58771279 -77256714
58839426 -77177019
58907438 -77097227
58975315 -77017340
59043058 -76937358
59110666 -76857281
59178140 -76777108
59245481 -76696841
59312687 -76616479
59379759 -76536024
59446697 -76455474
59513501 -76374830
59580172 -76294093
59646709 -76213263
59713112 -76132339
59779382 -76051323
59845518 -75970214
59911521 -75889013
59977391 -75807719
60043128 -75726333
60108731 -75644856
60174202 -75563287
60239540 -75481627
60304744 -75399876
60369816 -75318034
60434756 -75236102
60499562 -75154079
60564236 -75071966
60628778 -74989763
60693187 -74907471
60757464 -74825088
60821609 -74742617
60885621 -74660057
60949502 -74577408
61013251 -74494670
61076867 -74411844
61140352 -74328930
61203705 -74245928
61266926 -74162838
61330016 -74079661
61392974 -73996396
61455801 -73913045
61518496 -73829607
61581060 -73746082
61643493 -73662471
61705795 -73578774
61767966 -73494991
61830005 -73411122
61891914 -73327168
61953692 -73243129
62015339 -73159004
62076856 -73074795
62138241 -72990502
62199497 -72906124
62260622 -72821662
62321616 -72737116
62382480 -72652486
62443214 -72567773
62503818 -72482977
62564291 -72398098
62624635 -72313136
62684848 -72228091
62744932 -72142964
62804886 -72057755
62864710 -71972464
62924405 -71887092
62983970 -71801637
63043405 -71716102
63102711 -71630486
63161888 -71544789
63220935 -71459011
63279853 -71373153
63338642 -71287215
63397302 -71201197
63455833 -71115099
63514235 -71028922
63572508 -70942666
63630652 -70856330
63688668 -70769916
63746555 -70683423
63804313 -70596852
63861943 -70510202
63919444 -70423475
63976817 -70336670
64034062 -70249787
64091178 -70162827
64148166 -70075790
64205026 -69988676
64261758 -69901486
64318363 -69814219
64374839 -69726876
64431187 -69639457
64487408 -69551962
64543501 -69464391
64599466 -69376745
64655304 -69289025
64711015 -69201229
64766598 -69113358
64822053 -69025413
64877382 -68937394
64932583 -68849301
64987657 -68761134
65042604 -68672893
65097424 -68584579
65152117 -68496191
65206683 -68407731
65261122 -68319198
65315435 -68230592
65369621 -68141915
65423680 -68053165
65477613 -67964343
65531419 -67875449
65585099 -67786484
65638653 -67697448
65692080 -67608340
65745381 -67519162
65798556 -67429913
65851605 -67340594
65904528 -67251204
65957325 -67161745
66009996 -67072216
66062541 -66982617
66114960 -66892949
66167254 -66803212
66219422 -66713406
66271465 -66623531
66323382 -66533588
66375173 -66443576
66426840 -66353496
66478381 -66263349
66529796 -66173134
66581087 -66082851
66632252 -65992501
66683293 -65902084
66734208 -65811601
66784999 -65721050
66835664 -65630434
66886205 -65539751
66936621 -65449002
66986912 -65358187
67037079 -65267307
67087121 -65176362
67137039 -65085351
67186832 -64994276
67236501 -64903136
67286046 -64811931
67335466 -64720662
67384763 -64629329
67433935 -64537932
67482983 -64446471
67531907 -64354947
67580707 -64263360
67629383 -64171710
67677936 -64079996
67726364 -63988221
67774669 -63896382
67822850 -63804482
67870908 -63712520
67918842 -63620495
67966653 -63528409
68014341 -63436262
68061905 -63344054
68109346 -63251784
68156663 -63159454
68203858 -63067064
68250929 -62974613
68297877 -62882101
68344702 -62789530
68391405 -62696899
68437984 -62604209
68484441 -62511459
68530775 -62418650
68576986 -62325783
68623075 -62232856
68669041 -62139871
68714885 -62046828
68760606 -61953726
68806205 -61860567
68851681 -61767350
68897035 -61674076
68942267 -61580744
68987377 -61487355
69032365 -61393910
69077230 -61300407
69121974 -61206848
69166596 -61113233
69211096 -61019562
69255474 -60925835
69299730 -60832052
69343864 -60738214
69387877 -60644321
69431769 -60550373
69475538 -60456369
69519187 -60362311
69562714 -60268199
69606119 -60174032
69649403 -60079812
69692566 -59985537
69735608 -59891209
69778529 -59796827
69821328 -59702393
69864007 -59607905
69906564 -59513364
69949001 -59418771
69991317 -59324125
70033512 -59229427
70075586 -59134677
70117539 -59039875
70159372 -58945022
70201084 -58850117
70242676 -58755161
70284147 -58660153
70325498 -58565095
70366728 -58469987
70407838 -58374827
70448828 -58279618
70489698 -58184359
70530447 -58089049
70571077 -57993690
70611586 -57898282
70651975 -57802824
70692245 -57707318
70732394 -57611762
70772424 -57516158
70812334 -57420505
70852124 -57324804
70891794 -57229055
70931345 -57133258
70970776 -57037414
71010088 -56941521
71049280 -56845582
71088353 -56749596
71127307 -56653562
71166141 -56557482
71204856 -56461356
71243452 -56365183
71281928 -56268964
71320286 -56172699
71358524 -56076388
71396644 -55980032
71434644 -55883631
71472526 -55787184
71510289 -55690693
71547933 -55594156
71585458 -55497575
71622865 -55400950
71660153 -55304281
71697322 -55207568
71734373 -55110810
71771306 -55014010
71808120 -54917166
71844815 -54820278
71881392 -54723348
71917851 -54626375
71954192 -54529359
71990415 -54432301
72026519 -54335200
72062506 -54238058
72098374 -54140874
72134125 -54043648
72169757 -53946380
72205272 -53849071
72240669 -53751722
72275948 -53654331
72311109 -53556899
72346153 -53459427
72381079 -53361915
72415887 -53264363
72450578 -53166770
72485152 -53069138
72519608 -52971467
72553947 -52873756
72588168 -52776006
72622272 -52678216
72656259 -52580388
72690129 -52482522
72723881 -52384617
72757517 -52286673
72791035 -52188692
72824437 -52090673
72857722 -51992616
72890889 -51894522
72923940 -51796390
72956874 -51698221
72989692 -51600016
73022392 -51501773
73054976 -51403494
73087444 -51305179
73119795 -51206828
73152029 -51108440
73184147 -51010017
73216149 -50911558
73248034 -50813064
73279803 -50714535
73311456 -50615970
73342992 -50517371
73374412 -50418737
73405717 -50320068
73436905 -50221365
73467977 -50122629
73498933 -50023858
73529773 -49925053
73560498 -49826215
73591106 -49727343
73621599 -49628439
73651976 -49529501
73682238 -49430530
73712383 -49331527
73742414 -49232492
73772328 -49133424
73802127 -49034324
73831811 -48935192
73861379 -48836028
73890832 -48736833
73920170 -48637607
73949392 -48538349
73978499 -48439060
74007491 -48339741
74036368 -48240391
74065130 -48141011
74093777 -48041600
74122308 -47942159
74150725 -47842688
74179027 -47743188
74207214 -47643658
74235287 -47544099
74263244 -47444511
74291087 -47344893
74318815 -47245247
74346429 -47145572
74373928 -47045869
74401312 -46946138
74428582 -46846378
74455738 -46746591
74482779 -46646776
74509706 -46546933
74536518 -46447063
74563216 -46347166
74589800 -46247242
74616270 -46147291
74642626 -46047313
74668868 -45947309
74694996 -45847279
74721009 -45747222
74746909 -45647140
74772695 -45547032
74798367 -45446898
74823925 -45346739
74849370 -45246555
74874701 -45146345
74899918 -45046111
74925021 -44945853
74950011 -44845569
74974888 -44745262
74999651 -44644930
75024300 -44544574
75048836 -44444195
75073259 -44343792
75097568 -44243365
75121764 -44142915
75145847 -44042443
75169817 -43941947
75193674 -43841428
75217417 -43740887
75241048 -43640324
75264565 -43539738
75287970 -43439131
75311261 -43338501
75334440 -43237850
75357506 -43137178
75380459 -43036484
75403300 -42935769
75426027 -42835033
75448642 -42734276
75471145 -42633498
75493535 -42532700
75515812 -42431882
75537977 -42331044
75560030 -42230186
75581970 -42129308
75603797 -42028410
75625513 -41927493
75647116 -41826557
75668607 -41725602
75689986 -41624627
75711252 -41523634
75732407 -41422623
75753450 -41321593
75774380 -41220545
75795199 -41119479
75815905 -41018395
75836500 -40917294
75856983 -40816175
75877354 -40715038
75897614 -40613885
75917762 -40512714
75937798 -40411526
75957722 -40310322
75977535 -40209102
75997237 -40107865
76016827 -40006612
76036305 -39905343
76055672 -39804058
76074928 -39702757
76094072 -39601441
76113105 -39500110
76132027 -39398764
76150838 -39297402
76169538 -39196026
76188126 -39094635
76206604 -38993230
76224970 -38891811
76243225 -38790377
76261370 -38688929
76279404 -38587468
76297326 -38485993
76315138 -38384505
76332840 -38283003
76350430 -38181488
76367910 -38079960
76385279 -37978420
76402538 -37876867
76419686 -37775301
76436723 -37673723
76453650 -37572133
76470467 -37470531
76487173 -37368917
76503769 -37267292
76520255 -37165655
76536630 -37064007
76552895 -36962348
76569050 -36860678
76585095 -36758997
76601030 -36657306
76616854 -36555604
76632569 -36453891
76648174 -36352169
76663668 -36250437
76679053 -36148694
76694328 -36046943
76709494 -35945181
76724549 -35843411
76739495 -35741631
76754331 -35639842
76769058 -35538045
76783675 -35436239
76798182 -35334424
76812580 -35232601
76826868 -35130770
76841047 -35028931
76855117 -34927084
76869077 -34825230
76882928 -34723367
76896669 -34621498
76910302 -34519621
76923825 -34417738
76937239 -34315847
76950544 -34213950
76963740 -34112046
76976827 -34010136
76989805 -33908220
77002674 -33806297
77015435 -33704369
77028086 -33602435
77040628 -33500495
77053062 -33398550
77065387 -33296600
77077604 -33194644
77089711 -33092684
77101711 -32990719
77113601 -32888749
77125383 -32786775
77137057 -32684796
77148622 -32582814
77160079 -32480827
77171427 -32378837
77182667 -32276843
77193799 -32174845
77204822 -32072844
77215738 -31970840
77226545 -31868833
77237244 -31766823
77247835 -31664810
77258318 -31562795
77268693 -31460777
77278960 -31358757
77289120 -31256735
77299171 -31154711
77309114 -31052685
77318950 -30950658
77328678 -30848629
77338298 -30746599
77347811 -30644568
77357216 -30542536
77366514 -30440502
77375703 -30338469
77384786 -30236434
77393761 -30134400
77402628 -30032365
77411389 -29930330
77420041 -29828295
77428587 -29726260
77437025 -29624226
77445356 -29522193
77453580 -29420160
77461697 -29318128
77469707 -29216097
77477609 -29114067
77485405 -29012038
77493094 -28910011
77500675 -28807986
77508150 -28705962
77515518 -28603941
77522780 -28501921
77529934 -28399904
77536982 -28297889
77543923 -28195877
77550757 -28093867
77557485 -27991860
77564106 -27889857
77570621 -27787856
77577029 -27685859
77583331 -27583865
77589527 -27481875
77595616 -27379888
77601599 -27277906
77607475 -27175927
77613245 -27073953
77618909 -26971983
77624467 -26870018
77629919 -26768057
77635265 -26666102
77640505 -26564151
77645638 -26462205
77650666 -26360265
77655588 -26258330
77660404 -26156400
77665114 -26054476
77669718 -25952559
77674217 -25850647
77678610 -25748741
77682897 -25646842
77687079 -25544949
77691155 -25443063
77695125 -25341183
77698990 -25239311
77702750 -25137445
77706404 -25035587
77709953 -24933736
77713396 -24831892
77716734 -24730057
77719967 -24628229
77723095 -24526409
77726117 -24424597
77729035 -24322793
77731847 -24220998
77734554 -24119211
77737156 -24017433
77739653 -23915663
77742046 -23813903
77744333 -23712152
77746516 -23610410
77748593 -23508677
77750566 -23406954
77752434 -23305241
77754198 -23203538
77755857 -23101844
77757411 -23000161
77758861 -22898488
77760206 -22796825
77761447 -22695173
77762583 -22593532
77763615 -22491901
77764542 -22390282
77765366 -22288673
77766085 -22187076
77766699 -22085491
77767210 -21983917
77767616 -21882354
77767918 -21780804
77768116 -21679265
77768210 -21577739
77768200 -21476225
77768087 -21374723
77767869 -21273234
77767547 -21171758
77767122 -21070295
77766593 -20968844
77765960 -20867407
77765223 -20765983
77764382 -20664572
77763438 -20563175
77762391 -20461792
77761240 -20360422
77759985 -20259067
77758627 -20157725
77757166 -20056398
77755601 -19955086
77753933 -19853787
77752161 -19752504
77750286 -19651235
77748308 -19549982
77746227 -19448743
77744043 -19347520
77741756 -19246312
77739365 -19145120
77736872 -19043943
77734275 -18942782
77731576 -18841637
77728774 -18740508
77725869 -18639395
77722861 -18538299
77719750 -18437219
77716537 -18336156
77713221 -18235110
77709803 -18134080
77706281 -18033068
77702658 -17932073
77698931 -17831095
77695103 -17730134
77691171 -17629191
77687138 -17528266
77683002 -17427359
77678764 -17326470
77674423 -17225599
77669981 -17124746
77665436 -17023912
77660789 -16923096
77656040 -16822299
77651189 -16721520
77646235 -16620761
77641180 -16520021
77636023 -16419300
77630764 -16318598
77625404 -16217916
77619941 -16117253
77614377 -16016611
77608711 -15915988
77602943 -15815385
77597074 -15714802
77591103 -15614240
77585030 -15513698
77578856 -15413177
77572581 -15312676
77566204 -15212197
77559725 -15111738
77553146 -15011300
77546465 -14910884
77539682 -14810489
77532799 -14710115
77525814 -14609763
77518729 -14509433
77511542 -14409125
77504254 -14308839
77496865 -14208575
77489375 -14108333
77481785 -14008114
77474093 -13907917
77466301 -13807743
77458407 -13707592
77450413 -13607464
77442319 -13507359
77434123 -13407277
77425827 -13307218
77417431 -13207183
77408933 -13107172
77400336 -13007184
77391638 -12907220
77382839 -12807280
77373940 -12707365
77364941 -12607473
77355842 -12507606
77346642 -12407764
77337342 -12307946
77327942 -12208153
77318442 -12108385
77308841 -12008642
77299141 -11908924
77289341 -11809231
77279441 -11709564
77269441 -11609922
77259341 -11510306
77249141 -11410716
77238841 -11311152
77228442 -11211614
77217943 -11112102
77207344 -11012616
77196646 -10913157
77185849 -10813724
77174951 -10714318
77163954 -10614939
77152858 -10515587
77141663 -10416262
77130368 -10316964
77118974 -10217694
77107480 -10118451
77095888 -10019235
77084196 -9920047
77072405 -9820888
77060515 -9721756
77048526 -9622652
77036438 -9523576
77024251 -9424529
77011965 -9325510
76999580 -9226520
76987097 -9127558
76974514 -9028626
76961833 -8929722
76949053 -8830847
76936175 -8732002
76923198 -8633186
76910122 -8534399
76896948 -8435642
76883676 -8336915
76870305 -8238218
76856835 -8139550
76843268 -8040913
76829602 -7942305
76815837 -7843729
76801975 -7745182
76788014 -7646666
76773956 -7548181
76759799 -7449727
76745544 -7351303
76731191 -7252911
76716741 -7154550
76702192 -7056220
76687545 -6957921
76672801 -6859654
76657959 -6761419
76643019 -6663216
76627982 -6565044
76612847 -6466905
76597614 -6368797
76582284 -6270722
76566856 -6172680
76551331 -6074669
76535709 -5976692
76519989 -5878747
76504172 -5780835
76488257 -5682956
76472245 -5585111
76456137 -5487298
76439930 -5389519
76423627 -5291773
76407227 -5194061
76390730 -5096383
76374136 -4998738
76357445 -4901127
76340657 -4803551
76323772 -4706008
76306791 -4608500
76289713 -4511027
76272538 -4413588
76255266 -4316183
76237898 -4218813
76220433 -4121479
76202872 -4024179
76185214 -3926914
76167460 -3829685
76149610 -3732491
76131663 -3635332
76113620 -3538209
76095481 -3441122
76077246 -3344071
76058914 -3247055
76040486 -3150076
76021963 -3053132
76003343 -2956226
75984627 -2859355
75965816 -2762521
75946908 -2665724
75927905 -2568963
75908806 -2472239
75889611 -2375553
75870321 -2278903
75850935 -2182291
75831453 -2085716
75811876 -1989178
75792203 -1892678
75772435 -1796215
75752572 -1699791
75732613 -1603404
75712559 -1507056
75692409 -1410745
75672165 -1314473
75651825 -1218239
75631390 -1122043
75610860 -1025886
75590235 -929768
75569515 -833689
75548700 -737648
75527790 -641647
75506785 -545685
75485686 -449762
75464492 -353878
75443203 -258034
75421819 -162230
75400341 -66465
75378768 29259
75357101 124944
75335339 220589
75313483 316194
75291533 411759
75269488 507283
75247349 602767
75225115 698210
75202788 793612
75180366 888974
75157851 984294
75135241 1079574
75112537 1174812
75089740 1270009
75066848 1365165
75043863 1460280
75020783 1555352
74997611 1650383
74974344 1745372
74950984 1840320
74927530 1935225
74903982 2030088
74880341 2124909
74856607 2219687
74832779 2314423
74808858 2409117
74784843 2503768
74760736 2598376
74736535 2692941
74712241 2787463
74687853 2881942
74663373 2976378
74638800 3070770
74614133 3165119
74589374 3259424
74564522 3353686
74539577 3447904
74514539 3542078
74489409 3636209
74464186 3730295
74438870 3824337
74413461 3918334
74387961 4012288
74362367 4106196
74336681 4200060
74310903 4293880
74285033 4387655
74259070 4481384
74233015 4575069
74206867 4668708
74180628 4762303
74154297 4855852
74127873 4949355
74101358 5042813
74074750 5136225
74048051 5229592
74021260 5322912
73994377 5416187
73967402 5509416
73940336 5602598
73913178 5695734
73885928 5788824
73858587 5881867
73831154 5974864
73803630 6067813
73776014 6160717
73748308 6253573
73720510 6346382
73692620 6439144
73664640 6531859
73636568 6624527
73608405 6717147
73580151 6809719
73551807 6902244
73523371 6994722
73494844 7087151
73466227 7179533
73437519 7271866
73408720 7364152
73379830 7456389
73350850 7548578
73321779 7640718
73292617 7732810
73263366 7824853
73234023 7916847
73204591 8008793
73175068 8100690
73145455 8192537
73115751 8284336
73085957 8376085
73056074 8467785
73026100 8559436
72996036 8651037
72965882 8742588
72935639 8834090
72905305 8925541
72874882 9016943
72844369 9108295
72813766 9199597
72783073 9290848
72752291 9382049
72721420 9473200
72690459 9564300
72659408 9655349
72628268 9746348
72597039 9837296
72565720 9928193
72534313 10019039
72502816 10109834
72471230 10200578
72439554 10291270
72407790 10381911
72375937 10472501
72343995 10563038
72311964 10653525
72279844 10743959
72247636 10834342
72215339 10924672
72182953 11014950
72150478 11105177
72117915 11195351
72085264 11285472
72052524 11375541
72019696 11465558
71986779 11555522
71953774 11645433
71920681 11735291
71887500 11825097
71854230 11914849
71820873 12004548
71787427 12094194
71753894 12183787
71720273 12273326
71686563 12362812
71652766 12452244
71618882 12541622
71584909 12630947
71550849 12720217
71516701 12809434
71482466 12898597
71448144 12987705
71413734 13076759
71379236 13165759
71344652 13254705
71309980 13343595
71275220 13432432
71240374 13521213
71205441 13609940
71170420 13698612
71135313 13787228
71100119 13875790
71064837 13964296
71029469 14052747
70994015 14141143
70958473 14229484
70922845 14317768
70887130 14405997
70851329 14494171
70815441 14582288
70779467 14670350
70743407 14758355
70707260 14846305
70671027 14934198
70634707 15022035
70598302 15109816
70561810 15197540
70525233 15285207
70488569 15372818
70451820 15460373
70414984 15547870
70378063 15635310
70341056 15722694
70303963 15810020
70266785 15897289
70229521 15984501
70192172 16071655
70154737 16158752
70117216 16245792
70079611 16332774
70041920 16419698
70004143 16506564
69966282 16593373
69928335 16680123
69890304 16766815
69852187 16853449
69813985 16940025
69775699 17026543
69737327 17113002
69698871 17199403
69660330 17285745
69621705 17372028
69582994 17458252
69544199 17544418
69505320 17630525
69466356 17716573
69427308 17802561
69388175 17888490
69348959 17974360
69309658 18060171
69270272 18145922
69230803 18231614
69191250 18317246
69151612 18402818
69111891 18488330
69072086 18573783
69032197 18659175
68992224 18744508
68952167 18829780
68912027 18914992
68871804 19000144
68831496 19085235
68791106 19170266
68750632 19255236
68710074 19340145
68669433 19424994
68628709 19509782
68587902 19594509
68547012 19679175
68506039 19763780
68464982 19848324
68423843 19932806
68382621 20017227
68341316 20101587
68299928 20185885
68258457 20270122
68216904 20354296
68175269 20438410
68133550 20522461
68091750 20606450
68049867 20690378
68007901 20774243
67965853 20858046
67923723 20941787
67881511 21025465
67839217 21109081
67796841 21192635
67754382 21276126
67711842 21359554
67669220 21442920
67626516 21526222
67583731 21609462
67540863 21692639
67497914 21775753
67454884 21858803
67411772 21941790
67368578 22024714
67325303 22107575
67281947 22190372
67238509 22273106
67194991 22355776
67151391 22438382
67107710 22520924
67063948 22603403
67020105 22685817
66976181 22768168
66932177 22850454
66888091 22932676
66843925 23014834
66799678 23096928
66755351 23178957
66710943 23260921
66666454 23342821
66621886 23424657
66577236 23506427
66532507 23588133
66487697 23669774
66442807 23751349
66397837 23832860
66352787 23914306
66307657 23995686
66262447 24077001
66217158 24158251
66171788 24239435
66126339 24320554
66080810 24401607
66035201 24482594
65989513 24563515
65943746 24644371
65897899 24725161
65851972 24805885
65805967 24886542
65759882 24967134
65713718 25047659
65667474 25128118
65621152 25208511
65574751 25288837
65528271 25369097
65481712 25449290
65435074 25529416
65388357 25609476
65341562 25689468
65294689 25769394
65247736 25849253
65200705 25929045
65153596 26008769
65106409 26088426
65059143 26168016
65011799 26247539
64964377 26326994
64916876 26406382
64869298 26485702
64821642 26564955
64773907 26644139
64726095 26723256
64678205 26802305
64630238 26881286
64582193 26960199
64534070 27039044
64485870 27117821
64437592 27196529
64389237 27275169
64340804 27353741
64292295 27432244
64243708 27510679
64195044 27589045
64146302 27667342
64097484 27745570
64048589 27823730
63999617 27901821
63950569 27979843
63901443 28057795
63852241 28135679
63802962 28213493
63753607 28291238
63704175 28368914
63654667 28446520
63605082 28524057
63555422 28601524
63505685 28678922
63455871 28756250
63405982 28833508
63356017 28910696
63305975 28987814
63255858 29064863
63205665 29141841
63155396 29218749
63105052 29295587
63054632 29372354
63004136 29449052
62953565 29525678
62902919 29602235
62852197 29678720
62801400 29755136
62750527 29831480
62699579 29907754
62648557 29983956
62597459 30060088
62546286 30136149
62495039 30212139
62443716 30288058
62392319 30363905
62340847 30439682
62289301 30515387
62237680 30591020
62185984 30666582
62134214 30742073
62082370 30817492
62030451 30892839
61978459 30968115
61926392 31043318
61874250 31118450
61822035 31193510
61769746 31268498
61717383 31343414
61664947 31418258
61612436 31493029
61559852 31567728
61507194 31642355
61454463 31716910
61401658 31791392
61348780 31865801
61295828 31940138
61242803 32014402
61189705 32088593
61136534 32162712
61083290 32236757
61029972 32310730
60976582 32384630
60923119 32458456
60869583 32532210
60815975 32605890
60762293 32679497
60708539 32753031
60654713 32826491
60600814 32899877
60546843 32973191
60492800 33046430
60438684 33119596
60384496 33192688
60330236 33265706
60275904 33338651
60221500 33411521
60167024 33484318
60112476 33557040
60057857 33629689
60003166 33702263
59948403 33774763
59893569 33847188
59838663 33919539
59783686 33991816
59728637 34064018
59673517 34136146
59618326 34208199
59563064 34280177
59507731 34352081
59452327 34423909
59396852 34495663
59341306 34567342
59285689 34638946
59230002 34710475
59174244 34781928
59118415 34853306
59062516 34924610
59006546 34995837
58950506 35066990
58894396 35138066
58838216 35209068
58781966 35279994
58725645 35350844
58669254 35421618
58612794 35492317
58556264 35562940
58499664 35633487
58442994 35703957
58386254 35774352
58329445 35844671
58272567 35914914
58215619 35985081
58158602 36055171
58101515 36125185
58044359 36195122
57987134 36264983
57929840 36334768
57872477 36404476
57815046 36474107
57757545 36543662
57699975 36613140
57642337 36682541
57584630 36751866
57526855 36821113
57469011 36890283
57411099 36959377
57353118 37028393
57295069 37097332
57236952 37166194
57178767 37234978
57120514 37303685
57062193 37372315
57003804 37440868
56945347 37509342
56886822 37577740
56828230 37646059
56769570 37714301
56710842 37782465
56652047 37850552
56593185 37918560
56534255 37986491
56475258 38054343
56416194 38122118
56357063 38189814
56297865 38257432
56238599 38324972
56179267 38392434
56119868 38459817
56060403 38527122
56000871 38594349
55941272 38661497
55881607 38728566
55821875 38795557
55762077 38862469
55702212 38929303
55642282 38996057
55582285 39062733
55522222 39129330
55462094 39195848
55401899 39262287
55341638 39328646
55281312 39394927
55220920 39461129
55160463 39527251
55099940 39593294
55039351 39659257
54978697 39725141
54917978 39790946
54857193 39856671
54796344 39922317
54735429 39987883
54674449 40053369
54613405 40118776
54552295 40184102
54491121 40249349
54429882 40314516
54368578 40379603
54307210 40444610
54245777 40509537
54184280 40574384
54122719 40639151
54061093 40703837
53999403 40768443
53937649 40832969
53875831 40897414
53813950 40961779
53752004 41026063
53689994 41090267
53627921 41154391
53565784 41218433
53503584 41282395
53441320 41346276
53378992 41410076
53316601 41473796
53254147 41537434
53191630 41600991
53129050 41664468
53066407 41727863
53003701 41791177
52940931 41854410
52878099 41917562
52815205 41980632
52752248 42043621
52689228 42106529
52626145 42169355
52563001 42232100
52499794 42294763
52436524 42357345
52373193 42419845
52309799 42482263
52246343 42544599
52182826 42606854
52119246 42669026
52055605 42731117
51991902 42793126
51928138 42855053
51864311 42916897
51800424 42978660
51736475 43040340
51672464 43101939
51608393 43163454
51544260 43224888
51480066 43286239
51415811 43347508
51351496 43408694
51287119 43469798
51222682 43530819
51158183 43591758
51093625 43652614
51029006 43713387
50964326 43774077
50899586 43834685
50834785 43895209
50769925 43955651
50705004 44016010
50640023 44076286
50574982 44136478
50509882 44196588
50444721 44256614
50379501 44316557
50314221 44376417
50248881 44436194
50183482 44495887
50118024 44555497
50052506 44615023
49986929 44674466
49921293 44733825
49855597 44793101
49789843 44852293
49724030 44911401
49658157 44970426
49592226 45029366
49526237 45088223
49460188 45146996
49394081 45205685
49327916 45264290
49261692 45322811
49195410 45381248
49129070 45439601
49062672 45497870
48996215 45556054
48929701 45614154
48863128 45672170
48796498 45730102
48729810 45787949
48663064 45845711
48596261 45903389
48529400 45960983
48462482 46018492
48395507 46075916
48328474 46133256
48261384 46190511
48194237 46247681
48127033 46304766
48059772 46361767
47992455 46418682
47925080 46475513
47857649 46532258
47790161 46588919
47722617 46645494
47655016 46701984
47587359 46758389
47519645 46814709
47451875 46870944
47384050 46927093
47316168 46983157
47248230 47039135
47180236 47095028
47112187 47150836
47044082 47206558
46975921 47262194
46907705 47317745
46839433 47373210
46771106 47428589
46702723 47483883
46634286 47539091
46565793 47594213
46497245 47649249
46428642 47704199
46359985 47759063
46291272 47813841
46222505 47868533
46153683 47923139
46084807 47977659
46015876 48032092
45946891 48086439
45877851 48140700
45808758 48194875
45739610 48248964
45670408 48302965
45601152 48356881
45531842 48410710
45462479 48464452
45393061 48518108
45323590 48571677
45254066 48625160
45184488 48678556
45114857 48731865
45045172 48785087
44975434 48838223
44905643 48891271
44835799 48944233
44765902 48997108
44695952 49049896
44625949 49102596
44555894 49155210
44485786 49207736
44415625 49260176
44345412 49312528
44275147 49364793
44204829 49416970
44134459 49469061
44064037 49521064
43993563 49572979
43923037 49624807
43852459 49676548
43781830 49728201
43711148 49779766
43640415 49831244
43569631 49882635
43498795 49933937
43427908 49985152
43356969 50036279
43285979 50087318
43214938 50138270
43143847 50189133
43072704 50239909
43001510 50290596
42930266 50341196
42858970 50391708
42787625 50442131
42716228 50492467
42644782 50542714
42573285 50592873
42501738 50642944
42430140 50692926
42358493 50742821
42286795 50792626
42215048 50842344
42143251 50891973
42071404 50941514
41999507 50990966
41927561 51040329
41855565 51089604
41783520 51138791
41711426 51187888
41639282 51236897
41567089 51285818
41494848 51334649
41422557 51383392
41350217 51432046
41277829 51480611
41205392 51529087
41132906 51577474
41060372 51625772
40987789 51673981
40915158 51722101
40842479 51770132
40769751 51818074
40696976 51865926
40624152 51913690
40551281 51961364
40478361 52008949
40405394 52056444
40332380 52103851
40259317 52151167
40186207 52198395
40113050 52245533
40039846 52292581
39966594 52339540
39893295 52386409
39819949 52433189
39746556 52479879
39673116 52526479
39599630 52572990
39526097 52619411
39452517 52665742
39378890 52711983
39305218 52758135
39231498 52804196
39157733 52850168
39083921 52896050
39010064 52941841
38936160 52987543
38862210 53033155
38788215 53078676
38714174 53124108
38640087 53169449
38565955 53214700
38491777 53259861
38417554 53304931
38343285 53349911
38268971 53394801
38194612 53439601
38120209 53484310
38045760 53528928
37971266 53573457
37896728 53617894
37822145 53662241
37747517 53706498
37672845 53750664
37598128 53794739
37523368 53838724
37448562 53882618
37373713 53926421
37298820 53970134
37223883 54013755
37148902 54057286
37073877 54100726
36998808 54144075
36923696 54187333
36848540 54230501
36773341 54273577
36698099 54316562
36622813 54359456
36547484 54402259
36472112 54444971
36396697 54487591
36321239 54530121
36245739 54572559
36170196 54614906
36094610 54657162
36018981 54699327
35943310 54741400
35867597 54783381
35791842 54825272
35716044 54867071
35640204 54908778
35564322 54950394
35488399 54991918
35412433 55033351
35336426 55074692
35260377 55115942
35184287 55157100
35108155 55198166
35031982 55239141
34955768 55280024
34879512 55320815
34803215 55361514
34726878 55402121
34650499 55442637
34574080 55483060
34497619 55523392
34421119 55563632
34344577 55603780
34267996 55643835
34191374 55683799
34114711 55723671
34038009 55763450
33961266 55803138
33884483 55842733
33807661 55882236
33730798 55921647
33653896 55960965
33576955 56000191
33499973 56039325
33422953 56078367
33345892 56117316
33268793 56156173
33191655 56194938
33114477 56233610
33037260 56272189
32960005 56310676
32882710 56349070
32805377 56387372
32728006 56425582
32650595 56463698
32573147 56501722
32495660 56539654
32418135 56577492
32340571 56615238
32262970 56652892
32185330 56690452
32107653 56727919
32029937 56765294
31952185 56802576
31874394 56839765
31796566 56876861
31718700 56913864
31640798 56950774
31562858 56987591
31484880 57024315
31406866 57060946
31328815 57097484
31250727 57133929
31172602 57170281
31094440 57206539
31016242 57242705
30938007 57278777
30859736 57314756
30781428 57350641
30703085 57386433
30624705 57422132
30546289 57457738
30467837 57493250
30389349 57528669
30310826 57563994
30232267 57599226
30153672 57634365
30075042 57669410
29996376 57704361
29917675 57739219
29838939 57773984
29760167 57808654
29681361 57843231
29602520 57877715
29523644 57912105
29444733 57946401
29365788 57980603
29286808 58014712
29207793 58048726
29128744 58082647
29049661 58116474
28970544 58150208
28891392 58183847
28812207 58217393
28732988 58250844
28653734 58284202
28574448 58317466
28495127 58350635
28415773 58383711
28336386 58416693
28256965 58449580
28177511 58482374
28098024 58515073
28018503 58547678
27938950 58580189
27859364 58612606
27779745 58644929
27700094 58677157
27620409 58709291
27540693 58741331
27460944 58773277
27381162 58805128
27301349 58836885
27221503 58868548
27141625 58900116
27061716 58931590
26981774 58962969
26901801 58994254
26821796 59025444
26741760 59056540
26661692 59087541
26581593 59118448
26501462 59149260
26421300 59179978
26341108 59210601
26260884 59241129
26180629 59271563
26100344 59301902
26020028 59332146
25939681 59362296
25859303 59392350
25778896 59422310
25698458 59452176
25617989 59481946
25537491 59511622
25456963 59541203
25376404 59570688
25295816 59600079
25215198 59629376
25134551 59658577
25053873 59687683
24973167 59716694
24892431 59745610
24811665 59774431
24730871 59803158
24650047 59831789
24569195 59860325
24488313 59888766
24407403 59917111
24326464 59945362
24245496 59973517
24164500 60001578
24083476 60029543
24002423 60057413
23921342 60085187
23840233 60112867
23759095 60140451
23677930 60167940
23596737 60195333
23515516 60222631
23434268 60249834
23352992 60276941
23271689 60303953
23190358 60330870
23109000 60357691
23027614 60384417
22946202 60411047
22864763 60437581
22783297 60464021
22701804 60490364
22620284 60516612
22538738 60542765
22457165 60568822
22375566 60594783
22293940 60620649
22212288 60646419
22130610 60672093
22048907 60697672
21967177 60723155
21885421 60748542
21803640 60773834
21721833 60799030
21640000 60824130
21558142 60849134
21476259 60874043
21394350 60898855
21312417 60923572
21230458 60948193
21148474 60972718
21066465 60997148
20984432 61021481
20902374 61045718
20820291 61069860
20738184 61093905
20656053 61117855
20573897 61141708
20491717 61165466
20409513 61189127
20327285 61212693
20245033 61236162
20162757 61259535
20080458 61282813
19998135 61305994
19915788 61329079
19833418 61352067
19751025 61374960
19668608 61397757
19586169 61420457
19503706 61443061
19421220 61465569
19338712 61487981
19256181 61510296
19173627 61532515
19091051 61554638
19008452 61576664
18925831 61598595
18843187 61620429
18760522 61642166
18677834 61663807
18595125 61685352
18512393 61706801
18429640 61728153
18346865 61749408
18264069 61770567
18181251 61791630
18098412 61812596
18015551 61833466
17932670 61854239
17849767 61874916
17766843 61895496
17683899 61915980
17600933 61936367
17517947 61956658
17434940 61976852
17351913 61996949
17268866 62016950
17185798 62036854
17102710 62056662
17019602 62076373
16936473 62095987
16853325 62115504
16770157 62134925
16686970 62154249
16603763 62173477
16520536 62192608
16437290 62211641
16354024 62230579
16270740 62249419
16187436 62268163
16104113 62286810
16020771 62305360
15937411 62323813
15854031 62342169
15770633 62360429
15687217 62378591
15603782 62396657
15520329 62414626
15436857 62432498
15353367 62450273
15269860 62467951
15186334 62485532
15102791 62503017
15019229 62520404
14935651 62537694
14852054 62554888
14768440 62571984
14684809 62588983
14601160 62605886
14517495 62622691
14433812 62639399
14350112 62656010
14266396 62672524
14182662 62688941
14098912 62705261
14015146 62721484
13931363 62737610
13847564 62753639
13763748 62769570
13679916 62785404
13596068 62801141
13512204 62816781
13428324 62832324
13344429 62847770
13260518 62863118
13176591 62878370
13092648 62893523
13008691 62908580
12924718 62923540
12840730 62938402
12756726 62953167
12672708 62967835
12588675 62982405
12504627 62996878
12420564 63011254
12336487 63025533
12252395 63039714
12168289 63053798
12084169 63067784
12000034 63081673
11915886 63095465
11831723 63109160
11747546 63122757
11663356 63136256
11579152 63149659
11494934 63162963
11410703 63176171
11326458 63189281
11242200 63202293
11157929 63215208
11073645 63228026
10989347 63240746
10905037 63253369
10820714 63265894
10736378 63278322
10652030 63290652
10567669 63302885
10483296 63315020
10398910 63327058
10314513 63338998
10230103 63350841
10145681 63362586
10061247 63374233
9976801 63385783
9892344 63397236
9807875 63408590
9723394 63419848
9638902 63431007
9554399 63442069
9469884 63453034
9385359 63463900
9300822 63474669
9216274 63485341
9131716 63495915
9047147 63506391
8962567 63516770
8877976 63527051
8793376 63537234
8708764 63547319
8624143 63557307
8539512 63567197
8454870 63576990
8370219 63586685
8285557 63596282
8200886 63605781
8116206 63615183
8031516 63624487
7946816 63633693
7862107 63642801
7777389 63651812
7692662 63660725
7607925 63669540
7523180 63678257
7438426 63686877
7353663 63695399
7268891 63703823
7184111 63712149
7099323 63720377
7014526 63728508
6929721 63736541
6844908 63744476
6760086 63752313
6675257 63760052
6590420 63767694
6505575 63775237
6420723 63782683
6335863 63790031
6250995 63797281
6166121 63804434
6081239 63811488
5996349 63818445
5911453 63825303
5826550 63832064
5741640 63838727
5656723 63845292
5571800 63851759
5486870 63858129
5401934 63864400
5316991 63870573
5232042 63876649
5147087 63882627
5062126 63888506
4977158 63894288
4892185 63899972
4807207 63905558
4722222 63911046
4637232 63916436
4552237 63921728
4467236 63926922
4382230 63932019
4297219 63937017
4212203 63941917
4127182 63946720
4042156 63951424
3957125 63956031
3872090 63960539
3787050 63964950
3702006 63969262
3616957 63973477
3531904 63977594
3446847 63981612
3361786 63985533
3276721 63989356
3191652 63993080
3106579 63996707
3021503 64000236
2936423 64003666
2851340 64006999
2766253 64010234
2681163 64013371
2596070 64016409
2510974 64019350
2425875 64022193
2340773 64024937
2255668 64027584
2170561 64030133
2085451 64032583
2000338 64034936
1915224 64037190
1830107 64039347
1744988 64041406
1659867 64043366
1574743 64045229
1489618 64046993
1404492 64048659
1319363 64050228
1234234 64051698
1149102 64053071
1063969 64054345
978836 64055521
893700 64056599
808564 64057580
723427 64058462
638289 64059246
553151 64059932
468011 64060520
382871 64061010
297731 64061402
212590 64061696
127449 64061892
42308 64061990
-42832 64061990
-127973 64061892
-213114 64061695
-298255 64061401
-383395 64061009
-468535 64060518
-553674 64059930
-638813 64059244
-723951 64058459
-809088 64057577
-894224 64056596
-979359 64055517
-1064493 64054341
-1149626 64053066
-1234757 64051694
-1319887 64050223
-1405016 64048654
-1490142 64046987
-1575267 64045223
-1660390 64043360
-1745512 64041399
-1830631 64039340
-1915748 64037183
-2000862 64034928
-2085975 64032575
-2171085 64030124
-2256192 64027575
-2341297 64024928
-2426399 64022183
-2511498 64019340
-2596594 64016399
-2681687 64013360
-2766777 64010223
-2851863 64006988
-2936947 64003655
-3022027 64000224
-3107103 63996695
-3192176 63993068
-3277245 63989343
-3362310 63985520
-3447371 63981599
-3532428 63977580
-3617481 63973463
-3702530 63969248
-3787574 63964935
-3872614 63960525
-3957649 63956016
-4042680 63951409
-4127706 63946704
-4212727 63941901
-4297743 63937001
-4382754 63932002
-4467760 63926906
-4552761 63921711
-4637756 63916419
-4722746 63911028
-4807731 63905540
-4892709 63899953
-4977682 63894269
-5062650 63888487
-5147611 63882607
-5232566 63876629
-5317515 63870553
-5402458 63864379
-5487394 63858108
-5572324 63851738
-5657247 63845271
-5742164 63838705
-5827074 63832042
-5911977 63825281
-5996874 63818422
-6081763 63811465
-6166645 63804410
-6251520 63797258
-6336387 63790007
-6421247 63782659
-6506099 63775213
-6590944 63767669
-6675781 63760027
-6760611 63752287
-6845432 63744450
-6930245 63736514
-7015050 63728481
-7099847 63720350
-7184636 63712122
-7269416 63703795
-7354187 63695371
-7438950 63686848
-7523704 63678229
-7608450 63669511
-7693186 63660695
-7777913 63651782
-7862631 63642771
-7947340 63633663
-8032040 63624456
-8116730 63615152
-8201411 63605750
-8286082 63596250
-8370743 63586653
-8455395 63576958
-8540036 63567165
-8624668 63557275
-8709289 63547286
-8793900 63537200
-8878501 63527017
-8963091 63516736
-9047671 63506357
-9132240 63495880
-9216799 63485306
-9301347 63474634
-9385883 63463865
-9470409 63452998
-9554923 63442033
-9639427 63430971
-9723919 63419811
-9808399 63408553
-9892868 63397198
-9977326 63385745
-10061772 63374195
-10146206 63362547
-10230628 63350802
-10315037 63338959
-10399435 63327019
-10483821 63314981
-10568194 63302845
-10652555 63290612
-10736903 63278281
-10821239 63265853
-10905562 63253328
-10989872 63240705
-11074170 63227984
-11158454 63215166
-11242725 63202251
-11326983 63189238
-11411228 63176128
-11495459 63162920
-11579677 63149615
-11663881 63136212
-11748072 63122712
-11832248 63109115
-11916411 63095420
-12000560 63081628
-12084694 63067739
-12168815 63053752
-12252921 63039668
-12337013 63025486
-12421090 63011207
-12505152 62996831
-12589200 62982358
-12673234 62967787
-12757252 62953119
-12841255 62938354
-12925243 62923491
-13009216 62908531
-13093174 62893474
-13177116 62878320
-13261043 62863068
-13344954 62847720
-13428850 62832274
-13512730 62816731
-13596594 62801090
-13680442 62785353
-13764274 62769518
-13848089 62753586
-13931889 62737557
-14015672 62721431
-14099438 62705208
-14183188 62688888
-14266922 62672471
-14350638 62655956
-14434338 62639345
-14518021 62622636
-14601686 62605831
-14685335 62588928
-14768966 62571928
-14852580 62554832
-14936177 62537638
-15019756 62520347
-15103317 62502960
-15186860 62485475
-15270386 62467894
-15353894 62450215
-15437383 62432440
-15520855 62414568
-15604308 62396598
-15687743 62378532
-15771160 62360369
-15854558 62342110
-15937937 62323753
-16021298 62305299
-16104639 62286749
-16187962 62268102
-16271266 62249358
-16354551 62230517
-16437816 62211580
-16521063 62192546
-16604289 62173415
-16687497 62154187
-16770684 62134862
-16853852 62115441
-16937000 62095923
-17020128 62076309
-17103237 62056598
-17186325 62036790
-17269393 62016885
-17352440 61996884
-17435467 61976786
-17518474 61956592
-17601460 61936301
-17684426 61915914
-17767370 61895430
-17850294 61874849
-17933197 61854172
-18016079 61833399
-18098939 61812529
-18181778 61791562
-18264596 61770499
-18347393 61749340
-18430168 61728084
-18512921 61706731
-18595652 61685283
-18678362 61663738
-18761049 61642096
-18843715 61620358
-18926358 61598524
-19008979 61576593
-19091578 61554567
-19174155 61532443
-19256708 61510224
-19339240 61487908
-19421748 61465496
-19504234 61442988
-19586696 61420384
-19669136 61397683
-19751553 61374886
-19833946 61351993
-19916316 61329004
-19998663 61305919
-20080986 61282738
-20163285 61259460
-20245561 61236087
-20327813 61212617
-20410041 61189051
-20492245 61165389
-20574425 61141632
-20656581 61117778
-20738713 61093828
-20820820 61069782
-20902902 61045641
-20984960 61021403
-21066994 60997069
-21149003 60972640
-21230986 60948114
-21312945 60923493
-21394879 60898776
-21476788 60873963
-21558671 60849054
-21640529 60824050
-21722361 60798949
-21804169 60773753
-21885950 60748461
-21967706 60723074
-22049435 60697590
-22131139 60672011
-22212817 60646337
-22294469 60620566
-22376095 60594700
-22457694 60568739
-22539267 60542681
-22620813 60516529
-22702333 60490280
-22783826 60463936
-22865292 60437497
-22946731 60410962
-23028144 60384331
-23109529 60357605
-23190887 60330784
-23272218 60303867
-23353521 60276855
-23434797 60249747
-23516046 60222544
-23597267 60195246
-23678460 60167852
-23759625 60140363
-23840762 60112779
-23921872 60085099
-24002953 60057324
-24084006 60029454
-24165030 60001489
-24246026 59973428
-24326994 59945272
-24407933 59917021
-24488843 59888675
-24569725 59860234
-24650577 59831698
-24731401 59803067
-24812195 59774340
-24892961 59745519
-24973697 59716602
-25054404 59687591
-25135081 59658484
-25215729 59629283
-25296347 59599986
-25376935 59570595
-25457493 59541109
-25538022 59511528
-25618520 59481852
-25698988 59452081
-25779426 59422216
-25859834 59392255
-25940211 59362200
-26020558 59332051
-26100875 59301806
-26181160 59271467
-26261415 59241033
-26341639 59210504
-26421831 59179881
-26501993 59149163
-26582124 59118351
-26662223 59087444
-26742291 59056442
-26822327 59025346
-26902332 58994155
-26982306 58962870
-27062247 58931491
-27142157 58900017
-27222035 58868448
-27301880 58836785
-27381694 58805028
-27461475 58773177
-27541224 58741231
-27620941 58709191
-27700625 58677056
-27780277 58644827
-27859896 58612505
-27939482 58580087
-28019035 58547576
-28098555 58514971
-28178043 58482271
-28257497 58449477
-28336918 58416589
-28416305 58383608
-28495659 58350532
-28574980 58317362
-28654267 58284098
-28733520 58250740
-28812739 58217288
-28891925 58183742
-28971076 58150102
-29050193 58116369
-29129277 58082541
-29208326 58048620
-29287340 58014605
-29366320 57980496
-29445266 57946294
-29524177 57911997
-29603053 57877607
-29681894 57843124
-29760700 57808546
-29839472 57773875
-29918208 57739111
-29996909 57704253
-30075575 57669301
-30154205 57634256
-30232800 57599117
-30311359 57563885
-30389882 57528559
-30468370 57493140
-30546822 57457628
-30625238 57422022
-30703618 57386322
-30781962 57350530
-30860269 57314644
-30938541 57278665
-31016775 57242593
-31094974 57206427
-31173135 57170168
-31251260 57133816
-31329349 57097371
-31407400 57060833
-31485414 57024202
-31563392 56987478
-31641332 56950660
-31719235 56913750
-31797100 56876747
-31874928 56839650
-31952719 56802461
-32030472 56765179
-32108187 56727804
-32185864 56690336
-32263504 56652776
-32341106 56615122
-32418669 56577376
-32496194 56539537
-32573681 56501606
-32651130 56463581
-32728540 56425464
-32805912 56387255
-32883245 56348953
-32960540 56310558
-33037795 56272071
-33115012 56233491
-33192190 56194819
-33269328 56156054
-33346428 56117197
-33423488 56078247
-33500508 56039206
-33577490 56000071
-33654432 55960845
-33731334 55921526
-33808196 55882115
-33885019 55842612
-33961801 55803016
-34038544 55763329
-34115247 55723549
-34191909 55683677
-34268531 55643713
-34345113 55603657
-34421655 55563509
-34498155 55523269
-34574616 55482937
-34651035 55442514
-34727414 55401998
-34803751 55361390
-34880048 55320691
-34956304 55279900
-35032518 55239017
-35108691 55198042
-35184823 55156975
-35260914 55115817
-35336963 55074567
-35412970 55033226
-35488935 54991793
-35564859 54950268
-35640741 54908652
-35716581 54866944
-35792378 54825145
-35868134 54783255
-35943847 54741273
-36019518 54699199
-36095147 54657035
-36170733 54614779
-36246276 54572431
-36321777 54529993
-36397234 54487463
-36472649 54444842
-36548021 54402130
-36623350 54359327
-36698636 54316433
-36773879 54273447
-36849078 54230371
-36924234 54187203
-36999346 54143945
-37074414 54100596
-37149439 54057156
-37224421 54013625
-37299358 53970003
-37374251 53926290
-37449100 53882487
-37523906 53838592
-37598666 53794607
-37673383 53750532
-37748055 53706366
-37822683 53662109
-37897266 53617762
-37971805 53573324
-38046298 53528795
-38120747 53484176
-38195151 53439467
-38269510 53394667
-38343824 53349777
-38418092 53304797
-38492315 53259726
-38566493 53214565
-38640626 53169314
-38714713 53123973
-38788754 53078541
-38862749 53033019
-38936699 52987407
-39010603 52941706
-39084460 52895914
-39158272 52850032
-39232038 52804060
-39305757 52757998
-39379430 52711847
-39453056 52665605
-39526636 52619274
-39600169 52572853
-39673656 52526342
-39747096 52479741
-39820489 52433051
-39893835 52386271
-39967134 52339402
-40040386 52292442
-40113590 52245394
-40186747 52198256
-40259857 52151028
-40332920 52103711
-40405934 52056305
-40478902 52008809
-40551821 51961224
-40624693 51913550
-40697516 51865786
-40770292 51817933
-40843019 51769991
-40915699 51721960
-40988330 51673840
-41060913 51625631
-41133447 51577332
-41205933 51528945
-41278370 51480469
-41350758 51431904
-41423098 51383250
-41495389 51334507
-41567630 51285675
-41639823 51236754
-41711967 51187745
-41784061 51138647
-41856106 51089461
-41928102 51040186
-42000048 50990822
-42071945 50941370
-42143792 50891829
-42215589 50842200
-42287337 50792482
-42359034 50742676
-42430682 50692782
-42502279 50642799
-42573827 50592728
-42645324 50542569
-42716770 50492321
-42788167 50441986
-42859512 50391562
-42930808 50341050
-43002052 50290450
-43073246 50239762
-43144389 50188987
-43215481 50138123
-43286522 50087171
-43357512 50036132
-43428450 49985005
-43499338 49933790
-43570174 49882487
-43640958 49831097
-43711691 49779618
-43782373 49728053
-43853002 49676400
-43923580 49624659
-43994106 49572831
-44064580 49520915
-44135002 49468912
-44205372 49416821
-44275690 49364644
-44345956 49312378
-44416169 49260026
-44486329 49207587
-44556437 49155060
-44626493 49102446
-44696496 49049745
-44766446 48996957
-44836343 48944082
-44906187 48891121
-44975978 48838072
-45045716 48784936
-45115400 48731714
-45185032 48678404
-45254610 48625008
-45324134 48571526
-45393605 48517956
-45463023 48464300
-45532386 48410558
-45601696 48356729
-45670952 48302813
-45740154 48248811
-45809302 48194722
-45878396 48140548
-45947435 48086286
-46016421 48031939
-46085351 47977505
-46154228 47922985
-46223050 47868379
-46291817 47813687
-46360530 47758909
-46429187 47704045
-46497790 47649094
-46566338 47594058
-46634831 47538936
-46703268 47483728
-46771651 47428435
-46839978 47373055
-46908250 47317590
-46976466 47262039
-47044627 47206402
-47112732 47150680
-47180782 47094873
-47248776 47038980
-47316713 46983001
-47384595 46926937
-47452421 46870788
-47520191 46814553
-47587904 46758233
-47655562 46701828
-47723162 46645337
-47790707 46588762
-47858195 46532101
-47925626 46475356
-47993001 46418525
-48060319 46361609
-48127580 46304609
-48194784 46247523
-48261931 46190353
-48329021 46133098
-48396053 46075758
-48463029 46018334
-48529947 45960825
-48596808 45903231
-48663611 45845553
-48730357 45787790
-48797045 45729943
-48863675 45672011
-48930248 45613995
-48996762 45555895
-49063219 45497710
-49129617 45439442
-49195957 45381089
-49262240 45322652
-49328463 45264130
-49394629 45205525
-49460736 45146836
-49526784 45088063
-49592774 45029206
-49658705 44970265
-49724577 44911240
-49790391 44852132
-49856145 44792940
-49921841 44733664
-49987477 44674305
-50053054 44614862
-50118572 44555335
-50184030 44495725
-50249429 44436032
-50314769 44376255
-50380049 44316395
-50445269 44256452
-50510430 44196426
-50575531 44136316
-50640572 44076123
-50705552 44015847
-50770473 43955489
-50835334 43895047
-50900134 43834522
-50964874 43773914
-51029554 43713224
-51094173 43652451
-51158732 43591595
-51223230 43530656
-51287668 43469635
-51352045 43408531
-51416360 43347344
-51480615 43286076
-51544809 43224724
-51608942 43163291
-51673014 43101775
-51737024 43040176
-51800973 42978496
-51864861 42916733
-51928687 42854888
-51992452 42792962
-52056155 42730953
-52119796 42668862
-52183375 42606689
-52246893 42544434
-52310349 42482098
-52373742 42419680
-52437074 42357180
-52500343 42294598
-52563551 42231935
-52626695 42169190
-52689778 42106364
-52752798 42043456
-52815755 41980467
-52878650 41917396
-52941482 41854244
-53004251 41791011
-53066957 41727697
-53129600 41664302
-53192181 41600825
-53254698 41537268
-53317152 41473629
-53379543 41409910
-53441870 41346110
-53504134 41282228
-53566335 41218266
-53628472 41154224
-53690545 41090101
-53752555 41025897
-53814501 40961612
-53876383 40897247
-53938201 40832802
-53999954 40768276
-54061644 40703670
-54123270 40638983
-54184832 40574217
-54246329 40509370
-54307761 40444443
-54369130 40379436
-54430433 40314349
-54491672 40249182
-54552847 40183935
-54613956 40118608
-54675001 40053201
-54735981 39987715
-54796895 39922149
-54857745 39856503
-54918530 39790778
-54979249 39724973
-55039903 39659089
-55100492 39593125
-55161015 39527082
-55221472 39460960
-55281864 39394758
-55342191 39328478
-55402451 39262118
-55462646 39195679
-55522775 39129161
-55582837 39062564
-55642834 38995888
-55702765 38929133
-55762629 38862300
-55822427 38795388
-55882159 38728397
-55941825 38661327
-56001423 38594179
-56060956 38526953
-56120421 38459648
-56179820 38392264
-56239152 38324803
-56298418 38257263
-56357616 38189644
-56416747 38121948
-56475811 38054173
-56534808 37986321
-56593738 37918390
-56652600 37850382
-56711395 37782295
-56770123 37714131
-56828783 37645889
-56887375 37577570
-56945900 37509172
-57004357 37440697
-57062746 37372145
-57121068 37303515
-57179321 37234808
-57237506 37166023
-57295623 37097162
-57353672 37028222
-57411653 36959206
-57469565 36890113
-57527409 36820942
-57585184 36751695
-57642891 36682371
-57700530 36612969
-57758099 36543491
-57815600 36473937
-57873032 36404305
-57930395 36334597
-57987689 36264813
-58044914 36194951
-58102069 36125014
-58159156 36055000
-58216173 35984910
-58273121 35914743
-58330000 35844500
-58386809 35774181
-58443548 35703786
-58500218 35633315
-58556818 35562769
-58613349 35492146
-58669809 35421447
-58726200 35350673
-58782520 35279822
-58838771 35208897
-58894951 35137895
-58951062 35066818
-59007101 34995666
-59063071 34924438
-59118970 34853135
-59174799 34781757
-59230557 34710303
-59286244 34638775
-59341861 34567171
-59397407 34495492
-59452882 34423738
-59508286 34351909
-59563620 34280006
-59618882 34208028
-59674073 34135975
-59729193 34063847
-59784241 33991645
-59839219 33919368
-59894124 33847017
-59948959 33774591
-60003722 33702091
-60058413 33629517
-60113032 33556869
-60167580 33484147
-60222056 33411350
-60276460 33338480
-60330792 33265535
-60385052 33192517
-60439240 33119425
-60493356 33046259
-60547399 32973019
-60601371 32899706
-60655269 32826319
-60709096 32752859
-60762850 32679326
-60816531 32605719
-60870140 32532038
-60923675 32458285
-60977139 32384458
-61030529 32310559
-61083846 32236586
-61137090 32162540
-61190262 32088422
-61243360 32014231
-61296385 31939967
-61349336 31865630
-61402215 31791220
-61455019 31716738
-61507751 31642184
-61560409 31567557
-61612993 31492858
-61665504 31418087
-61717940 31343243
-61770303 31268327
-61822592 31193339
-61874808 31118279
-61926949 31043147
-61979016 30967944
-62031009 30892668
-62082927 30817321
-62134772 30741902
-62186542 30666411
-62238237 30590849
-62289858 30515216
-62341405 30439511
-62392877 30363734
-62444274 30287887
-62495596 30211968
-62546844 30135978
-62598017 30059917
-62649114 29983786
-62700137 29907583
-62751085 29831309
-62801957 29754965
-62852755 29678550
-62903476 29602064
-62954123 29525508
-63004694 29448881
-63055190 29372184
-63105610 29295416
-63155954 29218578
-63206223 29141670
-63256416 29064692
-63306533 28987644
-63356575 28910526
-63406540 28833338
-63456429 28756079
-63506243 28678752
-63555980 28601354
-63605641 28523887
-63655225 28446350
-63704733 28368744
-63754165 28291068
-63803521 28213323
-63852799 28135509
-63902002 28057626
-63951127 27979673
-64000176 27901651
-64049148 27823561
-64098043 27745401
-64146861 27667172
-64195602 27588875
-64244266 27510509
-64292853 27432075
-64341363 27353572
-64389795 27275000
-64438151 27196360
-64486428 27117652
-64534629 27038875
-64582751 26960030
-64630797 26881117
-64678764 26802136
-64726654 26723087
-64774466 26643971
-64822200 26564786
-64869857 26485534
-64917435 26406213
-64964935 26326826
-65012358 26247371
-65059702 26167848
-65106968 26088258
-65154155 26008601
-65201264 25928876
-65248295 25849085
-65295248 25769226
-65342121 25689300
-65388917 25609308
-65435633 25529248
-65482271 25449122
-65528830 25368929
-65575310 25288669
-65621711 25208343
-65668034 25127951
-65714277 25047492
-65760441 24966967
-65806526 24886375
-65852532 24805718
-65898458 24724994
-65944305 24644204
-65990073 24563349
-66035761 24482427
-66081369 24401440
-66126898 24320387
-66172348 24239268
-66217717 24158084
-66263007 24076835
-66308217 23995520
-66353347 23914139
-66398397 23832694
-66443367 23751183
-66488257 23669608
-66533067 23587967
-66577796 23506261
-66622445 23424491
-66667014 23342656
-66711503 23260756
-66755911 23178791
-66800238 23096762
-66844485 23014669
-66888651 22932511
-66932736 22850289
-66976741 22768003
-67020665 22685652
-67064508 22603238
-67108270 22520760
-67151951 22438217
-67195551 22355611
-67239069 22272941
-67282507 22190208
-67325863 22107411
-67369138 22024550
-67412331 21941626
-67455444 21858639
-67498474 21775589
-67541423 21692475
-67584290 21609299
-67627076 21526059
-67669780 21442756
-67712402 21359391
-67754942 21275963
-67797401 21192472
-67839777 21108918
-67882071 21025302
-67924283 20941624
-67966413 20857883
-68008461 20774080
-68050427 20690215
-68092310 20606288
-68134110 20522299
-68175829 20438248
-68217464 20354135
-68259018 20269960
-68300488 20185724
-68341876 20101425
-68383181 20017066
-68424403 19932645
-68465542 19848163
-68506599 19763619
-68547572 19679014
-68588462 19594348
-68629269 19509622
-68669993 19424834
-68710634 19339985
-68751192 19255076
-68791666 19170106
-68832057 19085075
-68872364 18999984
-68912587 18914832
-68952728 18829621
-68992784 18744348
-69032757 18659016
-69072646 18573624
-69112451 18488171
-69152172 18402659
-69191810 18317087
-69231363 18231455
-69270832 18145764
-69310218 18060013
-69349519 17974202
-69388736 17888332
-69427868 17802403
-69466916 17716415
-69505880 17630367
-69544760 17544261
-69583554 17458095
-69622265 17371871
-69660890 17285588
-69699431 17199246
-69737888 17112845
-69776259 17026386
-69814546 16939869
-69852747 16853293
-69890864 16766659
-69928896 16679967
-69966842 16593217
-70004704 16506409
-70042480 16419542
-70080171 16332619
-70117777 16245637
-70155297 16158598
-70192732 16071501
-70230081 15984346
-70267345 15897135
-70304523 15809866
-70341616 15722540
-70378623 15635156
-70415544 15547716
-70452380 15460219
-70489129 15372665
-70525793 15285054
-70562370 15197387
-70598862 15109663
-70635267 15021882
-70671587 14934046
-70707820 14846152
-70743967 14758203
-70780027 14670198
-70816001 14582136
-70851889 14494019
-70887690 14405846
-70923405 14317617
-70959033 14229332
-70994574 14140992
-71030029 14052597
-71065397 13964146
-71100678 13875639
-71135873 13787078
-71170980 13698461
-71206001 13609790
-71240934 13521063
-71275780 13432282
-71310539 13343446
-71345211 13254555
-71379796 13165610
-71414293 13076610
-71448703 12987556
-71483026 12898448
-71517261 12809286
-71551409 12720069
-71585469 12630799
-71619441 12541474
-71653326 12452096
-71687123 12362664
-71720832 12273179
-71754453 12183640
-71787987 12094047
-71821432 12004402
-71854790 11914703
-71888059 11824950
-71921240 11735145
-71954334 11645287
-71987338 11555376
-72020255 11465412
-72053083 11375396
-72085823 11285327
-72118475 11195206
-72151038 11105032
-72183512 11014806
-72215898 10924528
-72248195 10834197
-72280404 10743815
-72312523 10653381
-72344554 10562895
-72376496 10472357
-72408349 10381768
-72440113 10291127
-72471789 10200435
-72503375 10109692
-72534872 10018897
-72566279 9928051
-72597598 9837154
-72628827 9746207
-72659967 9655208
-72691017 9564159
-72721979 9473059
-72752850 9381908
-72783632 9290707
-72814325 9199456
-72844927 9108155
-72875440 9016803
-72905864 8925402
-72936197 8833950
-72966441 8742449
-72996595 8650898
-73026658 8559297
-73056632 8467647
-73086516 8375947
-73116310 8284198
-73146013 8192400
-73175626 8100552
-73205149 8008656
-73234582 7916710
-73263924 7824716
-73293176 7732673
-73322337 7640581
-73351408 7548441
-73380388 7456253
-73409278 7364016
-73438077 7271731
-73466785 7179397
-73495402 7087016
-73523929 6994587
-73552364 6902110
-73580709 6809585
-73608963 6717013
-73637126 6624393
-73665197 6531725
-73693178 6439011
-73721067 6346249
-73748865 6253440
-73776572 6160584
-73804188 6067681
-73831712 5974731
-73859144 5881735
-73886485 5788692
-73913735 5695603
-73940893 5602467
-73967959 5509285
-73994934 5416056
-74021817 5322782
-74048608 5229461
-74075307 5136095
-74101915 5042683
-74128430 4949226
-74154854 4855722
-74181185 4762174
-74207424 4668580
-74233572 4574940
-74259627 4481256
-74285589 4387527
-74311460 4293752
-74337238 4199933
-74362924 4106069
-74388517 4012161
-74414018 3918208
-74439426 3824210
-74464742 3730169
-74489965 3636083
-74515096 3541953
-74540133 3447779
-74565078 3353561
-74589930 3259300
-74614689 3164994
-74639356 3070646
-74663929 2976254
-74688409 2881818
-74712796 2787339
-74737091 2692818
-74761291 2598253
-74785399 2503645
-74809414 2408995
-74833335 2314301
-74857163 2219566
-74880897 2124787
-74904538 2029967
-74928085 1935104
-74951539 1840199
-74974899 1745252
-74998166 1650263
-75021339 1555232
-75044418 1460160
-75067403 1365046
-75090295 1269890
-75113092 1174693
-75135796 1079455
-75158405 984176
-75180921 888856
-75203343 793494
-75225670 698092
-75247903 602649
-75270042 507166
-75292087 411642
-75314037 316078
-75335894 220473
-75357655 124829
-75379322 29144
-75400895 -66580
-75422373 -162344
-75443757 -258149
-75465045 -353993
-75486240 -449876
-75507339 -545799
-75528344 -641760
-75549253 -737762
-75570068 -833802
-75590788 -929881
-75611413 -1025999
-75631943 -1122155
-75652378 -1218350
-75672718 -1314584
-75692962 -1410856
-75713112 -1507166
-75733166 -1603515
-75753125 -1699901
-75772988 -1796325
-75792756 -1892787
-75812429 -1989287
-75832006 -2085824
-75851487 -2182399
-75870873 -2279011
-75890164 -2375661
-75909358 -2472347
-75928457 -2569070
-75947460 -2665831
-75966368 -2762628
-75985179 -2859461
-76003895 -2956332
-76022515 -3053238
-76041038 -3150181
-76059466 -3247160
-76077797 -3344175
-76096033 -3441227
-76114172 -3538313
-76132215 -3635436
-76150161 -3732594
-76168012 -3829788
-76185766 -3927017
-76203423 -4024281
-76220984 -4121581
-76238449 -4218915
-76255817 -4316285
-76273088 -4413689
-76290263 -4511128
-76307341 -4608601
-76324323 -4706109
-76341207 -4803651
-76357995 -4901227
-76374686 -4998837
-76391280 -5096482
-76407777 -5194160
-76424177 -5291872
-76440480 -5389617
-76456686 -5487396
-76472795 -5585208
-76488807 -5683053
-76504721 -5780932
-76520538 -5878844
-76536258 -5976788
-76551881 -6074765
-76567406 -6172775
-76582833 -6270817
-76598163 -6368892
-76613396 -6466999
-76628531 -6565138
-76643568 -6663310
-76658508 -6761513
-76673350 -6859748
-76688094 -6958014
-76702740 -7056312
-76717289 -7154642
-76731740 -7253003
-76746092 -7351395
-76760347 -7449818
-76774504 -7548272
-76788562 -7646757
-76802523 -7745272
-76816385 -7843818
-76830149 -7942395
-76843815 -8041002
-76857383 -8139639
-76870852 -8238306
-76884223 -8337003
-76897495 -8435730
-76910669 -8534487
-76923745 -8633273
-76936722 -8732089
-76949600 -8830934
-76962380 -8929808
-76975061 -9028711
-76987643 -9127643
-77000126 -9226605
-77012511 -9325595
-77024797 -9424613
-77036984 -9523660
-77049072 -9622735
-77061061 -9721839
-77072950 -9820970
-77084741 -9920130
-77096433 -10019317
-77108026 -10118532
-77119519 -10217775
-77130913 -10317045
-77142208 -10416343
-77153403 -10515667
-77164499 -10615019
-77175496 -10714398
-77186393 -10813803
-77197191 -10913236
-77207889 -11012694
-77218487 -11112180
-77228986 -11211691
-77239385 -11311229
-77249685 -11410793
-77259884 -11510383
-77269984 -11609998
-77279984 -11709640
-77289884 -11809306
-77299684 -11908999
-77309385 -12008716
-77318985 -12108459
-77328485 -12208227
-77337885 -12308019
-77347185 -12407837
-77356384 -12507679
-77365484 -12607546
-77374483 -12707437
-77383381 -12807352
-77392180 -12907291
-77400878 -13007255
-77409475 -13107242
-77417972 -13207253
-77426369 -13307288
-77434665 -13407346
-77442860 -13507428
-77450954 -13607532
-77458948 -13707660
-77466842 -13807811
-77474634 -13907985
-77482325 -14008181
-77489916 -14108400
-77497406 -14208641
-77504794 -14308905
-77512082 -14409190
-77519269 -14509498
-77526354 -14609828
-77533339 -14710180
-77540222 -14810553
-77547004 -14910947
-77553685 -15011363
-77560265 -15111801
-77566743 -15212259
-77573120 -15312738
-77579395 -15413239
-77585569 -15513759
-77591641 -15614301
-77597612 -15714863
-77603481 -15815445
-77609249 -15916047
-77614915 -16016670
-77620479 -16117312
-77625941 -16217974
-77631302 -16318656
-77636561 -16419357
-77641718 -16520078
-77646773 -16620818
-77651726 -16721577
-77656577 -16822355
-77661326 -16923152
-77665973 -17023967
-77670517 -17124801
-77674960 -17225653
-77679300 -17326524
-77683538 -17427413
-77687674 -17528320
-77691707 -17629244
-77695638 -17730187
-77699467 -17831147
-77703193 -17932124
-77706817 -18033119
-77710338 -18134131
-77713756 -18235160
-77717072 -18336206
-77720285 -18437269
-77723396 -18538348
-77726403 -18639444
-77729308 -18740557
-77732110 -18841685
-77734809 -18942830
-77737406 -19043990
-77739899 -19145166
-77742289 -19246358
-77744576 -19347566
-77746760 -19448789
-77748841 -19550027
-77750819 -19651280
-77752694 -19752548
-77754465 -19853831
-77756133 -19955129
-77757698 -20056441
-77759159 -20157768
-77760517 -20259109
-77761772 -20360464
-77762923 -20461833
-77763970 -20563216
-77764914 -20664613
-77765754 -20766023
-77766491 -20867446
-77767123 -20968883
-77767653 -21070333
-77768078 -21171796
-77768399 -21273272
-77768617 -21374761
-77768731 -21476262
-77768740 -21577776
-77768646 -21679302
-77768448 -21780840
-77768145 -21882390
-77767739 -21983952
-77767228 -22085525
-77766613 -22187111
-77765894 -22288707
-77765071 -22390315
-77764143 -22491934
-77763111 -22593564
-77761975 -22695205
-77760734 -22796857
-77759389 -22898519
-77757939 -23000192
-77756384 -23101874
-77754725 -23203567
-77752962 -23305270
-77751093 -23406983
-77749120 -23508706
-77747042 -23610438
-77744860 -23712180
-77742572 -23813930
-77740180 -23915690
-77737682 -24017459
-77735080 -24119237
-77732372 -24221023
-77729560 -24322818
-77726643 -24424621
-77723620 -24526433
-77720492 -24628252
-77717259 -24730080
-77713921 -24831915
-77710477 -24933758
-77706928 -25035609
-77703274 -25137467
-77699514 -25239332
-77695649 -25341204
-77691678 -25443083
-77687602 -25544969
-77683420 -25646861
-77679133 -25748760
-77674740 -25850665
-77670241 -25952577
-77665636 -26054494
-77660926 -26156417
-77656110 -26258346
-77651188 -26360281
-77646160 -26462221
-77641026 -26564166
-77635786 -26666117
-77630440 -26768072
-77624988 -26870032
-77619430 -26971997
-77613766 -27073966
-77607995 -27175940
-77602119 -27277918
-77596136 -27379900
-77590046 -27481886
-77583851 -27583876
-77577549 -27685869
-77571140 -27787866
-77564625 -27889866
-77558004 -27991869
-77551276 -28093876
-77544441 -28195885
-77537500 -28297897
-77530452 -28399911
-77523297 -28501928
-77516036 -28603947
-77508668 -28705968
-77501193 -28807992
-77493611 -28910016
-77485922 -29012043
-77478126 -29114071
-77470223 -29216100
-77462213 -29318131
-77454096 -29420163
-77445872 -29522195
-77437541 -29624228
-77429102 -29726262
-77420557 -29828296
-77411903 -29930330
-77403143 -30032365
-77394275 -30134399
-77385300 -30236433
-77376218 -30338467
-77367027 -30440501
-77357730 -30542533
-77348325 -30644565
-77338812 -30746596
-77329191 -30848625
-77319463 -30950654
-77309627 -31052681
-77299683 -31154706
-77289632 -31256729
-77279472 -31358751
-77269205 -31460771
-77258830 -31562788
-77248347 -31664803
-77237755 -31766815
-77227056 -31868825
-77216249 -31970831
-77205333 -32072835
-77194309 -32174835
-77183177 -32276832
-77171937 -32378826
-77160588 -32480816
-77149131 -32582802
-77137566 -32684784
-77125892 -32786762
-77114110 -32888736
-77102219 -32990705
-77090220 -33092670
-77078112 -33194630
-77065895 -33296585
-77053570 -33398535
-77041136 -33500479
-77028593 -33602418
-77015942 -33704352
-77003181 -33806280
-76990312 -33908202
-76977334 -34010118
-76964246 -34112028
-76951050 -34213931
-76937745 -34315828
-76924331 -34417718
-76910807 -34519601
-76897174 -34621477
-76883432 -34723346
-76869581 -34825208
-76855621 -34927062
-76841551 -35028908
-76827372 -35130747
-76813083 -35232577
-76798685 -35334400
-76784178 -35436214
-76769560 -35538020
-76754834 -35639817
-76739997 -35741605
-76725051 -35843384
-76709996 -35945154
-76694830 -36046915
-76679555 -36148666
-76664170 -36250408
-76648675 -36352140
-76633070 -36453862
-76617355 -36555574
-76601530 -36657275
-76585595 -36758966
-76569550 -36860646
-76553395 -36962316
-76537129 -37063975
-76520754 -37165622
-76504268 -37267259
-76487672 -37368884
-76470965 -37470497
-76454148 -37572098
-76437221 -37673688
-76420183 -37775265
-76403035 -37876830
-76385776 -37978383
-76368407 -38079923
-76350927 -38181450
-76333336 -38282965
-76315634 -38384466
-76297822 -38485954
-76279899 -38587428
-76261865 -38688889
-76243720 -38790336
-76225465 -38891770
-76207098 -38993189
-76188620 -39094593
-76170032 -39195984
-76151332 -39297359
-76132521 -39398720
-76113599 -39500066
-76094565 -39601397
-76075421 -39702712
-76056165 -39804012
-76036797 -39905297
-76017318 -40006565
-75997728 -40107818
-75978027 -40209054
-75958213 -40310274
-75938289 -40411478
-75918252 -40512665
-75898104 -40613835
-75877845 -40714988
-75857473 -40816124
-75836990 -40917243
-75816395 -41018344
-75795688 -41119427
-75774869 -41220493
-75753938 -41321541
-75732895 -41422570
-75711740 -41523581
-75690473 -41624573
-75669094 -41725547
-75647603 -41826502
-75626000 -41927437
-75604284 -42028354
-75582456 -42129251
-75560516 -42230129
-75538463 -42330986
-75516298 -42431824
-75494020 -42532642
-75471630 -42633439
-75449127 -42734216
-75426512 -42834973
-75403784 -42935708
-75380943 -43036423
-75357990 -43137116
-75334923 -43237788
-75311744 -43338439
-75288452 -43439068
-75265048 -43539675
-75241530 -43640260
-75217899 -43740823
-75194155 -43841364
-75170298 -43941882
-75146328 -44042377
-75122245 -44142849
-75098049 -44243298
-75073739 -44343724
-75049316 -44444127
-75024780 -44544506
-75000130 -44644861
-74975367 -44745192
-74950490 -44845500
-74925500 -44945782
-74900396 -45046041
-74875179 -45146274
-74849847 -45246483
-74824403 -45346667
-74798844 -45446825
-74773172 -45546959
-74747386 -45647066
-74721485 -45747148
-74695471 -45847204
-74669343 -45947234
-74643101 -46047237
-74616745 -46147215
-74590275 -46247165
-74563691 -46347089
-74536992 -46446985
-74510179 -46546855
-74483252 -46646697
-74456211 -46746512
-74429055 -46846299
-74401785 -46946058
-74374400 -47045789
-74346901 -47145491
-74319287 -47245166
-74291558 -47344811
-74263715 -47444428
-74235757 -47544016
-74207685 -47643575
-74179497 -47743104
-74151195 -47842604
-74122778 -47942074
-74094246 -48041515
-74065599 -48140925
-74036837 -48240305
-74007959 -48339654
-73978967 -48438973
-73949860 -48538261
-73920637 -48637518
-73891299 -48736744
-73861846 -48835939
-73832277 -48935102
-73802593 -49034234
-73772794 -49133333
-73742879 -49232400
-73712849 -49331436
-73682702 -49430438
-73652441 -49529408
-73622063 -49628346
-73591570 -49727250
-73560961 -49826121
-73530237 -49924959
-73499396 -50023763
-73468440 -50122533
-73437367 -50221269
-73406179 -50319972
-73374874 -50418640
-73343453 -50517273
-73311917 -50615872
-73280264 -50714436
-73248494 -50812965
-73216609 -50911459
-73184607 -51009917
-73152489 -51108340
-73120254 -51206727
-73087903 -51305078
-73055435 -51403393
-73022850 -51501671
-72990149 -51599913
-72957332 -51698118
-72924397 -51796286
-72891346 -51894418
-72858178 -51992511
-72824893 -52090568
-72791491 -52188586
-72757972 -52286567
-72724336 -52384510
-72690584 -52482415
-72656713 -52580281
-72622726 -52678108
-72588622 -52775897
-72554400 -52873647
-72520061 -52971357
-72485605 -53069029
-72451031 -53166660
-72416339 -53264252
-72381531 -53361804
-72346604 -53459316
-72311560 -53556787
-72276398 -53654218
-72241119 -53751608
-72205722 -53848958
-72170207 -53946266
-72134574 -54043533
-72098823 -54140758
-72062954 -54237942
-72026968 -54335084
-71990863 -54432184
-71954640 -54529242
-71918299 -54626257
-71881839 -54723230
-71845262 -54820160
-71808566 -54917047
-71771751 -55013890
-71734819 -55110691
-71697767 -55207447
-71660598 -55304160
-71623309 -55400829
-71585902 -55497454
-71548377 -55594034
-71510732 -55690570
-71472969 -55787061
-71435087 -55883507
-71397086 -55979908
-71358966 -56076264
-71320727 -56172574
-71282370 -56268838
-71243893 -56365057
-71205296 -56461229
-71166581 -56557355
-71127747 -56653435
-71088793 -56749468
-71049719 -56845454
-71010527 -56941393
-70971215 -57037284
-70931783 -57133128
-70892232 -57228925
-70852561 -57324673
-70812770 -57420374
-70772860 -57516026
-70732830 -57611630
-70692680 -57707185
-70652411 -57802691
-70612021 -57898149
-70571511 -57993556
-70530882 -58088915
-70490132 -58184224
-70449262 -58279483
-70408272 -58374692
-70367161 -58469850
-70325930 -58564959
-70284579 -58660016
-70243108 -58755023
-70201515 -58849979
-70159803 -58944883
-70117970 -59039736
-70076016 -59134538
-70033941 -59229287
-69991746 -59323985
-69949430 -59418630
-69906993 -59513223
-69864435 -59607763
-69821756 -59702251
-69778956 -59796685
-69736035 -59891066
-69692993 -59985394
-69649830 -60079668
-69606545 -60173888
-69563139 -60268054
-69519612 -60362166
-69475963 -60456224
-69432193 -60550226
-69388301 -60644174
-69344288 -60738067
-69300153 -60831905
-69255896 -60925687
-69211518 -61019414
-69167018 -61113085
-69122396 -61206699
-69077652 -61300258
-69032786 -61393760
-68987798 -61487205
-68942687 -61580593
-68897455 -61673924
-68852101 -61767198
-68806624 -61860415
-68761025 -61953574
-68715303 -62046675
-68669459 -62139718
-68623492 -62232702
-68577403 -62325628
-68531192 -62418496
-68484857 -62511304
-68438400 -62604053
-68391820 -62696743
-68345117 -62789374
-68298292 -62881944
-68251343 -62974455
-68204271 -63066906
-68157076 -63159296
-68109758 -63251626
-68062317 -63343895
-68014753 -63436103
-67967065 -63528249
-67919254 -63620335
-67871319 -63712359
-67823261 -63804321
-67775079 -63896221
-67726774 -63988059
-67678345 -64079834
-67629792 -64171547
-67581115 -64263197
-67532315 -64354784
-67483390 -64446307
-67434342 -64537767
-67385169 -64629164
-67335873 -64720497
-67286452 -64811765
-67236907 -64902969
-67187238 -64994109
-67137444 -65085184
-67087526 -65176194
-67037483 -65267139
-66987316 -65358019
-66937024 -65448833
-66886608 -65539582
-66836066 -65630264
-66785400 -65720880
-66734609 -65811430
-66683694 -65901913
-66632653 -65992330
-66581487 -66082679
-66530196 -66172962
-66478780 -66263176
-66427238 -66353323
-66375572 -66443403
-66323780 -66533414
-66271862 -66623357
-66219819 -66713231
-66167651 -66803037
-66115356 -66892774
-66062937 -66982441
-66010391 -67072040
-65957720 -67161569
-65904922 -67251028
-65851999 -67340417
-65798950 -67429735
-65745774 -67518984
-65692473 -67608162
-65639045 -67697269
-65585491 -67786305
-65531811 -67875269
-65478004 -67964163
-65424071 -68052984
-65370011 -68141734
-65315825 -68230411
-65261511 -68319016
-65207072 -68407549
-65152505 -68496009
-65097812 -68584396
-65042991 -68672710
-64988044 -68760950
-64932969 -68849117
-64877768 -68937210
-64822439 -69025229
-64766983 -69113173
-64711399 -69201043
-64655689 -69288839
-64599850 -69376559
-64543884 -69464205
-64487791 -69551775
-64431570 -69639269
-64375221 -69726688
-64318744 -69814031
-64262140 -69901297
-64205407 -69988488
-64148546 -70075601
-64091558 -70162638
-64034441 -70249597
-63977196 -70336480
-63919822 -70423284
-63862321 -70510011
-63804690 -70596660
-63746932 -70683231
-63689044 -70769724
-63631028 -70856138
-63572884 -70942473
-63514610 -71028729
-63456208 -71114906
-63397676 -71201003
-63339016 -71287021
-63280227 -71372959
-63221308 -71458816
-63162260 -71544594
-63103083 -71630290
-63043777 -71715906
-62984341 -71801441
-62924775 -71886895
-62865080 -71972267
-62805256 -72057558
-62745301 -72142767
-62685217 -72227893
-62625003 -72312937
-62564659 -72397899
-62504185 -72482778
-62443581 -72567574
-62382846 -72652287
-62321982 -72736916
-62260987 -72821462
-62199862 -72905923
-62138606 -72990301
-62077220 -73074594
-62015703 -73158803
-61954055 -73242927
-61892277 -73326966
-61830367 -73410920
-61768327 -73494788
-61706156 -73578571
-61643854 -73662268
-61581421 -73745879
-61518856 -73829403
-61456160 -73912841
-61393333 -73996192
-61330374 -74079456
-61267284 -74162633
-61204062 -74245722
-61140709 -74328724
-61077223 -74411638
-61013606 -74494464
-60949857 -74577201
-60885976 -74659850
-60821963 -74742410
-60757818 -74824881
-60693540 -74907263
-60629131 -74989555
-60564589 -75071758
-60499914 -75153870
-60435107 -75235893
-60370167 -75317825
-60305095 -75399667
-60239889 -75481417
-60174551 -75563077
-60109080 -75644646
-60043476 -75726123
-59977739 -75807508
-59911869 -75888801
-59845865 -75970002
-59779728 -76051111
-59713458 -76132127
-59647054 -76213050
-59580517 -76293880
-59513846 -76374617
-59447041 -76455260
-59380102 -76535810
-59313029 -76616265
-59245823 -76696627
-59178482 -76776894
-59111007 -76857066
-59043398 -76937143
-58975655 -77017125
-58907777 -77097012
-58839765 -77176803
-58771618 -77256498
-58703337 -77336098
-58634921 -77415601
-58566370 -77495007
-58497684 -77574317
-58428863 -77653530
-58359907 -77732645
-58290815 -77811663
-58221589 -77890584
-58152227 -77969406
-58082730 -78048131
-58013097 -78126757
-57943329 -78205285
-57873425 -78283713
-57803386 -78362043
-57733210 -78440273
-57662899 -78518404
-57592451 -78596435
-57521868 -78674367
-57451148 -78752198
-57380292 -78829928
-57309299 -78907558
-57238170 -78985087
-57166905 -79062515
-57095503 -79139842
-57023964 -79217067
-56952289 -79294190
-56880476 -79371211
-56808527 -79448130
-56736440 -79524946
-56664216 -79601660
-56591855 -79678270
-56519357 -79754777
-56446721 -79831181
-56373948 -79907481
-56301037 -79983678
-56227989 -80059770
-56154802 -80135758
-56081478 -80211641
-56008016 -80287419
-55934415 -80363092
-55860677 -80438660
-55786800 -80514122
-55712785 -80589479
-55638632 -80664729
-55564340 -80739874
-55489909 -80814911
-55415340 -80889842
-55340631 -80964666
-55265784 -81039383
-55190798 -81113993
-55115673 -81188494
-55040409 -81262888
-54965005 -81337174
-54889462 -81411351
-54813780 -81485420
-54737958 -81559380
-54661996 -81633231
-54585895 -81706972
-54509654 -81780604
-54433272 -81854126
-54356751 -81927538
-54280090 -82000840
-54203288 -82074031
-54126346 -82147112
-54049264 -82220081
-53972041 -82292940
-53894678 -82365686
-53817174 -82438322
-53739529 -82510845
-53661743 -82583256
-53583816 -82655555
-53505748 -82727741
-53427539 -82799814
-53349188 -82871774
-53270696 -82943621
-53192063 -83015354
-53113288 -83086973
-53034371 -83158478
-52955313 -83229869
-52876112 -83301145
-52796770 -83372307
-52717286 -83443353
-52637659 -83514284
-52557890 -83585100
-52477979 -83655800
-52397925 -83726384
-52317728 -83796852
-52237389 -83867203
-52156907 -83937437
-52076282 -84007555
-51995514 -84077555
-51914603 -84147438
-51833549 -84217203
-51752351 -84286851
-51671011 -84356380
-51589526 -84425791
-51507898 -84495083
-51426126 -84564256
-51344210 -84633310
-51262151 -84702245
-51179947 -84771060
-51097599 -84839756
-51015107 -84908331
-50932470 -84976786
-50849689 -85045120
-50766764 -85113334
-50683693 -85181426
-50600478 -85249398
-50517118 -85317247
-50433613 -85384975
-50349963 -85452581
-50266168 -85520065
-50182227 -85587426
-50098141 -85654664
-50013910 -85721779
-49929532 -85788771
-49845009 -85855640
-49760340 -85922385
-49675525 -85989006
-49590564 -86055503
-49505457 -86121875
-49420204 -86188122
-49334804 -86254245
-49249257 -86320242
-49163564 -86386114
-49077724 -86451860
-48991738 -86517481
-48905604 -86582975
-48819323 -86648343
-48732895 -86713584
-48646320 -86778698
-48559597 -86843685
-48472727 -86908544
-48385709 -86973276
-48298543 -87037881
-48211229 -87102356
-48123768 -87166704
-48036158 -87230923
-47948400 -87295013
-47860494 -87358974
-47772439 -87422806
-47684236 -87486508
-47595884 -87550080
-47507383 -87613522
-47418733 -87676834
-47329934 -87740015
-47240987 -87803065
-47151889 -87865984
-47062643 -87928772
-46973247 -87991428
-46883701 -88053953
-46794006 -88116345
-46704160 -88178605
-46614165 -88240732
-46524020 -88302727
-46433724 -88364588
-46343278 -88426317
-46252682 -88487911
-46161935 -88549372
-46071037 -88610699
-45979989 -88671891
-45888790 -88732949
-45797439 -88793872
-45705938 -88854660
-45614285 -88915313
-45522481 -88975830
-45430525 -89036212
-45338417 -89096457
-45246158 -89156566
-45153747 -89216539
-45061183 -89276374
-44968468 -89336073
-44875600 -89395634
-44782580 -89455058
-44689408 -89514344
-44596082 -89573492
-44502604 -89632502
-44408973 -89691373
-44315190 -89750105
-44221252 -89808698
-44127162 -89867152
-44032918 -89925467
-43938521 -89983641
-43843970 -90041676
-43749265 -90099570
-43654406 -90157324
-43559394 -90214937
-43464227 -90272408
-43368905 -90329739
-43273430 -90386928
-43177800 -90443975
-43082015 -90500880
-42986075 -90557643
-42889980 -90614263
-42793731 -90670740
-42697326 -90727075
-42600765 -90783266
-42504050 -90839313
-42407178 -90895217
-42310151 -90950976
-42212968 -91006591
-42115629 -91062062
-42018134 -91117388
-41920483 -91172568
-41822675 -91227604
-41724711 -91282494
-41626590 -91337237
-41528312 -91391835
-41429877 -91446287
-41331286 -91500591
-41232537 -91554749
-41133631 -91608760
-41034567 -91662624
-40935345 -91716340
-40835966 -91769908
-40736429 -91823327
-40636734 -91876599
-40536881 -91929722
-40436870 -91982696
-40336700 -92035521
-40236372 -92088196
-40135884 -92140722
-40035238 -92193098
-39934433 -92245323
-39833469 -92297398
-39732346 -92349323
-39631063 -92401097
-39529621 -92452719
-39428019 -92504190
-39326257 -92555509
-39224335 -92606677
-39122254 -92657692
-39020011 -92708555
-38917609 -92759265
-38815046 -92809822
-38712322 -92860225
-38609438 -92910476
-38506392 -92960572
-38403185 -93010515
-38299817 -93060303
-38196288 -93109937
-38092597 -93159416
-37988745 -93208740
-37884730 -93257909
-37780554 -93306922
-37676216 -93355779
-37571715 -93404481
-37467052 -93453026
-37362226 -93501414
-37257238 -93549646
-37152086 -93597721
-37046772 -93645638
-36941295 -93693398
-36835654 -93741000
-36729850 -93788443
-36623882 -93835729
-36517750 -93882855
-36411455 -93929823
-36304995 -93976632
-36198372 -94023281
-36091584 -94069771
-35984631 -94116101
-35877514 -94162271
-35770232 -94208280
-35662785 -94254128
-35555172 -94299816
-35447395 -94345342
-35339452 -94390707
-35231344 -94435910
-35123070 -94480952
-35014630 -94525830
-34906023 -94570547
-34797251 -94615101
-34688312 -94659491
-34579207 -94703719
-34469936 -94747783
-34360497 -94791683
-34250891 -94835419
-34141118 -94878991
-34031178 -94922398
-33921071 -94965640
-33810796 -95008718
-33700353 -95051630
-33589742 -95094376
-33478963 -95136956
-33368016 -95179371
-33256900 -95221619
-33145616 -95263700
-33034163 -95305614
-32922542 -95347362
-32810751 -95388942
-32698791 -95430354
-32586661 -95471598
-32474362 -95512674
-32361894 -95553581
-32249255 -95594320
-32136447 -95634890
-32023468 -95675290
-31910319 -95715521
-31796999 -95755583
-31683509 -95795474
-31569848 -95835195
-31456016 -95874745
-31342012 -95914125
-31227837 -95953333
-31113491 -95992370
-30998973 -96031236
-30884283 -96069929
-30769422 -96108451
-30654388 -96146800
-30539181 -96184977
-30423802 -96222980
-30308251 -96260810
-30192526 -96298467
-30076629 -96335951
-29960558 -96373260
-29844314 -96410395
-29727896 -96447356
-29611304 -96484142
-29494539 -96520752
-29377600 -96557188
-29260486 -96593448
-29143198 -96629532
-29025735 -96665440
-28908098 -96701172
-28790285 -96736728
-28672298 -96772106
-28554135 -96807307
-28435797 -96842331
-28317283 -96877178
-28198593 -96911846
-28079728 -96946336
-27960686 -96980648
-27841467 -97014781
-27722072 -97048735
-27602501 -97082510
-27482753 -97116106
-27362827 -97149522
-27242724 -97182757
-27122444 -97215813
-27001986 -97248688
-26881351 -97281382
-26760537 -97313895
-26639546 -97346227
-26518376 -97378377
-26397027 -97410345
-26275500 -97442131
-26153794 -97473735
-26031908 -97505156
-25909844 -97536395
-25787600 -97567450
-25665176 -97598321
-25542573 -97629009
-25419790 -97659513
-25296826 -97689833
-25173682 -97719968
-25050358 -97749919
-24926853 -97779684
-24803167 -97809264
-24679299 -97838659
-24555251 -97867868
-24431021 -97896890
-24306609 -97925727
-24182016 -97954376
-24057240 -97982839
-23932282 -98011115
-23807142 -98039203
-23681819 -98067104
-23556313 -98094817
-23430624 -98122341
-23304752 -98149677
-23178696 -98176824
-23052457 -98203783
-22926034 -98230552
-22799428 -98257131
-22672636 -98283521
-22545661 -98309720
-22418501 -98335729
-22291156 -98361548
-22163627 -98387176
-22035912 -98412612
-21908011 -98437858
-21779926 -98462911
-21651654 -98487773
-21523196 -98512442
-21394553 -98536919
-21265723 -98561204
-21136706 -98585295
-21007503 -98609193
-20878112 -98632898
-20748535 -98656408
-20618770 -98679725
-20488817 -98702847
-20358677 -98725775
-20228349 -98748508
-20097833 -98771046
-19967128 -98793388
-19836235 -98815535
-19705153 -98837486
-19573882 -98859240
-19442421 -98880798
-19310772 -98902160
-19178932 -98923324
-19046903 -98944291
-18914684 -98965061
-18782275 -98985633
-18649675 -99006007
-18516885 -99026182
-18383903 -99046159
-18250731 -99065937
-18117367 -99085516
-17983812 -99104895
-17850066 -99124075
-17716127 -99143055
-17581996 -99161835
-17447673 -99180414
-17313157 -99198793
-17178449 -99216970
-17043547 -99234946
-16908452 -99252721
-16773164 -99270294
-16637683 -99287665
-16502007 -99304833
-16366138 -99321799
-16230074 -99338562
-16093816 -99355122
-15957363 -99371479
-15820715 -99387632
-15683872 -99403581
-15546833 -99419325
-15409599 -99434865
-15272170 -99450201
-15134544 -99465331
-14996722 -99480256
-14858703 -99494976
-14720488 -99509490
-14582076 -99523797
-14443467 -99537899
-14304661 -99551794
-14165656 -99565481
-14026455 -99578962
-13887055 -99592235
-13747457 -99605301
-13607660 -99618158
-13467665 -99630808
-13327471 -99643249
-13187077 -99655481
-13046485 -99667504
-12905692 -99679318
-12764700 -99690922
-12623508 -99702316
-12482116 -99713500
-12340523 -99724474
-12198729 -99735237
-12056734 -99745790
-11914538 -99756131
-11772141 -99766260
-11629542 -99776178
-11486741 -99785884
-11343738 -99795378
-11200532 -99804659
-11057124 -99813728
-10913514 -99822583
-10769700 -99831225
-10625682 -99839653
-10481462 -99847868
-10337037 -99855868
-10192408 -99863654
-10047576 -99871225
-9902538 -99878582
-9757296 -99885723
-9611849 -99892649
-9466197 -99899359
-9320339 -99905852
-9174276 -99912130
-9028007 -99918191
-8881531 -99924035
-8734849 -99929662
-8587961 -99935072
-8440865 -99940264
-8293563 -99945239
-8146053 -99949995
-7998335 -99954532
-7850410 -99958851
-7702276 -99962951
-7553934 -99966832
-7405383 -99970493
-7256624 -99973935
-7107655 -99977156
-6958477 -99980157
-6809090 -99982938
-6659493 -99985497
-6509685 -99987836
-6359667 -99989953
-6209439 -99991848
-6059000 -99993522
-5908349 -99994973
-5757487 -99996202
-5606414 -99997208
-5455129 -99997991
-5303632 -99998551
-5151922 -99998887
-5000000 -99999000
