96
100000000 0
97684794 5587411
95208592 11051279
92571393 16391604
89773197 21608386
86814005 26701625
83693817 31671321
80412631 36517474
76970449 41240084
73367271 45839151
69603096 50314675
65677924 54666656
61591756 58895095
57344591 62999990
52936429 66981342
48367271 70839151
43637116 74573417
38745965 78184141
33693817 81671321
28480672 85034958
23106531 88275052
17571393 91391604
11875258 94384612
6018127 97254077
0 100000000
-7647939 98362348
-14993158 96504782
-22035659 94427302
-28775440 92129907
-35212501 89612598
-41346844 86875375
-47178467 83918237
-52707370 80741185
-57933555 77344219
-62857020 73727338
-67477765 69890543
-71795792 65833834
-75811099 61557210
-79523686 57060671
-82933555 52344219
-86040704 47407852
-88845133 42251571
-91346844 36875375
-93545835 31279265
-95442106 25463241
-97035659 19427302
-98326491 13171449
-99314605 6695681
-100000000 0
-96736828 -6780086
-93395091 -13332919
-89974790 -19658498
-86475923 -25756823
-82898492 -31627894
-79242497 -37271711
-75507936 -42688275
-71694811 -47877584
-67803121 -52839639
-63832866 -57574441
-59784047 -62081988
-55656663 -66362282
-51450713 -70415322
-47166200 -74241107
-42803121 -77839639
-38361478 -81210917
-33841270 -84354941
-29242497 -87271711
-24565159 -89961228
-19809257 -92423490
-14974790 -94658498
-10061758 -96666252
-5070161 -98446753
0 -100000000
7682022 -99256339
15058362 -98215027
22129019 -96876061
28893992 -95239443
35353282 -93305172
41506889 -91073248
47354813 -88543671
52897054 -85716442
58133612 -82591560
63064486 -79169025
67689678 -75448838
72009186 -71430998
76023011 -67115504
79731153 -62502359
83133612 -57591560
86230388 -52383109
89021480 -46877005
91506889 -41073248
93686616 -34971838
95560659 -28572776
97129019 -21876061
98391695 -14881693
99348689 -7589673
