96
100000000 0
97340818 4650821
94550550 9259542
91629197 13826163
88576758 18350683
85393234 22833103
82078624 27273423
78632928 31671642
75056147 36027760
71348280 40341779
67509328 44613696
63539289 48843514
59438166 53031231
55205956 57176847
50842661 61280363
46348280 65341779
41722814 69361094
36966262 73338308
32078624 77273423
27059901 81166437
21910092 85017350
16629197 88826163
11217217 92592876
5674151 96317488
0 100000000
-6187006 95842870
-12198331 91684912
-18033974 87526124
-23693935 83366507
-29178215 79206060
-34486813 75044785
-39619729 70882679
-44576963 66719745
-49358516 62555981
-53964387 58391388
-58394576 54225965
-62649084 50059713
-66727909 45892632
-70631053 41724721
-74358516 37555981
-77910296 33386412
-81286395 29216013
-84486813 25044785
-87511548 20872727
-90360602 16699840
-93033974 12526124
-95531664 8351579
-97853673 4176204
-100000000 0
-98711361 -5938566
-97172459 -11723053
-95383294 -17353463
-93343865 -22829795
-91054173 -28152048
-88514218 -33320223
-85724000 -38334320
-82683518 -43194338
-79392773 -47900279
-75851764 -52452141
-72060493 -56849925
-68018958 -61093631
-63727159 -65183258
-59185098 -69118807
-54392773 -72900279
-49350184 -76527672
-44057333 -80000986
-38514218 -83320223
-32720840 -86485381
-26677198 -89496461
-20383294 -92353463
-13839126 -95056387
-7044694 -97605232
0 -100000000
7088135 -98040249
13922230 -95888592
20502284 -93545030
26828297 -91009562
32900270 -88282188
38718202 -85362909
44282092 -82251724
49591943 -78948633
54647752 -75453636
59449521 -71766734
63997248 -67887926
68290936 -63817212
72330582 -59554592
76116187 -55100067
79647752 -50453636
82925276 -45615300
85948759 -40585057
88718202 -35362909
91233603 -29948855
93494964 -24342895
95502284 -18545030
97255563 -12555259
98754802 -6373582
