96
100000000 0
97259915 7503362
94395780 14716577
91407595 21639644
88295359 28272564
85059072 34615336
81698734 40667962
78214346 46430439
74605908 51902769
70873418 57084952
67016878 61976987
63036287 66578875
58931646 70890616
54702954 74912208
50350211 78643654
45873418 82084952
41272574 85236103
36547680 88097106
31698734 90667962
26725739 92948670
21628692 94939231
16407595 96639644
11062447 98049910
5593249 99170028
0 100000000
-6575452 99705698
-12941444 99074669
-19097977 98106913
-25045050 96802430
-30782664 95161219
-36310818 93183280
-41629512 90868615
-46738747 88217221
-51638522 85229101
-56328838 81904252
-60809694 78242677
-65081091 74244374
-69143027 69909344
-72995505 65237586
-76638522 60229101
-80072080 54883888
-83296179 49201948
-86310818 43183280
-89115997 36827885
-91711717 30135763
-94097977 23106913
-96274777 15741336
-98242118 8039032
-100000000 0
-97353953 -6699642
-94575678 -13179025
-91665176 -19438150
-88622445 -25477016
-85447487 -31295623
-82140301 -36893972
-78700888 -42272062
-75129246 -47429893
-71425377 -52367465
-67589280 -57084779
-63620955 -61581833
-59520402 -65858630
-55287621 -69915167
-50922613 -73751445
-46425377 -77367465
-41795913 -80763226
-37034221 -83938728
-32140301 -86893972
-27114154 -89628957
-21955779 -92143683
-16665176 -94438150
-11242345 -96512359
-5687286 -98366308
0 -100000000
7258377 -98524748
14247910 -96815460
20968599 -94872135
27420443 -92694775
33603443 -90283379
39517598 -87637947
45162909 -84758479
50539376 -81644974
55646998 -78297434
60485775 -74715857
65055709 -70900245
69356798 -66850596
73389042 -62566911
77152442 -58049191
80646998 -53297434
83872709 -48311641
86829576 -43091812
89517598 -37637947
91936776 -31950046
94087110 -26028109
95968599 -19872135
97581243 -13482126
98925044 -6858081
