96
100000000 0
99826343 8159709
99305468 15972197
98437374 23437464
97222063 30555510
95659533 37326335
93749785 43749939
91492818 49826322
88888634 55555484
85937231 60937424
82638610 65972143
78992771 70659642
74999713 74999919
70659437 78992975
65971943 82638810
60937231 85937424
55555300 88888817
49826152 91492989
43749785 93749939
37326199 95659669
30555396 97222177
23437374 98437464
15972134 99305530
8159676 99826376
0 100000000
-8159646 99826380
-15972078 99305539
-23437293 98437477
-30555293 97222193
-37326077 95659687
-43749646 93749961
-49825999 91493012
-55555136 88888842
-60937057 85937451
-65971763 82638838
-70659253 78993003
-74999528 74999948
-78992587 70659670
-82638430 65972171
-85937057 60937451
-88888469 55555509
-91492665 49826345
-93749646 43749961
-95659411 37326354
-97221960 30555526
-98437293 23437477
-99305411 15972206
-99826313 8159713
-100000000 0
-99826386 -8159647
-99305550 -15972078
-98437493 -23437294
-97222213 -30555295
-95659711 -37326079
-93749988 -43749648
-91493042 -49826001
-88888874 -55555138
-85937485 -60937060
-82638873 -65971766
-78993039 -70659256
-74999984 -74999531
-70659706 -78992589
-65972206 -82638432
-60937485 -85937060
-55555541 -88888472
-49826375 -91492667
-43749988 -93749648
-37326378 -95659412
-30555546 -97221961
-23437493 -98437294
-15972217 -99305412
-8159719 -99826313
0 -100000000
8159704 -99826350
15972188 -99305482
23437451 -98437395
30555493 -97222089
37326315 -95659564
43749916 -93749820
49826297 -91492857
55555456 -88888676
60937395 -85937275
65972114 -82638656
70659611 -78992817
74999889 -74999760
78992945 -70659484
82638780 -65971989
85937395 -60937275
88888790 -55555342
91492963 -49826190
93749916 -43749820
95659648 -37326230
97222160 -30555422
98437451 -23437395
99305521 -15972149
99826371 -8159683
