996
100000000 0
99729740 407615
99458421 815183
99186042 1222701
98912605 1630172
98638108 2037594
98362552 2444967
98085936 2852292
97808262 3259569
97529528 3666797
97249735 4073976
96968883 4481108
96686971 4888190
96404000 5295224
96119970 5702210
95834881 6109147
95548732 6516036
95261525 6922877
94973258 7329669
94683931 7736412
94393546 8143107
94102101 8549754
93809597 8956352
93516034 9362901
93221411 9769402
92925729 10175855
92628988 10582259
92331188 10988615
92032329 11394922
91732410 11801181
91431432 12207391
91129395 12613553
90826298 13019667
90522143 13425732
90216928 13831748
89910653 14237716
89603320 14643636
89294927 15049507
88985475 15455330
88674964 15861104
88363393 16266830
88050764 16672507
87737075 17078136
87422327 17483716
87106519 17889248
86789653 18294731
86471727 18700166
86152741 19105553
85832697 19510891
85511593 19916180
85189430 20321421
84866208 20726614
84541927 21131758
84216586 21536854
83890186 21941901
83562727 22346900
83234209 22751850
82904631 23156752
82573994 23561606
82242298 23966411
81909543 24371167
81575728 24775875
81240854 25180535
80904921 25585146
80567928 25989708
80229877 26394223
79890766 26798688
79550596 27203106
79209366 27607474
78867078 28011795
78523730 28416067
78179323 28820290
77833857 29224465
77487331 29628591
77139746 30032669
76791102 30436699
76441399 30840680
76090636 31244613
75738814 31648497
75385933 32052332
75031993 32456120
74676993 32859858
74320934 33263549
73963816 33667191
73605639 34070784
73246403 34474329
72886107 34877825
72524752 35281273
72162337 35684673
71798864 36088024
71434331 36491327
71068739 36894581
70702088 37297786
70334377 37700944
69965607 38104052
69595778 38507113
69224890 38910125
68852943 39313088
68479936 39716003
68105870 40118869
67730745 40521687
67354560 40924457
66977316 41327178
66599013 41729850
66219651 42132475
65839230 42535050
65457749 42937577
65075209 43340056
64691610 43742487
64306951 44144868
63921233 44547202
63534456 44949487
63146620 45351723
62757725 45753911
62367770 46156051
61976756 46558142
61584683 46960184
61191550 47362178
60797359 47764124
60402108 48166021
60005798 48567870
59608428 48969670
59209999 49371422
58810511 49773125
58409964 50174780
58008358 50576387
57605692 50977945
57201967 51379454
56797183 51780915
56391340 52182328
55984437 52583692
55576475 52985007
55167454 53386275
54757374 53787493
54346234 54188664
53934035 54589785
53520777 54990859
53106460 55391884
52691083 55792860
52274647 56193788
51857152 56594668
51438598 56995499
51018984 57396281
50598311 57797015
50176579 58197701
49753788 58598338
49329937 58998927
48905027 59399467
48479058 59799959
48052030 60200402
47623942 60600797
47194795 61001143
46764589 61401441
46333324 61801691
45900999 62201892
45467615 62602044
45033172 63002148
44597670 63402204
44161108 63802211
43723488 64202170
43284808 64602080
42845068 65001942
42404270 65401755
41962412 65801520
41519495 66201237
41075519 66600904
40630483 67000524
40184388 67400095
39737234 67799617
39289021 68199092
38839748 68598517
38389417 68997894
37938026 69397223
37485575 69796503
37032066 70195735
36577497 70594918
36121869 70994053
35665182 71393140
35207435 71792177
34748630 72191167
34288765 72590108
33827840 72989000
33365857 73387844
32902814 73786640
32438712 74185387
31973551 74584086
31507330 74982736
31040051 75381338
30571712 75779891
30102314 76178396
29631856 76576852
29160339 76975260
28687763 77373620
28214128 77771931
27739434 78170193
27263680 78568407
26786867 78966573
26308995 79364690
25830064 79762759
25350073 80160779
24869023 80558751
24386914 80956674
23903745 81354549
23419518 81752375
22934231 82150153
22447885 82547882
21960479 82945563
21472015 83343196
20982491 83740780
20491908 84138315
20000265 84535803
19507564 84933241
19013803 85330631
18518983 85727973
18023103 86125266
17526165 86522511
17028167 86919708
16529110 87316855
16028993 87713955
15527818 88111006
15025583 88508008
14522289 88904962
14017935 89301868
13512523 89698725
13006051 90095534
12498520 90492294
11989929 90889006
11480280 91285669
10969571 91682284
10457803 92078850
9944976 92475368
9431089 92871837
8916143 93268258
8400138 93664631
7883074 94060955
7364950 94457230
6845767 94853457
6325525 95249636
5804224 95645766
5281864 96041848
4758444 96437881
4233965 96833866
3708426 97229802
3181829 97625690
2654172 98021529
2125456 98417320
1595681 98813063
1064846 99208757
532953 99604402
0 100000000
-606887 99963508
-1212119 99924072
-1815695 99881692
-2417616 99836367
-3017881 99788098
-3616491 99736885
-4213446 99682726
-4808745 99625624
-5402388 99565577
-5994376 99502585
-6584709 99436649
-7173386 99367768
-7760407 99295943
-8345773 99221174
-8929484 99143460
-9511539 99062801
-10091938 98979198
-10670682 98892651
-11247771 98803159
-11823204 98710723
-12396981 98615342
-12969103 98517017
-13539570 98415747
-14108381 98311533
-14675537 98204374
-15241037 98094271
-15804881 97981223
-16367070 97865231
-16927604 97746294
-17486482 97624413
-18043705 97499587
-18599272 97371817
-19153183 97241103
-19705440 97107444
-20256040 96970840
-20804985 96831292
-21352275 96688800
-21897909 96543363
-22441888 96394981
-22984211 96243655
-23524879 96089385
-24063891 95932170
-24601248 95772011
-25136949 95608907
-25670995 95442859
-26203385 95273866
-26734120 95101929
-27263199 94927047
-27790623 94749221
-28316391 94568450
-28840504 94384735
-29362961 94198075
-29883763 94008471
-30402910 93815923
-30920400 93620430
-31436236 93421992
-31950416 93220610
-32462940 93016284
-32973809 92809013
-33483022 92598797
-33990580 92385637
-34496482 92169533
-35000729 91950484
-35503321 91728491
-36004257 91503553
-36503537 91275671
-37001162 91044844
-37497131 90811073
-37991445 90574357
-38484104 90334697
-38975107 90092092
-39464454 89846543
-39952146 89598049
-40438183 89346611
-40922564 89092228
-41405289 88834901
-41886359 88574630
-42365774 88311414
-42843533 88045253
-43319636 87776148
-43794085 87504099
-44266877 87229105
-44738014 86951167
-45207496 86670284
-45675322 86386456
-46141492 86099685
-46606008 85809968
-47068867 85517307
-47530071 85221702
-47989620 84923152
-48447513 84621658
-48903751 84317220
-49358333 84009836
-49811260 83699509
-50262531 83386237
-50712146 83070020
-51160107 82750859
-51606411 82428753
-52051060 82103703
-52494054 81775709
-52935392 81444770
-53375075 81110886
-53813102 80774058
-54249474 80434286
-54684190 80091569
-55117251 79745908
-55548656 79397302
-55978406 79045752
-56406500 78691257
-56832939 78333818
-57257723 77973434
-57680850 77610106
-58102323 77243833
-58522140 76874616
-58940301 76502454
-59356807 76127348
-59771657 75749297
-60184852 75368302
-60596391 74984363
-61006275 74597479
-61414504 74207650
-61821077 73814877
-62225994 73419160
-62629256 73020498
-63030862 72618891
-63430813 72214340
-63829109 71806845
-64225749 71396405
-64620733 70983021
-65014062 70566692
-65405736 70147419
-65795753 69725201
-66184116 69300039
-66570823 68871932
-66955874 68440881
-67339271 68006885
-67721011 67569945
-68101096 67130060
-68479526 66687231
-68856300 66241458
-69231418 65792740
-69604881 65341077
-69976689 64886470
-70346841 64428919
-70715338 63968423
-71082179 63504982
-71447364 63038597
-71810894 62569268
-72172769 62096994
-72532988 61621776
-72891552 61143613
-73248460 60662506
-73603713 60178454
-73957310 59691457
-74309251 59201517
-74659538 58708632
-75008168 58212802
-75355144 57714028
-75700463 57212309
-76044127 56707646
-76386136 56200038
-76726489 55689486
-77065187 55175990
-77402229 54659549
-77737616 54140163
-78071348 53617833
-78403423 53092559
-78733844 52564340
-79062608 52033176
-79389718 51499069
-79715171 50962016
-80038970 50422019
-80361113 49879078
-80681600 49333192
-81000432 48784362
-81317608 48232587
-81633129 47677868
-81946994 47120204
-82259204 46559596
-82569759 45996044
-82878658 45429546
-83185901 44860105
-83491489 44287719
-83795421 43712388
-84097698 43134113
-84398320 42552894
-84697286 41968730
-84994596 41381621
-85290251 40791568
-85584251 40198571
-85876595 39602629
-86167283 39003743
-86456316 38401912
-86743694 37797136
-87029416 37189417
-87313482 36578752
-87595893 35965144
-87876649 35348590
-88155749 34729093
-88433193 34106651
-88708982 33481264
-88983116 32852933
-89255594 32221657
-89526417 31587437
-89795584 30950272
-90063095 30310163
-90328951 29667110
-90593152 29021112
-90855697 28372169
-91116587 27720282
-91375821 27065451
-91633400 26407675
-91889323 25746955
-92143590 25083290
-92396203 24416681
-92647159 23747127
-92896461 23074628
-93144106 22399186
-93390096 21720798
-93634431 21039467
-93877110 20355191
-94118134 19667970
-94357502 18977805
-94595215 18284695
-94831272 17588641
-95065674 16889642
-95298421 16187699
-95529511 15482812
-95758947 14774980
-95986726 14064203
-96212851 13350482
-96437320 12633817
-96660133 11914207
-96881291 11191653
-97100793 10466154
-97318640 9737710
-97534831 9006323
-97749367 8271990
-97962248 7534713
-98173473 6794492
-98383042 6051327
-98590956 5305216
-98797214 4556162
-99001817 3804162
-99204765 3049219
-99406057 2291331
-99605693 1530498
-99803674 766721
-100000000 0
-99881320 -598306
-99760358 -1195026
-99637115 -1790160
-99511590 -2383707
-99383783 -2975669
-99253695 -3566044
-99121325 -4154832
-98986673 -4742035
-98849740 -5327651
-98710525 -5911680
-98569028 -6494124
-98425250 -7074981
-98279190 -7654252
-98130849 -8231937
-97980225 -8808035
-97827320 -9382547
-97672134 -9955473
-97514666 -10526812
-97354916 -11096566
-97192884 -11664732
-97028571 -12231313
-96861976 -12796307
-96693099 -13359715
-96521941 -13921537
-96348501 -14481773
-96172780 -15040422
-95994776 -15597485
-95814492 -16152961
-95631925 -16706851
-95447077 -17259155
-95259947 -17809873
-95070535 -18359005
-94878842 -18906550
-94684867 -19452508
-94488611 -19996881
-94290072 -20539667
-94089252 -21080867
-93886151 -21620481
-93680768 -22158508
-93473103 -22694949
-93263156 -23229804
-93050928 -23763073
-92836418 -24294755
-92619627 -24824851
-92400553 -25353360
-92179198 -25880284
-91955562 -26405621
-91729644 -26929372
-91501444 -27451536
-91270962 -27972114
-91038199 -28491106
-90803154 -29008512
-90565828 -29524331
-90326219 -30038564
-90084330 -30551211
-89840158 -31062271
-89593705 -31571746
-89344970 -32079633
-89093953 -32585935
-88840655 -33090650
-88585075 -33593779
-88327214 -34095322
-88067071 -34595278
-87804646 -35093648
-87539939 -35590432
-87272951 -36085630
-87003681 -36579241
-86732130 -37071266
-86458297 -37561705
-86182182 -38050557
-85903785 -38537823
-85623107 -39023503
-85340147 -39507597
-85054906 -39990104
-84767383 -40471025
-84477578 -40950359
-84185491 -41428108
-83891123 -41904270
-83594473 -42378846
-83295542 -42851835
-82994329 -43323238
-82690834 -43793055
-82385057 -44261286
-82076999 -44727930
-81766659 -45192988
-81454038 -45656460
-81139135 -46118345
-80821950 -46578644
-80502483 -47037357
-80180735 -47494484
-79856705 -47950024
-79530394 -48403978
-79201801 -48856346
-78870926 -49307127
-78537770 -49756322
-78202331 -50203931
-77864612 -50649954
-77524610 -51094390
-77182327 -51537240
-76837762 -51978504
-76490916 -52418181
-76141788 -52856272
-75790378 -53292777
-75436686 -53727696
-75080713 -54161028
-74722458 -54592774
-74361922 -55022933
-73999104 -55451507
-73634004 -55878494
-73266623 -56303895
-72896960 -56727709
-72525015 -57149937
-72150788 -57570579
-71774280 -57989635
-71395490 -58407104
-71014419 -58822987
-70631066 -59237284
-70245431 -59649994
-69857515 -60061119
-69467317 -60470656
-69074837 -60878608
-68680075 -61284973
-68283032 -61689752
-67883708 -62092945
-67482101 -62494551
-67078213 -62894572
-66672043 -63293005
-66263592 -63689853
-65852859 -64085114
-65439844 -64478789
-65024548 -64870878
-64606969 -65261380
-64187110 -65650296
-63764968 -66037626
-63340545 -66423370
-62913840 -66807527
-62484854 -67190098
-62053586 -67571083
-61620036 -67950481
-61184205 -68328293
-60746092 -68704519
-60305697 -69079158
-59863021 -69452211
-59418063 -69823678
-58970823 -70193559
-58521301 -70561853
-58069498 -70928561
-57615414 -71293683
-57159047 -71657219
-56700399 -72019168
-56239470 -72379531
-55776258 -72738307
-55310765 -73095498
-54842990 -73451102
-54372934 -73805119
-53900596 -74157551
-53425976 -74508396
-52949075 -74857655
-52469892 -75205327
-51988427 -75551414
-51504681 -75895914
-51018653 -76238827
-50530343 -76580155
-50039752 -76919896
-49546879 -77258051
-49051724 -77594619
-48554288 -77929601
-48054570 -78262997
-47552570 -78594807
-47048289 -78925030
-46541725 -79253667
-46032881 -79580718
-45521754 -79906183
-45008346 -80230061
-44492657 -80552353
-43974685 -80873058
-43454432 -81192178
-42931898 -81509711
-42407081 -81825658
-41879983 -82140018
-41350604 -82452792
-40818942 -82763980
-40284999 -83073582
-39748775 -83381597
-39210268 -83688026
-38669480 -83992869
-38126411 -84296125
-37581059 -84597795
-37033426 -84897879
-36483512 -85196377
-35931315 -85493288
-35376837 -85788613
-34820078 -86082352
-34261036 -86374504
-33699713 -86665070
-33136109 -86954050
-32570222 -87241444
-32002054 -87527251
-31431605 -87811472
-30858874 -88094106
-30283861 -88375155
-29706566 -88654617
-29126990 -88932493
-28545132 -89208782
-27960992 -89483485
-27374571 -89756602
-26785868 -90028133
-26194883 -90298077
-25601617 -90566435
-25006069 -90833207
-24408239 -91098393
-23808128 -91361992
-23205735 -91624005
-22601060 -91884431
-21994104 -92143272
-21384866 -92400526
-20773346 -92656193
-20159545 -92910275
-19543462 -93162770
-18925098 -93413679
-18304451 -93663001
-17681523 -93910738
-17056314 -94156888
-16428823 -94401451
-15799050 -94644429
-15166995 -94885820
-14532659 -95125625
-13896041 -95363843
-13257141 -95600475
-12615960 -95835521
-11972497 -96068981
-11326752 -96300854
-10678726 -96531142
-10028418 -96759842
-9375829 -96986957
-8720957 -97212485
-8063804 -97436427
-7404370 -97658783
-6742654 -97879552
-6078656 -98098735
-5412376 -98316332
-4743815 -98532342
-4072972 -98746766
-3399847 -98959604
-2724441 -99170856
-2046753 -99380521
-1366784 -99588600
-684532 -99795093
0 -100000000
505562 -99741549
1010285 -99481944
1514171 -99221184
2017218 -98959270
2519426 -98696202
3020796 -98431979
3521328 -98166601
4021022 -97900069
4519877 -97632383
5017894 -97363542
5515073 -97093546
6011413 -96822396
6506915 -96550092
7001578 -96276633
7495403 -96002020
7988390 -95726252
8480538 -95449330
8971848 -95171253
9462320 -94892022
9951954 -94611636
10440749 -94330096
10928705 -94047401
11415824 -93763552
11902103 -93478548
12387545 -93192390
12872148 -92905077
13355913 -92616610
13838840 -92326988
14320928 -92036212
14802178 -91744282
15282589 -91451197
15762162 -91156957
16240897 -90861563
16718794 -90565014
17195852 -90267311
17672072 -89968454
18147453 -89668442
18621996 -89367276
19095701 -89064955
19568567 -88761479
20040595 -88456849
20511785 -88151065
20982136 -87844126
21451649 -87536033
21920323 -87226785
22388159 -86916383
22855157 -86604826
23321317 -86292115
23786638 -85978249
24251121 -85663229
24714765 -85347054
25177571 -85029725
25639539 -84711241
26100669 -84391603
26560960 -84070810
27020412 -83748863
27479027 -83425761
27936803 -83101505
28393740 -82776095
28849840 -82449530
29305101 -82121810
29759523 -81792936
30213107 -81462908
30665853 -81131725
31117761 -80799387
31568830 -80465895
32019061 -80131249
32468453 -79795448
32917007 -79458492
33364723 -79120382
33811601 -78781118
34257640 -78440699
34702840 -78099126
35147203 -77756398
35590727 -77412516
36033412 -77067479
36475260 -76721288
36916269 -76373942
37356439 -76025442
37795772 -75675787
38234265 -75324978
38671921 -74973014
39108738 -74619896
39544717 -74265623
39979858 -73910196
40414160 -73553615
40847623 -73195878
41280249 -72836988
41712036 -72476943
42142985 -72115743
42573095 -71753389
43002367 -71389881
43430801 -71025218
43858396 -70659400
44285153 -70292428
44711072 -69924302
45136152 -69555021
45560394 -69184586
45983798 -68812996
46406363 -68440251
46828090 -68066353
47248978 -67691299
47669028 -67315091
48088240 -66937729
48506614 -66559212
48924149 -66179541
49340845 -65798715
49756704 -65416735
50171724 -65033600
50585906 -64649311
50999249 -64263868
51411754 -63877269
51823421 -63489517
52234249 -63100610
52644239 -62710548
53053390 -62319332
53461704 -61926961
53869179 -61533436
54275815 -61138757
54681613 -60742923
55086573 -60345934
55490695 -59947791
55893978 -59548494
56296422 -59148042
56698029 -58746435
57098797 -58343675
57498727 -57939759
57897818 -57534689
58296071 -57128465
58693486 -56721086
59090062 -56312553
59485800 -55902865
59880700 -55492023
60274761 -55080026
60667984 -54666875
61060368 -54252569
61451915 -53837109
61842622 -53420494
62232492 -53002725
62621523 -52583801
63009716 -52163723
63397070 -51742490
63783586 -51320103
64169264 -50896562
64554104 -50471866
64938105 -50046015
65321267 -49619010
65703592 -49190851
66085078 -48761537
66465725 -48331068
66845535 -47899445
67224505 -47466668
67602638 -47032736
67979932 -46597649
68356388 -46161408
68732006 -45724013
69106785 -45285463
69480726 -44845759
69853828 -44404900
70226092 -43962887
70597518 -43519719
70968105 -43075397
71337854 -42629920
71706765 -42183289
72074837 -41735503
72442072 -41286563
72808467 -40836468
73174024 -40385219
73538743 -39932815
73902624 -39479257
74265666 -39024544
74627870 -38568677
74989236 -38111656
75349763 -37653480
75709452 -37194149
76068302 -36733664
76426314 -36272024
76783488 -35809230
77139824 -35345282
77495321 -34880179
77849979 -34413922
78203800 -33946510
78556782 -33477943
78908925 -33008222
79260231 -32537347
79610698 -32065317
79960326 -31592133
80309117 -31117794
80657068 -30642301
81004182 -30165653
81350457 -29687851
81695894 -29208894
82040493 -28728783
82384253 -28247517
82727175 -27765097
83069258 -27281522
83410503 -26796793
83750910 -26310909
84090478 -25823871
84429208 -25335678
84767100 -24846331
85104153 -24355830
85440368 -23864174
85775745 -23371363
86110283 -22877398
86443983 -22382279
86776845 -21886005
87108868 -21388576
87440053 -20889993
87770399 -20390256
88099908 -19889364
88428577 -19387318
88756409 -18884117
89083402 -18379761
89409557 -17874251
89734873 -17367587
90059351 -16859768
90382991 -16350795
90705792 -15840667
91027755 -15329385
91348880 -14816948
91669166 -14303357
91988614 -13788611
92307224 -13272711
92624995 -12755656
92941928 -12237447
93258023 -11718084
93573279 -11197565
93887697 -10675893
94201276 -10153066
94514017 -9629084
94825920 -9103948
95136984 -8577658
95447210 -8050213
95756598 -7521613
96065148 -6991859
96372859 -6460951
96679731 -5928888
96985766 -5395670
97290962 -4861298
97595319 -4325772
97898838 -3789091
98201519 -3251256
98503362 -2712266
98804366 -2172122
99104532 -1630823
99403860 -1088370
99702349 -544762
