10 30
2 1 190882354 21620855
3 1 540146496 105156803
4 1 875937025 12258379
4 1 532479961 614898682
8 5 43427588 377854326
2 9 106463552 90366140
6 1 706232787 708855688
9 3 396676349 628360922
1 9 859373109 644199224
9 1 394710442 593492819
8 3 515347362 783971595
7 3 199488983 594334669
10 8 878150802 723519843
2 6 456790932 640652527
3 1 167035676 472961914
8 3 237743125 100735213
1 9 347473560 209051854
5 1 426030197 949003220
3 1 517379659 432739357
9 7 146069672 506536149
2 9 770095945 636448031
5 1 830630798 580336581
2 7 567954080 798148686
4 7 169521013 662891560
4 3 725057771 814253125
10 9 422357519 195335401
6 7 273875155 123785058
9 1 730589741 84992316
1 9 830825953 672617450
9 3 198453393 202332175
