50 50
31 7 341866441 460678142
39 11 865980080 388687420
42 13 857167114 388602052
36 23 239462992 963683409
35 4 920066637 818359421
9 8 389979674 557826343
5 4 332226627 908793297
41 30 849231016 431321401
3 2 895404435 922515011
20 15 465237872 27531729
45 17 984951623 104727069
26 8 560756469 982016451
7 2 782154401 241197075
44 4 695493518 717033619
48 1 984255217 225600921
46 32 369609490 215707578
11 2 530536729 879804777
16 9 546419853 285736877
10 5 347635258 41874932
15 9 611576067 951760113
4 2 769306866 440680839
40 15 669738254 526124494
38 6 899055379 381015205
32 1 343427536 777774995
30 18 202341264 596298223
17 5 928562126 384974719
12 8 342121442 128368385
27 26 966947713 192832548
43 9 173004432 460990806
49 37 570712913 711974299
24 8 148258216 249743904
6 3 42924287 683816979
12 40 171504639 339005146
28 20 70536215 729438042
13 2 506533066 963433568
34 11 874583815 950034600
18 10 967930394 796320323
25 3 807470783 528428364
37 16 168400531 761248521
22 21 213685516 202823496
8 6 349096654 809025104
29 1 830805098 215642890
19 7 393631904 672680341
14 8 650018468 465949081
50 11 754957368 725111109
23 12 716517117 967686334
33 17 739781475 729319619
47 26 264530292 254983169
21 18 76853869 554660321
2 1 512035688 110873602
