50 50
30 12 2997 1231
48 32 8030 9775
5 2 1079 2024
37 35 8417 2390
41 26 6171 7278
36 34 8310 9352
16 11 7106 3870
10 9 4874 3732
50 33 6219 6666
19 11 1048 4183
29 28 579 119
39 29 4819 6264
14 1 7767 6635
6 1 23 1844
8 2 1955 7516
15 6 8278 6618
40 24 5447 9589
12 5 2408 7506
28 5 9404 5569
7 3 6212 9726
20 6 3521 7755
47 33 8935 3610
23 16 157 3389
3 2 5576 1569
26 20 7146 6191
43 2 1995 117
13 5 7804 9767
44 12 4355 1597
33 22 1516 2654
24 7 8761 5455
17 4 7640 1031
11 9 4849 9500
23 31 3143 7244
32 29 4158 738
45 27 4374 1447
27 15 7908 4648
31 27 3518 710
4 3 9462 8616
38 28 2513 9650
2 1 5191 7572
18 11 103 3089
35 14 2942 9773
34 17 2955 6176
9 2 5281 3927
21 3 9387 5921
22 18 5300 1582
49 12 5437 6562
42 31 3284 334
25 7 1850 3111
46 34 9756 8044
