100 1000
7 89 62 597
44 2 2 921
23 1 273 807
10 6 546 271
56 84 594 375
48 46 170 409
11 33 980 590
39 46 719 200
85 10 238 830
2 13 266 996
56 54 595 522
60 35 633 541
75 6 916 495
89 7 504 744
84 43 462 370
10 27 596 449
55 60 53 112
21 36 215 362
43 89 748 813
98 66 658 591
21 27 242 69
33 15 276 960
10 94 295 180
67 38 739 542
12 8 79 972
72 50 354 364
17 61 65 93
8 5 230 845
56 59 795 629
53 47 523 406
1 97 158 541
61 62 726 193
85 67 141 556
9 37 734 214
19 6 681 281
86 2 281 436
43 25 860 131
24 73 399 479
44 69 887 106
89 26 22 768
99 78 455 642
72 54 473 131
37 90 336 95
73 28 497 712
87 65 377 129
59 90 10 252
80 7 174 403
85 96 377 558
45 66 817 16
96 68 271 915
73 29 859 314
46 82 888 433
51 14 654 857
19 76 494 559
19 66 594 577
7 90 89 13
4 29 975 586
92 73 125 325
27 11 822 731
59 16 782 704
44 28 100 12
42 55 308 290
57 26 905 725
83 61 230 162
20 63 312 860
75 43 243 767
68 54 386 215
46 16 213 350
42 35 307 502
15 45 341 756
3 4 664 945
10 39 594 226
55 38 255 861
71 40 662 768
85 27 680 750
63 53 816 782
99 54 314 615
15 74 373 883
6 77 688 486
46 19 595 88
29 12 52 265
22 3 986 635
12 22 613 867
57 13 183 405
3 48 580 713
30 84 721 411
38 59 120 350
95 68 240 417
99 17 449 377
99 7 308 113
12 80 818 349
87 77 221 797
35 83 967 513
91 76 45 491
90 41 902 477
48 30 886 953
5 94 521 755
35 94 540 270
33 96 82 984
74 46 962 242
59 82 332 668
56 87 656 402
74 11 881 556
42 67 816 98
27 73 872 704
67 77 515 985
2 10 385 51
12 43 497 105
58 31 910 444
19 88 294 929
40 64 390 796
40 3 74 824
81 73 261 968
72 3 47 811
23 99 719 828
66 80 956 766
62 95 322 231
65 91 409 113
99 26 34 753
21 48 552 676
15 4 502 44
56 48 609 949
54 70 594 856
51 32 891 540
18 100 209 440
23 46 124 405
28 37 404 573
3 5 354 599
52 11 980 672
50 4 421 722
95 27 717 501
62 51 775 528
35 85 146 628
39 25 281 407
95 87 26 279
46 55 305 366
42 4 660 97
50 67 700 544
83 96 621 313
6 3 559 632
99 35 264 239
34 16 1000 670
35 34 521 582
99 81 27 384
14 58 997 267
63 15 442 851
85 33 411 295
58 63 597 154
28 97 847 176
1 25 283 486
99 33 615 893
69 80 672 275
98 14 358 647
69 49 236 97
61 11 44 150
49 31 342 527
48 53 156 650
98 85 818 845
19 40 528 111
68 46 43 165
19 25 584 549
32 11 903 384
4 61 490 784
12 79 443 67
68 40 497 403
34 53 930 162
36 92 299 483
41 55 81 238
1 67 1 312
62 36 461 532
47 25 504 786
76 52 790 307
53 30 75 549
89 69 763 908
20 53 577 686
59 38 870 337
9 41 507 494
31 6 618 333
18 16 64 444
39 65 119 172
22 69 115 127
87 36 827 78
44 12 487 291
43 53 953 133
80 51 594 166
24 95 344 444
2 88 659 600
6 94 484 408
20 71 334 893
43 62 905 579
15 80 115 592
91 47 206 393
33 21 448 909
25 22 966 600
59 68 2 96
91 81 389 852
20 78 905 848
89 15 84 806
9 22 463 839
31 26 760 800
51 87 335 647
58 91 141 829
83 37 668 633
87 11 880 195
64 80 280 346
10 31 961 790
63 3 562 49
24 33 328 943
5 69 49 612
46 63 147 339
3 88 761 465
100 51 557 745
83 54 739 80
19 56 132 392
95 100 795 513
55 39 537 385
63 99 211 615
67 6 74 343
13 7 142 234
71 20 253 765
45 10 189 784
70 44 990 382
35 86 451 93
11 19 812 333
91 16 186 401
20 3 518 515
66 2 471 189
24 84 793 967
5 3 214 633
34 32 574 795
72 31 700 571
4 1 894 855
72 97 866 868
20 7 104 619
40 99 135 47
66 22 863 551
53 68 142 327
69 20 328 540
64 59 503 983
12 42 592 252
1 67 119 182
28 75 340 222
28 36 509 642
55 50 889 171
99 8 726 499
46 40 406 178
55 20 718 409
95 7 571 654
21 87 606 244
79 28 359 565
96 99 218 914
42 23 674 154
11 7 962 885
52 18 591 203
51 12 861 231
51 46 169 227
8 93 528 507
9 62 924 609
100 9 457 583
58 79 740 428
93 47 97 589
95 68 895 727
76 86 972 358
69 10 447 725
31 81 781 965
93 76 568 507
87 100 928 720
51 25 480 635
9 5 799 227
80 76 710 553
70 8 171 661
43 11 560 812
66 31 409 158
59 10 771 477
37 71 652 403
62 61 960 965
32 20 417 205
24 46 149 829
29 33 418 953
24 5 63 846
13 20 820 141
62 26 348 327
82 95 236 660
59 74 908 791
77 20 1 355
89 60 484 280
71 39 856 489
73 12 484 329
62 14 973 144
98 61 653 78
24 95 651 539
37 23 568 460
85 65 92 146
20 56 663 9
44 45 166 689
56 40 377 848
74 34 158 904
80 75 999 941
16 55 542 57
99 43 642 106
80 34 319 989
27 20 482 753
57 45 496 637
28 5 452 975
3 1 13 698
20 13 120 968
78 52 589 9
61 7 279 255
21 67 835 666
90 76 917 183
65 23 12 745
2 1 511 256
68 82 405 279
79 49 25 369
62 21 595 579
67 8 117 744
45 9 173 113
39 66 158 29
38 32 66 876
94 53 131 770
63 45 586 938
23 95 898 604
53 49 191 790
39 30 223 822
92 33 274 606
99 88 771 433
91 37 168 779
89 70 914 32
23 24 890 479
29 89 717 744
7 66 828 979
42 44 623 501
41 15 694 381
60 92 64 943
36 24 307 654
3 44 309 738
57 75 636 461
64 76 337 201
88 56 74 640
17 14 296 162
76 45 173 57
54 57 809 300
23 6 991 223
8 20 214 405
91 19 808 1
26 62 527 950
84 19 761 308
86 64 240 547
76 19 297 845
17 95 830 210
43 76 209 975
3 67 795 996
72 84 934 782
1 11 640 595
47 7 973 330
54 26 269 74
92 58 992 493
26 81 940 754
85 21 669 322
20 46 689 738
66 77 599 402
16 13 243 317
49 31 176 587
45 8 640 542
53 19 420 770
41 75 733 239
54 14 303 352
41 37 534 690
63 40 506 11
33 38 66 606
40 53 233 545
62 22 872 831
54 57 498 380
58 48 58 813
40 55 198 40
55 10 293 679
100 6 806 735
71 85 590 808
99 81 908 627
72 54 830 100
44 24 786 875
25 67 212 54
89 1 594 447
8 14 306 813
41 49 295 727
70 58 60 496
34 58 448 168
92 86 152 540
68 14 951 320
34 42 1 862
99 42 491 977
35 70 114 574
78 22 10 926
26 59 173 29
28 41 510 195
66 71 34 857
45 87 753 824
86 91 110 433
14 6 671 390
49 98 719 955
65 44 257 836
73 77 376 834
17 47 11 118
30 56 612 707
28 17 939 568
82 70 44 100
2 80 545 335
84 38 152 180
17 52 128 773
30 23 62 862
78 44 566 240
23 11 998 874
58 99 164 363
95 66 413 112
18 14 200 160
54 75 727 696
53 3 373 539
18 7 80 519
43 47 805 679
78 89 529 648
68 8 733 101
54 45 743 219
69 92 562 994
53 83 119 605
20 16 66 764
1 43 213 159
65 81 726 117
70 17 660 207
12 100 278 598
96 23 351 447
39 94 747 481
81 58 663 153
45 91 671 312
48 58 16 46
10 71 103 932
60 22 354 251
46 74 961 269
43 19 763 516
36 13 883 916
34 36 586 309
20 99 424 502
49 91 835 620
59 5 701 598
46 58 614 807
31 22 6 312
12 86 812 904
75 45 609 135
88 71 610 86
21 19 766 118
48 74 385 176
19 51 451 752
40 47 423 859
49 21 105 666
43 26 810 820
82 68 511 921
97 31 363 829
92 79 693 506
89 93 409 163
38 42 873 376
100 9 839 325
12 8 329 196
21 5 479 86
46 54 781 951
6 83 862 246
11 55 904 701
45 26 28 303
100 63 185 451
99 24 709 698
34 49 492 600
13 73 464 797
54 10 173 751
57 3 899 794
38 79 404 422
27 67 257 103
95 75 720 329
19 31 820 521
43 97 415 154
90 99 654 945
72 46 679 764
3 27 291 560
57 55 808 760
99 10 118 587
18 59 16 511
49 78 689 941
5 58 442 657
9 36 793 200
6 72 961 328
23 49 866 89
52 65 218 533
58 71 847 939
19 5 505 209
73 14 374 411
100 69 815 345
2 60 760 462
70 36 417 527
57 18 297 568
56 73 892 718
41 74 624 465
88 32 891 914
76 28 886 335
68 4 278 909
73 91 942 730
81 99 363 472
28 21 862 128
19 96 578 832
5 91 521 689
23 7 177 927
50 1 781 829
80 91 577 595
38 8 393 378
52 68 963 641
13 10 294 207
11 51 933 339
27 22 933 715
20 29 653 134
19 59 578 738
26 86 582 777
93 81 632 565
46 82 803 358
68 9 316 291
66 55 545 994
18 57 815 804
93 1 456 660
84 90 921 92
51 90 163 971
99 8 309 283
49 39 395 591
26 60 766 626
87 54 387 793
47 97 522 953
47 30 802 313
17 9 519 637
74 72 715 817
28 82 754 533
19 90 311 293
35 5 977 529
27 4 376 399
75 63 58 364
44 27 842 722
20 76 88 378
10 35 626 221
80 72 648 433
54 74 289 587
35 44 225 342
49 57 420 283
90 94 297 912
44 12 147 164
50 66 972 309
23 62 547 40
61 39 806 861
4 69 18 915
7 37 374 649
96 51 5 509
63 49 258 391
77 100 727 688
7 81 934 336
5 77 881 129
1 24 958 22
48 22 758 468
8 81 328 2
57 68 368 768
75 93 526 899
51 50 598 220
39 63 166 593
16 21 702 520
79 71 764 244
79 26 31 628
79 81 409 527
8 56 947 296
82 62 93 616
91 66 285 285
70 31 311 575
53 76 417 133
61 3 850 714
83 42 452 342
17 56 34 514
96 99 534 66
8 9 789 407
44 27 26 986
55 31 178 132
91 71 146 759
48 79 397 576
62 69 870 694
88 78 733 405
100 18 815 712
36 62 625 505
56 86 933 734
75 45 858 714
14 25 486 556
68 31 917 280
33 43 946 371
51 42 792 32
40 46 824 242
72 13 323 459
94 62 476 81
1 77 84 677
11 14 52 900
47 16 787 850
62 34 775 915
88 2 345 834
87 13 360 541
86 85 967 274
56 52 575 709
25 38 266 946
92 41 357 782
39 38 890 348
41 48 524 517
10 7 867 65
48 4 983 259
52 45 935 626
41 9 649 374
7 68 932 93
77 40 510 821
60 33 16 633
50 81 784 42
14 74 56 255
47 15 991 400
22 54 671 547
18 85 689 519
34 70 875 824
77 25 905 306
50 70 418 549
66 36 527 672
40 33 198 235
8 34 707 848
33 47 250 83
78 31 577 406
23 87 408 285
39 24 210 156
22 25 120 839
76 62 956 489
69 40 623 907
39 41 976 999
82 64 651 984
82 64 276 73
5 14 991 899
46 100 104 61
57 34 313 561
6 90 309 173
84 13 515 995
30 60 957 227
84 89 293 993
95 57 974 483
14 6 538 446
42 37 363 899
93 16 65 570
28 70 413 907
45 24 297 773
45 49 249 176
53 94 333 618
69 8 891 540
45 42 135 939
58 43 265 951
16 99 944 547
65 18 93 477
33 34 891 414
35 6 654 917
45 25 605 752
35 41 601 596
16 20 309 259
3 89 738 262
7 2 988 880
80 1 366 267
51 20 24 56
18 76 641 137
68 30 500 413
99 74 147 764
68 40 766 81
35 26 589 5
36 7 896 264
49 14 646 125
43 42 383 383
1 94 249 778
23 50 293 76
1 23 198 741
67 90 370 689
59 80 564 747
85 71 390 612
57 53 165 495
65 53 128 745
8 1 738 312
45 2 457 33
52 93 968 976
84 60 374 745
30 91 188 735
6 48 152 79
23 33 113 508
86 87 818 47
79 50 391 532
15 6 165 342
63 16 790 95
41 53 509 93
21 33 931 757
83 56 104 459
90 46 621 720
41 83 811 113
87 43 788 352
15 93 172 428
82 1 2 226
62 5 107 76
4 53 852 111
35 80 801 50
44 17 885 920
59 75 139 36
14 24 398 661
52 60 298 763
33 97 390 410
92 11 513 831
14 35 679 425
21 72 107 781
99 20 558 888
45 57 727 371
88 68 616 555
7 91 696 458
91 44 926 38
12 98 170 991
100 58 411 807
82 12 219 929
44 3 227 385
70 12 703 123
40 31 379 271
41 39 815 90
3 80 481 125
67 100 212 340
35 97 624 223
90 50 809 503
8 7 337 488
82 6 200 445
52 86 482 969
71 1 49 52
98 63 925 537
56 4 536 208
66 41 517 356
53 51 956 417
72 98 27 812
18 90 39 19
71 59 796 967
69 74 801 723
83 52 231 748
70 97 394 359
38 83 887 746
47 86 52 597
15 61 517 170
99 37 365 811
39 50 627 31
63 84 444 657
60 27 387 316
91 50 69 173
3 62 204 636
54 39 483 682
41 26 956 499
2 51 312 387
77 38 925 824
42 80 661 741
68 67 712 649
4 22 884 442
27 100 142 316
14 21 212 98
55 74 839 748
2 12 518 55
100 34 137 739
21 19 25 25
43 79 673 821
39 81 573 377
60 63 595 474
13 26 426 589
61 92 371 470
99 75 989 468
71 36 893 878
85 27 888 290
53 34 565 690
61 87 983 697
93 36 795 121
87 60 620 208
49 33 87 738
61 2 894 343
71 39 860 46
70 56 485 604
40 88 292 499
81 69 668 980
58 89 732 241
36 57 579 632
90 27 287 721
50 30 136 162
14 18 6 39
87 2 125 773
94 18 250 530
85 78 62 260
38 15 556 953
13 72 391 494
12 92 776 943
17 98 926 321
3 93 553 735
80 85 492 705
98 84 812 659
83 84 981 405
69 94 917 71
69 79 590 298
33 4 959 424
30 90 13 28
33 15 771 544
31 74 840 337
63 12 550 583
50 84 927 850
52 72 584 763
81 20 986 623
75 60 41 226
82 35 409 221
51 29 850 976
25 46 797 282
50 58 397 968
80 2 600 759
88 49 444 58
41 65 573 274
45 27 985 575
59 46 645 202
36 87 799 753
95 25 490 237
18 16 741 135
84 16 296 356
26 22 110 505
69 87 590 386
62 61 758 267
98 78 658 817
1 75 802 740
6 45 582 214
83 37 715 895
8 65 635 770
99 57 336 668
9 26 989 114
11 65 635 60
2 95 658 986
48 65 357 35
85 19 671 588
69 96 479 34
22 79 911 834
66 30 345 347
97 16 426 325
93 60 505 87
10 42 112 291
72 83 504 70
87 86 493 50
22 69 830 271
91 35 466 461
70 82 199 226
63 64 834 92
82 61 980 193
72 79 444 273
58 34 977 146
3 73 215 125
11 61 841 963
61 90 225 944
46 98 443 673
93 28 275 872
32 29 190 191
43 31 697 728
83 28 694 114
97 79 870 782
59 55 783 603
1 66 225 887
10 51 234 919
100 34 45 526
67 6 701 468
53 79 750 907
24 97 474 714
32 87 715 320
53 35 721 858
96 94 944 342
67 95 902 866
53 20 688 202
86 33 706 731
80 24 816 574
14 76 195 287
80 47 871 574
100 69 546 930
97 96 441 146
55 88 745 487
12 74 693 767
63 8 253 463
18 27 727 692
42 81 438 691
86 22 670 852
84 77 371 621
49 98 842 140
91 73 439 207
79 67 469 175
48 30 389 934
59 66 210 448
32 33 499 539
33 57 150 229
20 28 368 25
27 67 358 480
78 63 91 737
73 8 978 322
86 63 123 209
42 23 642 438
93 96 635 628
2 82 528 716
79 59 460 134
5 4 476 985
53 71 451 109
16 38 306 674
66 56 243 575
61 60 35 277
26 64 861 930
84 27 636 799
97 1 311 481
86 18 448 113
80 25 269 588
2 35 495 306
9 2 34 791
99 97 777 632
63 84 382 816
53 56 920 380
21 48 118 450
56 91 42 63
1 51 344 884
12 69 293 431
40 4 745 159
44 71 848 41
89 2 437 884
85 30 418 179
59 81 719 660
83 30 702 280
56 47 223 194
5 82 277 751
48 34 485 828
53 81 949 647
56 15 485 623
24 17 758 896
70 88 320 983
55 7 367 922
93 98 439 123
28 11 323 447
80 45 576 348
83 65 293 136
98 23 677 690
81 64 232 734
60 3 704 249
10 47 4 986
98 46 699 747
54 23 366 113
87 13 297 885
92 24 577 829
96 31 146 445
13 43 130 644
1 52 179 533
35 70 605 95
9 44 677 906
13 85 232 321
79 99 479 590
58 63 225 720
17 85 927 163
61 83 974 190
3 16 106 693
80 43 221 656
76 1 934 422
11 60 124 629
69 51 953 534
58 38 955 858
42 78 386 923
83 50 160 460
34 17 129 408
39 63 293 229
92 25 103 719
72 52 778 15
12 8 33 508
68 57 641 614
32 63 36 299
35 67 593 893
50 40 558 828
64 17 417 718
88 77 178 215
70 51 861 777
58 54 420 709
61 52 125 740
100 72 825 345
82 21 153 146
13 39 959 971
1 48 872 321
43 27 266 899
54 22 230 709
33 11 39 46
82 27 288 118
97 39 345 124
95 84 739 813
63 21 71 414
65 85 392 906
61 34 693 92
59 41 750 203
43 89 98 86
78 5 880 212
81 49 966 945
100 81 186 860
48 21 329 697
33 52 555 701
33 26 825 772
46 2 451 430
45 28 356 86
83 82 45 313
