100 1000
6 83 477 630
65 5 542 876
51 18 274 972
38 90 268 430
80 16 957 735
4 13 412 262
36 14 63 22
66 41 148 431
39 27 810 208
23 90 5 846
4 20 177 336
12 61 974 743
93 4 646 520
25 42 528 468
73 29 499 596
67 99 910 534
7 88 480 933
7 4 150 240
32 70 617 335
79 13 128 560
41 13 426 42
34 74 322 964
12 3 593 545
69 84 333 201
54 86 437 472
84 97 292 70
24 19 179 702
33 31 934 673
5 4 518 867
72 41 418 403
86 23 692 767
92 50 726 634
72 69 960 303
76 71 421 631
68 92 732 402
13 49 587 884
78 33 721 828
31 25 940 1
57 7 31 807
100 49 556 849
2 32 810 260
16 31 732 761
12 29 198 191
49 66 429 436
44 33 257 219
63 82 685 738
18 45 984 105
47 2 607 118
1 88 422 743
70 40 696 403
24 40 718 516
40 79 603 92
46 16 407 541
75 48 998 822
18 10 134 879
25 68 463 232
41 48 359 445
23 50 920 584
33 96 950 385
16 77 971 474
44 95 136 763
73 63 440 331
89 28 730 258
59 36 612 105
69 7 463 284
59 71 708 326
2 17 892 32
37 19 251 959
99 39 748 5
32 46 35 286
34 57 505 577
79 98 119 815
60 7 447 520
66 8 89 614
13 95 759 947
16 6 156 648
84 53 518 967
30 17 870 832
39 84 781 222
9 22 602 517
54 68 704 28
97 45 147 195
60 68 553 752
79 93 247 730
39 22 405 631
50 49 662 434
18 47 121 186
66 16 351 149
21 33 905 117
21 42 681 287
25 80 529 462
9 8 737 256
30 21 291 675
87 80 316 503
51 58 89 112
59 89 775 900
63 73 147 176
30 95 231 907
29 25 884 192
16 96 281 445
17 30 56 570
64 4 393 285
69 67 867 246
54 26 36 487
59 91 795 679
23 39 292 553
5 90 117 96
95 14 229 498
56 70 754 559
97 60 16 891
48 52 392 769
14 96 409 105
35 47 789 595
89 67 87 506
71 35 671 966
15 49 44 461
43 6 248 209
42 15 998 317
73 3 521 501
83 40 249 391
51 17 134 777
38 84 814 203
90 78 720 120
28 78 257 615
91 84 479 735
66 91 364 14
65 8 974 959
11 56 339 272
44 62 238 373
96 85 869 193
68 11 316 953
18 4 714 268
57 44 438 693
64 14 984 208
98 37 477 557
26 47 834 638
11 99 984 515
44 24 983 406
36 18 909 502
15 62 779 254
10 78 218 983
29 70 308 921
91 3 811 555
37 61 585 255
10 36 205 242
20 95 4 188
68 26 851 958
49 66 172 491
26 21 387 172
5 85 610 114
65 60 457 94
54 78 159 93
44 69 304 818
7 49 423 132
63 84 672 35
48 67 174 740
42 30 981 421
32 27 670 378
99 40 738 63
35 48 526 523
24 76 913 479
98 52 64 418
9 47 41 658
70 88 803 665
31 95 875 966
21 19 317 152
77 59 276 804
64 14 631 209
60 99 66 727
16 27 587 596
30 64 309 710
74 31 322 654
65 81 766 218
9 55 947 697
8 15 287 983
49 18 481 179
13 69 396 145
91 71 502 735
14 75 55 360
67 41 294 407
64 50 167 886
60 83 814 225
6 20 961 309
73 46 56 86
95 43 978 684
83 78 809 276
79 90 306 981
40 17 187 966
48 66 197 214
15 9 536 663
22 67 445 85
54 86 565 158
20 13 320 218
42 72 908 732
93 28 793 680
38 20 275 305
16 22 640 381
99 76 475 450
25 28 63 907
17 62 246 852
12 52 578 185
77 55 789 857
14 62 12 508
47 19 113 286
85 53 739 613
64 46 574 959
84 76 478 426
28 75 735 458
81 4 781 324
61 18 954 667
93 15 63 927
41 83 119 719
85 58 739 920
77 45 612 706
66 99 619 659
87 53 818 22
80 3 225 780
44 26 984 381
57 26 76 146
85 42 9 320
76 13 65 286
46 36 579 646
92 54 813 637
25 6 611 910
81 8 256 42
46 54 750 960
28 38 174 615
33 15 35 907
71 55 875 836
80 7 108 904
49 96 910 167
83 77 719 361
52 31 711 434
8 99 934 153
73 14 803 692
86 89 196 388
97 21 568 89
92 36 70 298
81 56 470 368
13 100 718 686
44 93 652 793
30 70 87 300
29 43 134 578
82 77 356 731
70 12 935 438
68 46 987 458
34 27 784 763
82 52 548 694
98 34 378 563
49 97 446 672
99 55 852 319
43 22 76 949
14 44 667 881
43 24 965 13
66 8 382 31
98 1 490 754
32 79 501 469
4 11 440 918
96 20 200 389
36 43 503 530
66 56 210 266
89 91 902 545
53 56 732 290
21 24 85 270
5 43 224 431
67 39 648 430
54 4 919 101
25 30 473 313
96 95 236 870
73 82 510 449
31 57 911 981
84 18 586 120
12 52 985 210
61 37 157 555
5 57 984 906
33 21 845 449
24 98 842 714
81 73 65 508
90 53 125 113
59 52 461 560
2 79 229 116
88 35 172 665
22 20 631 565
20 18 977 5
62 67 388 46
9 80 796 287
1 70 634 621
54 71 93 351
5 36 137 412
82 51 851 884
39 41 406 169
5 97 137 563
31 5 923 893
12 50 590 518
58 89 89 904
99 27 140 44
15 65 461 180
58 15 279 130
15 75 508 796
29 79 214 219
21 46 314 579
37 74 451 949
93 86 975 24
57 33 234 426
84 99 592 464
3 25 493 865
6 73 299 837
73 10 268 670
54 37 736 561
9 86 863 6
56 1 175 648
4 52 728 587
25 45 210 210
85 80 473 893
90 61 126 414
29 97 571 697
55 89 183 285
22 98 636 842
61 57 196 590
46 77 250 82
64 26 993 76
97 25 850 239
99 89 811 208
26 97 641 48
42 49 250 106
80 64 225 332
13 35 2 551
61 19 885 322
91 37 89 233
4 29 899 577
6 64 922 659
75 33 755 197
29 42 161 154
81 50 111 617
65 30 148 231
84 4 530 281
49 20 36 854
59 38 659 110
24 60 18 615
11 67 245 905
46 99 617 546
21 60 61 806
41 68 340 429
10 18 15 344
70 93 509 398
59 68 816 250
74 34 431 441
56 78 222 336
88 22 484 399
90 13 797 301
42 21 41 845
12 84 977 50
5 54 264 883
30 52 981 374
62 2 515 594
60 24 543 389
14 1 517 563
15 87 575 34
89 15 134 568
78 41 171 750
20 35 521 881
50 92 333 692
4 45 112 621
70 51 639 7
69 84 320 173
58 45 178 867
88 52 982 943
52 39 692 846
6 4 310 71
48 46 519 825
65 56 633 105
40 51 443 384
77 67 427 129
81 52 902 477
73 40 729 777
77 54 665 376
46 53 946 633
72 64 306 952
75 4 129 50
19 67 50 821
94 54 391 790
35 74 662 815
9 45 633 437
10 84 226 995
59 3 587 974
88 50 481 473
67 65 579 779
26 55 44 570
70 6 907 994
27 12 513 824
44 65 637 987
49 7 527 332
43 73 245 634
19 77 781 106
28 8 528 482
9 20 982 574
42 47 305 905
84 50 944 759
11 3 474 397
59 92 699 194
27 15 685 710
59 62 53 942
66 86 190 768
78 62 859 794
78 37 657 279
69 66 204 294
26 3 944 393
81 9 274 43
60 30 239 76
56 100 864 967
42 29 721 517
53 62 989 729
89 37 231 391
72 48 249 337
19 32 5 64
46 80 506 504
38 28 174 293
78 97 429 297
78 15 876 24
2 10 722 653
35 67 358 696
11 36 681 634
78 64 729 935
61 30 26 444
21 99 919 251
74 21 812 88
100 38 184 513
29 39 477 974
81 89 934 726
44 42 600 559
87 61 469 296
17 69 146 717
38 29 637 43
19 65 320 705
46 3 847 924
29 37 864 872
5 39 812 415
81 23 401 587
24 76 433 520
44 42 607 221
97 90 106 117
63 46 664 298
94 60 232 583
12 20 271 752
83 33 463 318
55 83 841 116
91 22 984 288
55 83 21 510
71 41 307 740
91 93 499 602
88 2 29 778
94 4 934 193
72 88 933 382
40 79 592 75
62 63 333 936
5 87 585 771
61 6 561 690
42 25 97 508
19 88 582 545
36 53 993 737
28 74 858 482
17 39 475 97
6 9 34 184
38 48 333 717
91 31 857 951
55 10 679 891
80 14 65 884
89 37 220 911
13 79 545 555
61 58 167 934
97 81 918 169
37 8 175 328
27 90 893 328
57 100 390 496
14 93 282 575
2 90 558 785
39 14 492 851
14 43 808 378
70 92 407 272
62 2 108 523
83 47 197 878
52 95 50 415
49 44 383 841
50 100 28 46
80 31 67 268
89 64 288 724
95 92 690 158
13 34 422 568
94 37 879 822
23 38 841 702
59 23 939 518
44 93 720 137
31 52 584 469
30 86 652 478
68 66 872 624
30 54 302 860
23 99 817 291
12 33 335 993
1 63 732 709
90 22 778 48
17 48 446 764
66 45 569 750
35 64 677 304
34 94 568 373
54 56 599 766
3 59 191 380
80 68 778 59
8 7 622 695
27 99 979 260
64 45 334 786
73 34 776 533
87 84 384 403
74 10 543 555
4 57 473 136
34 48 813 561
87 75 51 697
91 2 945 391
44 65 20 755
61 59 682 746
27 17 935 778
10 19 563 913
3 46 269 972
53 92 684 633
13 22 443 642
88 61 798 6
86 31 651 464
4 2 473 87
12 49 924 461
22 99 698 643
12 8 533 764
57 5 891 924
80 11 242 450
53 44 376 489
16 37 144 296
5 59 421 337
32 94 771 992
86 22 681 977
33 78 590 824
51 5 766 513
75 95 146 825
81 55 922 856
23 19 672 830
98 44 772 782
48 82 928 251
44 19 244 871
21 3 118 806
60 12 358 29
47 31 564 187
91 68 170 997
35 84 977 526
10 32 646 715
53 7 114 391
41 20 262 289
72 45 78 958
28 40 710 150
34 94 884 240
50 93 199 787
78 95 71 827
15 88 841 298
61 63 306 894
14 60 542 288
9 17 276 165
6 17 34 176
99 75 279 70
17 63 512 397
61 48 588 687
93 38 755 357
48 61 99 981
75 66 121 767
25 91 628 823
70 12 769 531
85 14 185 570
92 86 396 827
56 47 579 395
12 66 166 653
34 92 136 683
39 87 240 344
98 32 3 386
44 85 392 164
5 71 484 680
96 11 236 519
26 84 595 37
45 10 4 611
65 28 276 597
51 94 474 750
82 2 396 288
38 91 693 342
1 49 542 315
6 68 828 642
15 72 748 71
67 66 710 2
23 16 350 237
79 51 365 591
33 17 566 400
97 52 56 794
13 10 657 152
49 55 1000 534
62 82 880 154
78 37 633 11
99 38 48 209
36 67 492 698
57 93 54 131
84 20 512 962
46 66 911 304
32 59 376 43
37 35 481 423
1 68 621 653
29 2 895 399
91 96 291 642
59 13 759 249
26 7 592 708
86 70 582 718
45 68 256 872
49 2 769 419
68 86 897 582
82 77 760 443
70 62 516 910
10 7 828 140
39 57 492 289
35 70 571 192
17 22 113 904
59 7 298 31
43 51 625 60
89 46 617 517
88 33 854 713
79 17 470 522
61 58 188 908
27 80 606 56
31 74 486 909
39 11 706 600
91 70 886 924
44 20 126 672
55 3 396 261
26 30 526 419
8 69 253 684
58 73 347 508
15 22 838 189
28 99 939 725
35 79 284 413
51 40 128 91
64 90 682 26
7 57 194 751
18 84 502 906
23 61 105 954
17 85 443 972
52 37 52 58
3 75 736 557
15 38 801 321
87 67 452 36
95 70 926 929
77 7 681 724
26 96 405 696
48 99 127 836
37 18 871 267
76 34 362 18
38 77 713 606
87 47 840 216
36 93 182 649
70 53 94 771
12 51 411 126
4 26 772 761
15 84 561 499
60 96 963 904
32 26 3 583
98 36 41 999
94 25 517 194
92 86 418 778
79 94 642 452
72 78 212 24
13 68 853 873
55 40 742 595
91 99 223 12
69 9 494 87
36 93 683 339
91 56 575 965
39 78 311 403
76 61 762 178
22 88 533 271
69 36 623 841
24 94 202 169
20 45 980 575
3 59 826 265
87 20 748 262
10 63 187 198
61 34 724 574
73 62 95 259
22 14 756 642
58 39 339 92
69 71 720 740
77 34 844 436
85 28 859 325
18 74 150 793
55 37 343 308
18 13 963 808
53 10 269 479
8 24 226 334
45 99 346 176
40 35 962 650
33 67 350 80
28 97 785 970
54 28 169 347
81 97 236 623
7 19 996 216
12 35 148 805
18 87 360 776
28 4 331 515
31 2 665 763
67 7 910 612
20 3 621 871
90 86 929 426
19 13 920 156
69 20 164 741
49 2 477 733
21 45 971 352
63 47 68 984
29 33 912 631
71 19 46 549
11 73 627 145
90 69 733 19
47 4 864 334
86 36 482 964
38 75 985 411
70 11 665 575
11 65 34 520
77 1 443 509
88 30 543 2
3 41 489 985
96 62 443 585
54 82 741 44
13 10 389 839
19 86 943 221
77 46 670 779
16 7 804 645
32 76 87 853
54 90 646 592
26 29 225 702
25 1 643 99
1 93 592 180
41 76 445 774
44 41 886 147
43 2 317 805
21 22 59 115
93 15 564 908
90 98 711 605
18 55 672 71
91 67 516 190
77 74 604 545
2 1 485 808
3 88 143 335
76 43 85 504
53 69 447 531
37 54 119 670
100 69 188 961
11 75 662 74
99 96 757 869
32 76 604 834
17 70 483 443
13 71 465 614
82 43 506 83
47 61 919 383
51 18 388 94
15 54 247 437
79 11 100 616
94 34 42 577
48 2 377 821
70 29 931 418
39 87 38 301
76 51 422 859
51 29 326 79
91 22 663 135
49 91 593 487
79 51 346 614
54 72 30 180
12 56 790 934
1 91 695 449
62 97 287 902
96 9 379 855
15 72 305 476
82 21 180 902
68 13 842 518
11 91 228 610
7 4 330 138
95 29 439 403
29 55 383 200
93 97 170 807
5 3 824 629
86 48 532 494
5 34 861 425
83 21 671 770
8 43 756 359
97 98 755 620
7 20 723 468
66 44 835 851
2 10 319 770
19 93 926 598
63 7 108 731
48 21 292 254
68 47 887 82
93 71 56 850
98 6 760 515
17 16 176 45
76 12 662 877
12 15 648 678
35 38 132 103
12 62 744 258
62 40 156 464
89 37 656 776
41 18 326 676
100 30 70 853
46 18 730 318
54 96 923 583
1 61 262 481
81 61 859 735
66 72 846 299
54 30 833 392
11 74 549 843
48 55 299 166
28 74 82 666
95 81 820 322
54 71 57 265
45 27 912 790
81 26 42 411
74 10 411 257
30 48 723 419
79 89 441 210
80 14 886 923
46 18 210 74
57 70 189 711
11 35 986 537
8 88 865 29
93 35 671 137
70 14 14 117
52 65 636 858
25 33 721 161
81 11 904 733
70 9 445 46
92 81 173 634
15 40 295 77
53 42 513 683
52 25 865 789
59 54 286 190
11 4 635 157
89 9 819 347
30 92 259 650
46 44 977 989
57 5 393 979
88 44 248 256
60 40 986 782
1 34 687 72
48 30 703 443
79 73 537 970
89 95 410 104
11 77 985 304
89 12 459 602
43 89 108 630
16 71 709 360
14 84 627 938
53 42 711 432
8 68 228 471
18 96 700 683
57 45 720 359
36 89 813 857
99 60 376 285
14 28 589 761
50 35 810 44
60 74 809 37
12 82 938 199
4 89 862 149
46 53 63 589
81 44 802 115
74 12 886 812
21 11 499 718
29 61 622 78
25 76 552 651
59 44 562 854
35 10 344 479
41 22 927 747
76 82 43 184
10 39 725 153
77 64 150 405
88 13 37 497
14 47 111 362
74 4 960 637
61 10 388 644
67 58 78 646
39 46 725 324
46 89 808 645
1 18 93 800
15 70 690 644
29 1 565 581
41 21 59 478
68 58 205 431
61 55 342 29
40 85 715 393
19 68 755 701
79 80 593 133
48 95 634 859
84 50 949 818
95 98 191 950
80 25 689 355
73 89 390 798
89 30 945 897
75 62 815 153
4 45 9 813
46 27 710 288
83 61 592 28
10 98 420 244
24 60 227 286
11 9 855 458
59 21 308 962
38 68 729 807
41 47 231 376
37 84 72 815
7 69 441 701
53 37 644 439
82 2 89 332
61 32 450 848
25 28 184 547
69 90 160 760
35 72 917 29
45 3 439 102
31 64 581 473
77 65 946 349
7 12 780 652
2 80 336 935
85 37 323 250
25 92 338 98
55 19 273 352
49 81 427 314
6 8 857 870
1 5 469 929
60 29 256 335
57 93 550 564
83 98 171 341
89 15 265 62
30 25 202 971
90 84 495 621
45 61 807 38
80 88 718 513
94 32 814 140
30 15 823 22
7 44 477 755
75 71 551 243
78 74 371 485
4 95 529 520
93 54 543 625
4 13 727 815
10 99 516 302
51 5 48 437
83 1 840 578
45 85 824 895
15 34 127 284
30 13 318 601
88 93 32 280
22 40 747 156
3 1 768 520
96 19 75 84
16 4 571 445
36 12 814 54
29 17 296 55
15 53 280 824
26 61 462 315
2 17 463 17
67 6 322 519
53 5 861 173
19 8 27 931
50 39 185 986
57 35 484 956
100 79 388 206
51 28 56 260
52 49 658 5
87 9 451 566
51 79 676 23
37 70 180 537
35 63 631 806
9 21 796 525
20 45 432 37
93 94 823 725
8 32 494 521
37 8 439 325
94 97 296 813
51 13 358 301
85 73 213 884
81 2 321 520
15 13 735 630
9 39 746 131
13 59 901 229
79 90 28 468
15 6 508 633
71 4 189 344
42 54 482 468
60 21 748 223
49 81 169 129
83 52 744 869
12 74 822 638
40 22 118 976
77 11 213 773
72 52 453 251
49 1 671 470
55 79 994 943
