100 1000
19 6 258 58
97 61 393 990
77 35 178 801
3 2 465 817
21 29 172 330
64 45 946 688
56 95 929 841
47 54 351 546
8 34 932 270
42 76 615 237
56 28 84 644
81 24 751 554
67 5 969 362
25 73 499 437
94 7 117 881
26 46 739 57
14 49 570 161
55 48 879 491
40 76 681 135
54 71 408 236
32 61 638 37
14 55 41 7
65 2 673 493
69 31 133 905
56 22 720 795
91 30 649 792
76 44 797 144
59 33 154 110
50 54 152 205
65 7 272 401
48 1 275 790
33 99 461 834
60 41 250 839
98 38 414 535
82 94 329 941
80 52 297 414
48 87 66 700
32 54 306 436
41 67 25 537
71 52 765 990
58 29 260 553
26 97 796 6
67 34 436 508
27 98 73 642
30 11 533 477
40 14 401 164
36 90 807 984
18 79 52 835
68 9 97 581
50 40 589 884
92 13 108 468
17 1 728 321
87 74 136 695
34 4 875 541
15 3 716 777
55 93 322 247
68 24 239 24
50 23 56 389
57 18 883 776
83 21 699 416
59 21 11 451
58 74 240 130
37 91 781 970
62 81 311 1000
63 92 432 822
91 27 490 883
67 75 55 981
17 90 252 364
12 91 593 84
22 78 168 86
97 22 240 302
73 88 201 29
27 2 811 364
76 72 396 168
89 31 37 543
24 21 731 133
17 51 715 81
94 5 994 280
7 97 137 420
64 77 950 712
57 29 965 972
36 90 628 326
85 83 89 703
56 27 437 666
17 81 388 345
28 16 689 701
84 9 894 995
33 55 80 712
39 41 879 995
46 38 652 614
90 23 584 3
35 57 391 218
63 79 625 320
82 14 67 28
34 8 894 629
21 99 561 562
4 31 131 772
90 33 70 908
48 6 421 953
100 60 346 792
97 22 420 497
79 75 521 877
73 5 464 638
53 13 172 953
59 43 2 700
15 3 393 851
80 63 496 874
34 72 816 146
25 38 72 990
12 5 396 203
14 100 818 854
42 29 25 130
8 76 475 41
3 24 810 379
35 22 566 302
36 85 149 767
71 15 439 754
79 13 870 442
81 57 15 485
8 53 782 797
86 66 974 170
8 2 167 940
4 93 830 726
51 69 102 695
95 71 39 251
92 25 53 778
31 72 957 292
22 39 856 91
23 51 374 428
34 91 172 948
7 82 501 852
64 33 829 148
25 61 883 489
88 58 562 215
70 66 848 436
35 39 482 694
20 15 234 601
63 38 666 703
44 60 326 697
12 23 174 356
87 29 627 50
57 12 122 230
74 64 801 819
28 44 966 973
43 67 667 562
52 60 853 109
22 57 353 952
28 52 660 50
13 5 828 575
70 80 147 173
59 37 435 558
41 54 234 376
68 10 403 746
95 3 791 526
29 65 49 817
45 47 806 309
94 67 782 540
89 63 303 954
36 68 389 451
54 58 920 197
8 97 454 964
69 46 681 889
75 4 118 859
13 63 538 206
71 68 772 372
78 52 763 792
10 16 242 813
43 53 64 342
39 56 347 858
44 83 807 565
47 55 389 455
7 3 31 595
27 48 659 368
60 35 320 724
17 14 462 959
74 88 526 471
12 75 112 488
17 57 196 398
12 8 314 584
4 23 450 295
32 84 529 667
12 90 529 260
10 14 968 938
30 17 717 448
55 82 600 115
67 37 453 52
34 85 651 926
85 16 376 510
99 84 863 441
97 99 501 733
73 62 558 77
54 30 61 262
73 78 478 389
49 82 898 124
64 37 555 759
9 4 717 1
26 63 970 926
78 2 378 840
51 87 634 50
4 87 443 896
37 41 922 678
31 58 238 650
12 75 504 103
82 4 924 806
53 76 837 333
11 21 349 176
65 93 897 373
45 22 321 464
94 100 71 980
63 39 638 243
33 96 618 66
82 62 379 132
10 4 561 309
34 6 147 991
40 9 170 136
90 37 216 424
48 1 652 571
83 2 470 578
66 64 932 35
46 87 709 298
20 15 885 788
69 28 152 58
91 12 562 604
79 62 936 646
21 3 143 488
89 99 330 374
23 67 228 858
50 86 655 811
23 7 405 692
100 70 357 89
97 76 266 851
30 66 805 878
70 85 795 561
67 9 686 247
82 48 533 163
85 51 401 637
98 93 411 699
46 29 210 458
69 26 312 926
69 54 653 762
86 71 754 34
12 53 744 448
19 15 370 357
27 82 857 412
5 23 382 943
41 6 168 261
3 55 315 983
83 45 65 874
33 21 366 794
18 9 311 624
100 43 754 81
10 80 822 117
21 23 908 606
31 69 690 454
5 25 189 717
18 99 227 918
66 35 431 838
12 45 195 88
24 22 284 429
46 68 777 815
75 6 872 198
57 63 533 861
95 64 242 625
31 52 164 407
45 78 197 197
45 28 209 100
27 90 385 981
35 16 392 146
28 19 837 941
37 93 671 56
29 89 399 495
52 2 909 789
82 14 605 994
100 47 702 666
30 19 945 519
66 41 884 448
46 50 158 527
32 21 705 254
26 91 581 611
1 88 44 366
36 51 94 282
40 72 984 76
48 27 301 505
9 38 21 285
63 2 255 33
26 11 212 485
61 41 259 139
1 22 934 435
19 45 223 709
30 14 505 415
52 11 193 761
13 57 781 545
29 81 574 833
43 16 589 575
8 43 288 808
62 35 448 557
30 17 960 108
10 31 733 342
52 65 307 496
9 44 258 973
31 50 173 661
56 33 89 72
24 29 927 236
6 77 522 321
50 43 904 471
6 92 534 794
26 34 683 61
14 34 863 414
29 47 265 776
36 53 69 504
72 73 286 860
98 83 207 562
3 43 983 299
61 21 865 6
49 61 602 15
70 18 982 881
94 17 707 624
47 49 427 248
74 53 341 941
79 73 605 788
18 61 166 890
79 22 856 821
1 84 867 110
28 26 871 849
53 37 520 811
42 20 639 949
83 71 302 803
51 12 79 762
33 39 895 417
46 15 465 61
28 10 565 308
35 83 411 344
33 27 673 455
84 26 742 281
93 86 779 798
83 7 101 604
64 17 548 732
7 78 469 780
89 53 880 742
12 52 887 105
39 3 696 737
4 3 643 394
100 67 416 182
100 39 734 441
79 48 935 631
40 86 501 619
27 16 500 969
83 8 687 547
83 38 49 341
74 10 176 832
29 80 516 894
8 81 175 682
69 9 128 533
80 61 791 776
15 18 674 26
2 93 520 6
83 55 620 176
42 26 946 292
69 56 323 629
60 19 615 833
60 74 773 651
62 53 511 335
16 90 181 436
6 85 75 426
68 16 126 297
32 36 703 177
13 72 769 405
1 5 792 85
83 40 587 368
89 11 474 37
3 50 946 147
71 96 865 173
56 75 273 643
45 46 951 751
60 74 932 516
32 78 435 975
50 43 681 217
71 61 152 151
100 72 782 321
36 51 311 714
42 9 994 428
24 2 763 593
98 80 861 751
44 40 324 30
81 93 840 501
82 17 876 962
44 40 152 775
86 10 671 569
32 56 634 284
75 67 182 236
42 6 695 359
51 61 902 686
93 81 594 661
94 1 515 885
55 11 979 642
53 16 620 847
71 2 889 317
13 73 590 73
19 74 216 732
98 82 150 631
82 54 341 729
72 52 743 601
34 20 722 979
88 43 252 492
65 55 547 47
42 5 596 314
74 31 914 475
86 37 987 159
63 78 555 414
33 12 230 444
5 72 565 559
48 98 84 22
30 29 608 706
6 4 789 13
55 2 153 714
62 63 472 7
4 82 359 768
88 42 254 937
55 54 569 456
64 32 286 665
85 50 181 258
10 2 333 37
22 40 116 57
37 94 115 21
55 62 532 809
80 6 246 290
63 35 506 677
52 81 243 128
36 41 789 607
83 67 641 107
1 47 744 516
51 52 875 328
56 35 487 738
92 14 889 802
68 4 542 485
33 64 164 963
50 18 481 54
46 56 504 199
31 58 897 975
47 25 723 205
100 83 611 5
37 19 551 27
72 60 840 543
83 19 673 103
42 36 982 408
5 1 661 361
39 38 546 707
5 96 489 43
9 62 529 622
44 23 216 873
26 44 692 243
69 85 318 461
84 78 846 283
99 17 315 330
27 19 208 732
18 9 653 84
64 82 936 80
51 49 1000 112
66 3 193 892
100 69 454 817
49 76 369 757
93 97 297 626
68 55 336 590
95 92 572 800
94 9 754 205
69 38 801 596
53 22 849 323
27 24 320 856
73 51 388 789
3 72 964 242
10 87 409 618
78 49 369 326
14 45 232 519
74 80 492 235
22 56 185 130
29 55 39 428
76 41 267 307
32 61 490 861
21 32 39 856
87 99 306 831
67 29 444 888
42 93 663 20
56 73 204 443
49 21 826 607
22 37 337 963
14 12 580 493
67 11 397 418
75 70 252 246
10 68 822 582
94 22 683 595
23 20 898 559
62 9 239 311
16 6 207 586
67 4 563 224
27 13 856 129
88 24 975 31
53 7 143 597
63 15 462 294
56 20 666 937
88 53 991 415
98 31 26 251
61 63 683 183
24 26 91 898
86 93 393 198
28 69 379 169
85 40 18 194
74 87 809 372
96 9 146 395
10 51 61 737
85 39 106 508
67 85 568 266
29 18 660 489
9 97 85 818
56 54 150 884
21 11 652 543
2 31 674 267
90 95 644 153
80 75 632 277
66 38 122 102
43 33 888 983
42 82 833 926
57 64 343 939
92 19 23 131
77 17 588 112
98 68 690 619
66 54 940 833
51 33 316 302
41 29 15 860
91 78 171 979
32 56 685 796
81 13 176 926
88 79 235 648
87 54 43 130
21 32 215 398
22 77 213 189
79 39 617 323
58 97 928 491
97 74 156 396
10 9 722 905
91 23 122 817
5 65 574 987
71 33 356 361
21 45 90 695
82 44 710 873
15 56 693 99
14 22 346 44
3 50 824 531
70 54 115 53
95 23 509 233
91 34 260 177
27 98 470 695
31 16 315 8
31 56 802 464
65 11 418 148
36 15 344 438
59 19 594 62
5 2 131 855
19 34 569 7
42 57 739 346
24 99 976 204
98 10 681 68
30 19 731 376
58 4 207 956
41 38 654 167
92 79 377 273
25 94 429 860
79 70 65 282
38 21 52 243
23 95 477 953
65 41 646 839
75 71 783 902
37 16 991 906
49 89 263 189
82 91 317 498
90 13 116 425
4 98 806 833
86 99 280 948
36 77 771 26
93 57 677 952
97 67 812 211
94 79 413 429
15 62 146 516
97 78 944 196
29 42 104 668
60 65 537 968
79 16 205 290
5 50 599 848
14 48 665 703
99 84 931 399
30 47 403 441
25 28 216 233
33 73 951 648
36 29 3 832
32 34 667 952
10 34 19 939
100 23 331 983
98 7 656 602
96 76 893 140
99 21 892 223
49 43 158 5
57 44 575 960
31 21 797 485
77 84 17 747
11 8 180 447
18 4 808 650
15 54 993 401
79 100 573 299
77 14 256 369
10 35 84 502
26 10 492 813
26 76 811 550
84 92 799 968
49 45 178 603
74 33 809 174
56 37 89 716
52 54 473 312
85 34 726 245
50 100 672 773
49 63 577 594
32 38 484 55
76 96 685 304
72 28 105 783
78 71 64 477
54 7 549 938
4 30 869 44
42 100 802 829
63 56 819 39
78 1 98 501
68 14 689 315
81 10 101 810
36 99 429 777
94 40 452 696
39 33 249 79
100 68 913 631
24 50 162 420
44 75 179 198
69 13 862 628
90 1 948 358
7 84 322 875
32 74 676 754
51 43 506 340
53 60 857 370
42 36 924 181
47 4 314 357
63 11 269 143
60 56 787 356
74 29 107 332
93 83 661 982
85 41 783 621
3 63 49 340
11 53 679 986
67 81 865 146
68 39 526 551
13 45 350 321
10 26 268 746
74 4 751 690
8 87 670 877
34 55 2 841
66 60 989 366
49 35 243 36
36 92 357 97
84 53 529 318
40 82 944 722
13 58 42 119
20 87 6 571
88 72 637 588
82 21 366 207
99 41 649 788
71 8 38 610
13 51 138 440
15 49 287 367
68 77 677 209
45 70 638 217
27 9 549 249
98 77 646 513
77 92 213 315
71 7 217 939
100 54 838 925
30 90 43 587
50 96 441 721
33 11 176 576
93 16 266 429
83 55 561 158
86 15 930 738
93 23 700 651
93 1 42 623
55 62 395 127
83 5 21 542
93 30 538 319
99 83 829 550
15 44 693 782
70 34 765 785
44 41 473 126
13 57 230 490
36 11 205 357
78 63 475 463
79 83 111 26
93 97 283 315
6 55 506 402
53 43 373 851
19 25 994 136
44 50 281 480
67 42 669 666
44 65 647 971
3 62 758 56
38 84 908 252
93 7 103 472
31 8 315 19
18 77 85 164
2 1 141 141
21 70 683 465
55 43 990 934
8 11 101 119
81 43 758 546
20 17 347 44
62 16 72 74
3 62 529 88
85 11 31 942
19 61 667 67
46 17 152 777
19 33 750 569
81 60 966 832
47 53 865 464
98 95 617 811
89 92 541 129
93 31 169 600
21 24 238 524
86 5 332 509
76 26 840 343
44 87 391 232
75 16 648 31
34 2 651 798
83 79 486 524
94 51 438 489
76 6 635 497
37 86 319 236
97 88 188 470
72 35 978 95
56 51 503 363
70 44 155 549
67 95 576 276
76 87 140 629
75 16 320 891
18 49 249 378
96 38 259 215
29 7 707 918
9 62 505 791
34 71 192 134
34 28 527 872
92 16 996 31
64 49 214 563
16 61 783 585
38 16 269 337
60 53 299 448
63 52 427 250
61 2 152 911
54 89 307 767
25 7 764 930
98 34 438 540
83 53 372 602
88 85 119 769
6 71 236 30
54 5 763 500
57 62 637 436
77 55 597 650
88 4 429 324
93 20 858 164
75 85 693 381
25 19 351 814
85 8 493 617
32 78 555 683
16 92 777 283
58 30 355 358
17 19 96 824
36 90 855 641
64 85 362 653
94 69 609 165
64 72 450 378
81 22 243 364
99 65 100 430
81 1 829 924
15 17 737 378
40 63 312 28
75 59 618 242
26 56 430 189
5 23 444 685
67 70 50 242
61 11 162 240
60 86 968 348
22 83 822 219
17 48 19 552
17 69 960 537
90 64 976 159
78 43 656 501
92 87 52 598
4 13 603 821
32 23 804 507
6 15 346 737
65 8 950 880
34 82 786 696
56 95 717 159
53 46 318 956
50 79 848 986
37 79 624 240
75 4 451 524
77 37 756 250
57 75 592 646
98 73 289 244
98 74 567 975
84 92 240 574
92 8 119 223
95 73 96 453
60 72 974 334
98 73 436 653
29 61 942 94
87 4 841 676
71 14 558 727
73 94 921 186
66 17 148 568
69 12 696 324
76 58 236 101
62 72 724 343
48 95 913 988
74 67 594 449
70 87 354 539
76 34 433 907
46 18 558 925
85 88 791 961
64 18 623 329
45 94 115 125
73 16 198 418
66 11 606 90
78 57 215 60
69 50 116 433
64 34 56 720
75 46 487 289
50 84 579 937
22 98 449 714
74 40 976 509
68 27 919 970
96 70 340 581
83 76 741 896
49 72 237 115
46 8 850 126
28 3 111 292
48 68 542 258
79 14 241 887
26 62 115 315
47 51 301 43
39 54 539 615
23 45 270 887
4 53 652 928
6 27 309 811
56 83 108 188
55 44 526 324
80 39 792 309
54 96 524 465
82 49 613 404
8 6 380 42
30 70 824 29
94 72 39 486
11 1 117 371
77 23 748 270
68 72 439 568
72 83 37 747
60 12 964 26
44 68 937 246
35 65 855 986
36 8 781 373
97 81 727 39
12 18 471 166
59 23 932 680
47 59 663 942
26 33 435 507
80 9 2 731
58 9 809 199
59 92 27 253
22 2 760 806
55 36 613 526
13 15 886 480
57 89 344 531
85 89 279 561
60 99 924 257
48 61 801 140
96 33 516 529
44 64 634 756
21 23 552 422
69 70 891 953
93 71 813 614
94 39 26 90
30 45 62 128
13 62 539 537
8 17 33 693
24 58 901 280
97 70 784 621
96 45 242 811
40 43 435 864
14 93 321 984
18 32 421 213
98 93 640 136
26 8 856 509
38 27 309 502
86 57 417 776
12 75 463 634
34 15 364 568
67 92 306 306
67 51 105 341
78 84 66 154
54 44 391 265
63 42 54 805
99 78 278 571
20 45 38 777
51 40 999 359
69 29 377 235
70 63 21 883
40 10 705 806
76 12 122 731
34 43 225 823
53 87 868 470
17 31 26 596
30 31 466 437
63 91 131 757
53 83 15 831
11 27 951 734
51 13 702 888
1 93 637 592
57 41 395 91
52 16 650 95
58 55 138 91
100 24 702 147
44 10 17 607
26 65 374 745
94 45 1000 103
85 23 846 248
5 61 320 789
65 8 97 916
88 98 528 90
20 24 520 766
54 71 259 712
44 87 949 437
54 91 146 139
41 79 395 303
95 3 796 353
89 90 389 431
14 70 294 888
43 22 807 663
91 90 308 946
4 2 436 809
60 58 520 654
75 93 400 137
75 65 68 3
54 35 723 541
23 40 367 617
20 44 296 919
48 5 68 799
58 95 764 136
80 50 646 838
26 6 521 213
80 62 853 513
25 1 385 418
84 17 961 204
70 89 47 86
29 63 195 324
89 32 408 452
16 41 525 498
83 11 570 619
53 61 677 288
42 11 724 652
56 21 542 419
35 24 551 570
99 12 956 362
32 19 707 829
90 21 725 548
21 92 525 173
66 20 460 476
30 8 540 166
42 95 184 336
6 42 954 138
64 84 510 876
51 21 506 444
15 38 196 216
66 55 836 242
14 40 506 867
61 40 17 884
89 51 110 360
39 51 428 25
84 3 873 98
31 27 143 360
21 54 905 305
37 94 262 11
49 19 475 272
18 96 470 402
87 59 654 661
71 37 876 148
46 12 782 956
88 10 102 180
47 35 888 878
73 2 315 550
48 84 393 348
23 48 619 68
