100 1000
49 76 65 560
60 8 368 659
86 91 350 267
91 30 893 641
13 12 560 223
13 40 784 872
18 46 864 221
10 29 361 21
5 93 247 956
92 31 513 561
89 77 821 465
42 90 605 604
46 21 473 430
21 52 190 343
67 14 913 357
91 61 866 567
1 2 206 490
57 20 413 944
90 43 828 887
87 64 158 739
19 4 138 533
88 51 264 258
79 26 429 752
27 35 169 118
17 5 336 649
96 76 832 385
54 84 132 223
76 90 924 301
4 32 487 935
61 49 362 57
48 92 908 574
17 70 759 507
58 64 59 844
80 77 368 492
9 54 717 934
40 34 30 388
88 52 556 165
25 6 917 292
84 49 421 169
44 73 323 396
18 61 817 532
3 2 418 739
10 61 189 619
69 8 562 338
76 63 549 345
11 25 565 342
6 62 246 669
61 16 998 299
19 44 97 796
39 27 917 477
64 42 836 7
91 38 89 706
70 5 563 839
74 48 468 290
47 92 269 332
51 6 910 767
79 57 370 476
61 58 23 51
70 59 851 744
87 62 608 99
76 56 393 102
66 23 857 846
99 27 191 860
8 90 858 441
35 51 246 316
59 33 426 480
15 2 932 2
35 77 45 75
64 31 740 331
53 78 442 585
34 6 757 223
28 67 89 42
67 55 173 293
29 10 389 933
21 4 509 641
81 22 814 882
1 50 282 521
30 28 800 216
90 22 391 211
47 15 300 794
33 61 371 57
97 3 192 173
49 16 16 685
6 88 31 800
24 7 285 277
94 66 24 581
22 19 747 654
94 82 933 657
99 68 844 413
28 7 635 139
36 7 550 161
22 52 593 603
48 6 851 692
97 19 643 566
34 21 752 795
100 75 812 398
59 51 269 636
33 41 621 193
98 17 253 74
98 55 427 596
84 96 945 189
21 85 748 392
72 89 885 836
64 33 822 547
93 45 530 378
34 13 453 831
92 8 732 769
39 40 53 594
25 26 585 380
24 83 905 142
69 7 904 753
12 61 835 83
5 42 615 418
7 17 778 613
78 16 836 69
1 68 321 521
91 21 747 991
49 91 654 41
51 33 172 365
82 28 302 403
41 89 246 467
76 25 93 742
13 7 6 700
21 24 947 583
61 59 241 403
77 48 392 500
34 42 532 119
65 57 504 921
60 98 848 211
47 45 139 52
57 79 371 234
42 51 467 613
90 77 974 563
15 47 929 518
35 24 891 116
54 39 65 822
68 99 56 794
56 93 194 833
36 54 864 86
51 30 990 578
78 15 666 380
43 16 206 540
96 50 70 308
76 31 850 891
70 6 913 848
54 75 279 542
87 7 779 120
90 61 304 985
87 96 794 849
64 92 448 408
94 57 990 206
9 22 475 952
2 1 312 613
40 53 360 901
90 55 698 297
71 84 252 74
44 74 872 388
58 91 562 901
75 10 473 194
87 48 634 609
68 66 694 175
30 72 991 707
40 38 473 564
86 54 85 925
68 62 584 503
19 94 1000 488
98 69 382 829
96 82 737 11
16 51 37 825
69 74 771 65
77 66 252 418
50 85 609 298
50 4 323 160
95 87 233 553
81 49 623 642
93 35 771 986
61 45 207 159
16 21 662 900
36 72 405 189
65 89 937 412
94 74 499 596
76 53 187 756
55 51 30 304
54 87 705 254
39 5 120 92
3 14 531 200
81 45 630 248
82 49 518 928
35 76 767 320
85 46 809 199
97 46 603 995
24 14 183 72
16 68 184 408
95 68 234 733
41 86 980 126
99 60 622 903
93 97 709 259
23 97 437 350
44 91 995 533
23 11 103 641
31 2 77 953
100 57 941 587
35 86 919 86
98 78 579 495
22 34 140 398
46 69 493 299
96 34 879 780
91 17 71 948
7 1 809 173
97 56 883 487
47 13 169 961
82 64 56 215
72 9 767 213
64 77 875 191
10 34 945 498
21 84 577 201
95 12 674 655
4 38 705 973
24 90 740 196
77 40 755 920
73 51 792 102
43 29 624 449
20 95 266 951
49 30 870 758
40 42 439 420
85 37 365 795
14 2 644 251
9 37 401 827
15 87 288 841
70 22 158 2
5 19 221 18
88 45 65 724
93 8 333 729
35 70 676 914
46 22 762 775
35 4 370 726
74 35 754 71
75 96 320 773
88 49 339 933
59 23 75 881
54 87 706 156
5 4 187 998
15 20 565 47
61 41 418 713
40 50 52 206
74 90 54 370
69 68 927 335
4 2 454 237
3 8 986 780
50 34 407 432
86 83 367 561
57 76 509 396
48 42 689 81
89 46 122 452
35 19 266 544
51 94 390 358
19 10 776 666
72 23 477 59
26 70 854 534
3 67 884 493
1 27 483 875
72 50 929 138
84 55 130 823
29 79 685 106
73 6 299 722
42 8 841 334
22 64 611 940
37 88 211 749
95 58 73 904
1 53 194 190
84 20 44 771
100 19 530 128
62 12 122 533
74 24 189 77
7 57 6 966
28 8 673 562
62 100 16 553
63 48 872 642
39 36 373 649
2 27 989 486
52 15 961 495
49 88 761 566
22 74 306 256
18 71 291 890
86 19 646 674
80 69 630 10
48 55 116 273
79 69 869 160
40 76 152 765
16 37 579 741
30 83 701 418
91 32 28 123
82 14 34 691
84 74 204 418
45 89 124 317
47 33 497 308
92 66 155 411
12 9 117 525
97 16 208 789
61 39 948 564
54 9 13 927
45 19 479 327
86 82 268 979
9 40 984 38
64 84 62 913
72 32 188 646
56 89 582 839
69 79 376 151
6 71 895 222
34 70 174 436
53 75 849 438
16 70 725 948
10 88 580 41
61 67 680 283
18 64 566 724
16 82 368 467
49 90 702 756
21 34 820 605
12 16 998 458
70 25 475 622
63 55 719 866
19 82 640 11
47 1 447 215
48 35 122 692
22 85 107 82
74 57 577 7
22 90 731 14
67 85 471 909
37 36 509 326
62 60 581 123
53 36 606 295
12 33 988 47
85 45 619 321
45 14 556 52
94 13 350 889
53 30 825 24
66 91 627 854
30 55 906 178
24 46 529 445
41 90 86 645
39 91 447 576
45 62 828 924
65 78 584 569
39 31 255 734
44 25 216 280
51 87 639 218
10 43 842 740
85 23 232 929
47 13 370 998
56 50 234 511
19 12 699 694
45 4 444 911
68 4 328 85
26 29 941 258
96 67 289 204
82 61 879 296
81 92 424 384
75 81 760 898
41 85 391 763
4 34 276 36
27 76 972 336
45 94 724 786
47 83 499 684
17 95 945 268
49 50 392 887
4 63 478 230
24 15 806 437
59 71 342 752
54 80 862 885
14 38 286 127
70 28 310 182
32 39 236 226
84 18 326 589
29 84 441 159
91 78 669 781
61 41 826 455
27 40 345 372
9 45 749 888
80 97 858 57
66 62 346 324
52 37 25 573
97 26 959 281
89 8 247 714
15 58 8 43
76 62 351 635
28 21 906 785
17 56 760 265
60 29 276 780
54 71 584 142
58 93 266 167
45 11 877 289
5 14 89 431
26 58 303 404
62 66 914 410
88 34 316 232
62 30 331 155
69 25 8 849
60 71 149 621
11 90 588 413
82 47 625 201
97 10 924 949
44 58 127 528
7 42 956 391
1 53 181 297
51 11 638 1000
28 16 955 383
1 20 816 235
57 43 160 228
63 16 673 906
93 57 533 281
5 28 632 204
95 28 214 504
100 44 486 29
75 97 724 528
55 38 918 400
9 48 324 143
31 83 456 380
4 77 240 787
50 29 597 8
69 84 425 498
16 99 246 250
2 1 37 663
21 59 172 191
64 77 528 849
95 69 13 694
15 90 548 704
50 7 108 977
53 3 617 125
11 60 135 885
26 70 396 614
39 86 551 880
24 57 310 664
23 99 656 188
44 86 156 322
66 4 132 407
25 45 809 811
21 27 757 705
58 42 261 492
83 40 20 800
48 8 795 661
41 20 497 621
93 36 551 632
67 46 518 122
19 91 954 294
84 73 129 266
24 47 355 708
53 75 190 439
12 1 97 785
81 30 343 823
47 82 36 864
15 20 204 50
51 61 529 964
55 33 623 182
96 44 95 541
34 76 662 493
80 88 239 696
85 81 904 356
89 26 367 917
89 92 838 588
16 92 304 895
98 2 801 201
11 37 299 816
33 72 69 45
79 81 496 844
31 15 204 19
83 17 860 588
62 92 33 444
80 68 108 768
81 88 588 358
9 40 879 682
92 59 339 819
29 26 844 424
66 46 18 503
1 14 319 50
99 9 962 550
41 19 269 934
26 23 737 659
31 1 705 869
16 13 74 694
8 23 486 556
96 82 897 663
61 45 260 961
13 44 249 219
1 82 590 397
52 12 446 126
72 96 661 345
83 14 757 403
77 25 320 208
31 56 933 165
75 24 270 951
32 2 504 992
81 86 89 335
93 100 163 158
27 38 539 507
39 18 249 234
89 94 366 148
58 97 794 483
69 91 309 841
95 71 229 754
68 82 477 215
50 45 250 174
34 94 812 78
53 35 174 611
74 72 378 914
61 32 775 733
29 77 614 194
61 54 967 831
18 55 753 933
13 63 93 420
75 53 228 588
17 27 697 614
23 81 845 843
84 11 510 146
65 93 847 144
18 67 96 479
74 43 83 454
88 18 107 256
32 23 278 898
33 4 482 476
17 98 758 964
32 7 731 25
89 80 303 208
99 81 702 857
47 62 722 496
77 37 134 207
79 25 573 263
72 2 707 393
27 81 916 218
29 53 460 804
14 15 67 67
37 100 758 72
17 88 876 308
77 23 702 392
80 45 385 874
49 21 154 820
43 3 669 520
81 80 893 221
78 53 690 376
90 9 344 992
52 12 264 951
22 7 605 400
5 49 426 691
5 91 921 875
65 90 192 233
12 71 438 356
85 50 29 952
54 79 989 189
77 7 799 644
83 30 259 73
57 54 3 64
13 57 199 808
29 20 604 151
27 34 505 969
41 5 968 969
12 11 156 194
46 40 961 45
36 49 537 514
74 26 768 317
65 82 917 800
75 3 488 68
25 46 625 107
76 70 230 248
51 57 174 826
37 16 868 399
15 95 13 13
42 72 873 586
35 70 39 654
24 27 351 803
65 13 15 281
4 43 590 823
4 3 666 105
3 89 471 712
46 34 208 105
44 9 330 272
76 68 174 405
67 15 804 595
88 45 849 193
5 23 647 240
82 42 639 249
80 63 256 744
44 63 38 334
3 86 846 527
55 8 927 610
87 41 642 994
35 82 296 567
98 40 834 1000
92 18 473 761
79 38 638 927
93 69 78 917
11 5 895 887
51 46 127 392
81 4 401 45
91 85 368 841
84 49 713 963
47 5 16 546
25 11 590 915
81 90 846 48
92 16 986 333
97 12 56 873
61 60 250 359
65 93 244 744
31 5 736 527
42 91 451 145
89 13 195 484
64 48 442 186
36 56 905 584
92 56 622 497
40 25 781 127
9 52 145 372
54 8 609 483
55 67 198 987
56 14 223 111
69 14 564 687
26 11 907 922
11 66 946 571
37 95 286 354
58 61 51 29
63 49 351 974
69 63 481 427
35 19 498 900
3 35 280 704
46 62 889 537
51 81 216 263
76 20 278 110
20 92 605 743
29 66 602 862
75 99 462 46
82 69 520 164
58 57 232 699
61 39 60 409
91 65 166 750
95 44 278 274
28 2 474 330
13 86 107 102
13 63 866 850
72 78 591 667
33 76 399 134
12 22 875 572
24 72 880 665
17 77 78 685
45 78 572 252
26 33 135 977
62 94 769 142
31 16 326 591
89 41 542 638
13 7 286 280
53 13 604 407
17 91 785 227
23 61 774 293
24 31 842 154
52 56 303 264
79 15 689 61
26 29 449 312
67 78 686 369
43 59 48 618
78 69 812 12
22 53 976 590
96 13 400 20
29 73 964 239
98 81 331 326
61 82 160 240
70 2 992 512
22 52 314 881
58 45 572 750
52 20 805 473
2 52 236 9
65 5 327 486
31 30 131 881
30 36 532 567
32 30 594 197
52 10 420 785
69 14 15 786
77 9 483 874
92 100 189 154
85 45 790 614
81 18 5 220
38 66 306 903
13 17 578 493
36 53 180 606
59 31 113 919
29 80 809 203
63 31 141 609
8 70 657 82
45 13 411 571
37 39 34 904
66 52 527 705
94 48 83 433
6 81 589 173
51 7 365 842
61 36 590 324
5 51 69 979
30 31 12 637
17 83 507 548
78 53 148 630
88 11 510 496
78 83 748 759
81 61 377 212
63 100 780 334
65 89 368 976
76 11 930 716
68 67 529 887
96 62 896 307
72 18 46 261
6 70 391 746
97 22 316 124
80 73 343 545
48 12 496 846
66 58 583 370
69 2 947 626
47 75 837 806
23 60 650 1
3 97 655 28
32 31 302 698
33 20 889 517
31 5 671 369
69 55 132 825
60 65 624 327
29 7 702 252
52 29 902 403
25 92 895 936
12 44 391 953
64 92 443 471
18 22 299 723
80 7 468 931
89 90 484 952
68 51 795 865
18 11 172 1
8 1 327 722
38 22 181 137
71 15 311 424
23 65 839 77
67 69 263 726
13 99 285 471
42 79 57 48
89 59 397 465
9 26 544 979
19 29 100 522
21 99 945 654
11 37 985 336
7 27 285 600
61 5 947 700
33 21 825 716
46 52 757 422
64 25 491 516
14 13 219 270
62 52 688 307
72 23 861 839
24 5 463 872
86 63 528 46
66 100 387 466
17 46 446 781
39 5 177 957
91 21 463 204
53 70 411 132
56 62 435 337
99 33 700 66
9 63 83 912
33 19 256 838
21 66 267 448
73 28 585 124
60 24 565 239
96 64 99 224
11 35 930 476
90 76 918 661
54 56 631 466
95 46 950 541
99 65 911 73
76 58 489 930
28 73 307 505
55 82 927 525
40 66 991 877
5 88 649 165
42 20 658 273
2 6 69 827
2 1 868 666
24 58 942 188
81 60 618 881
25 72 499 798
12 99 666 709
98 66 541 765
62 74 685 176
81 20 412 127
91 78 527 262
62 16 614 36
85 9 500 598
28 63 431 524
81 93 343 54
43 59 658 186
49 17 806 441
2 75 225 247
61 56 636 969
17 50 265 681
71 39 141 827
15 92 848 563
49 66 939 302
18 95 349 34
17 98 559 55
21 14 259 200
54 23 708 701
17 69 353 704
63 25 721 16
31 67 320 48
4 51 751 674
59 56 732 114
82 28 337 325
66 30 474 423
6 2 64 270
17 81 244 790
46 41 74 494
70 19 697 749
54 23 82 491
98 99 773 519
20 4 832 417
7 88 634 498
31 49 529 188
76 70 129 741
18 55 467 925
28 61 540 514
98 64 17 421
91 32 377 552
30 50 846 801
17 4 627 14
15 13 778 129
43 95 339 752
59 4 99 471
50 64 491 992
53 1 215 297
43 75 924 261
70 99 490 147
50 5 767 767
19 94 887 155
65 89 233 478
27 21 865 661
77 14 306 796
95 77 858 765
80 60 818 175
30 83 357 799
40 78 722 601
51 84 28 197
20 10 273 524
44 40 335 418
25 11 753 666
53 17 685 706
62 57 470 243
91 32 907 5
25 76 612 309
1 58 629 614
78 79 927 261
23 97 918 344
3 36 25 14
59 66 151 663
74 45 902 670
73 47 561 956
44 33 337 526
46 62 432 927
67 45 527 999
74 38 345 88
99 48 411 209
39 41 754 286
97 73 94 311
74 48 261 894
63 71 370 440
56 15 503 514
57 35 447 898
97 91 99 189
9 98 113 449
46 22 742 976
89 81 773 356
17 39 649 186
5 99 94 32
91 49 390 570
3 33 482 880
53 57 316 144
100 16 793 107
57 81 29 229
42 67 512 32
74 90 844 975
85 95 367 955
44 38 161 740
89 63 952 379
65 4 228 785
80 88 535 117
80 46 703 878
72 4 171 456
34 30 402 170
10 52 743 48
67 34 232 164
6 2 449 494
16 9 549 816
41 22 751 876
15 99 7 30
56 44 660 445
74 22 159 787
11 28 134 781
52 75 143 175
66 15 152 142
72 24 795 794
72 16 616 32
88 70 601 80
100 13 204 812
51 44 238 774
71 16 675 886
94 60 761 296
92 83 216 933
50 65 184 448
60 58 205 386
81 9 183 757
17 94 578 765
91 59 837 740
27 1 195 264
90 45 912 113
51 66 696 537
95 57 339 148
9 86 287 373
17 1 504 712
10 8 970 434
75 69 738 510
67 42 558 479
15 8 941 612
6 85 322 373
45 88 849 829
30 4 400 320
45 33 250 359
100 60 494 572
59 68 179 385
98 83 765 867
97 73 711 211
93 49 831 519
17 4 831 166
18 88 35 474
86 78 932 377
36 53 1000 536
18 76 46 530
60 52 357 224
30 84 758 943
53 45 850 27
61 11 944 572
20 76 891 564
80 20 66 508
97 77 633 667
27 5 372 608
38 80 970 557
29 18 868 822
89 59 387 113
44 82 919 849
5 20 442 416
76 91 450 377
22 98 882 474
72 67 759 247
94 34 619 593
21 14 241 619
58 72 644 332
53 61 484 680
86 89 651 954
57 6 6 828
98 34 423 713
82 12 774 529
17 29 394 591
57 71 553 367
62 74 706 108
16 38 439 205
79 30 30 785
33 99 731 545
7 34 114 373
88 63 814 138
77 18 530 804
96 32 745 899
21 44 41 487
76 87 715 374
43 69 375 393
85 47 287 649
73 27 17 869
3 70 217 554
33 1 938 196
61 80 942 674
13 32 785 616
43 3 284 216
69 91 642 923
24 76 503 862
92 96 673 999
23 14 647 993
39 16 45 336
42 53 122 8
86 11 877 963
78 22 386 755
55 85 522 874
55 14 735 316
51 79 943 914
24 27 392 267
6 17 908 863
67 5 717 484
92 41 980 805
77 56 85 762
94 43 817 365
14 67 644 535
58 76 360 178
84 17 922 451
10 38 757 888
55 75 933 195
9 2 665 982
