100 1337
10 55 171 647
30 12 66 33
75 98 370 300
88 40 121 314
43 40 351 643
64 76 474 405
86 89 797 54
57 13 455 766
64 33 569 109
87 37 692 303
9 50 846 905
76 50 653 751
74 22 191 922
21 19 460 989
98 90 776 34
44 30 169 423
12 3 851 249
17 27 369 833
74 64 858 28
73 58 794 597
68 33 415 558
62 35 520 311
5 91 747 704
42 51 908 583
60 34 33 898
48 2 158 194
52 63 473 37
94 77 310 152
62 53 750 790
23 93 670 325
93 57 100 269
74 88 58 77
15 80 425 924
60 59 226 45
55 51 867 232
76 100 982 246
39 72 442 795
22 27 517 481
81 50 287 260
91 58 277 550
1 13 203 327
73 87 766 539
91 47 259 835
39 42 233 746
90 66 391 547
87 15 645 459
33 94 673 55
8 98 609 840
56 52 792 902
47 20 465 318
35 25 116 323
86 54 285 913
82 60 737 109
91 35 519 876
1 2 32 124
34 59 210 576
76 37 826 903
87 10 448 411
61 12 447 406
20 14 943 70
23 24 110 286
15 14 883 923
26 7 86 761
63 22 237 220
77 97 9 336
70 10 618 241
58 71 207 452
69 96 147 93
95 27 354 928
20 34 160 56
47 15 537 289
3 94 105 164
63 78 949 107
23 5 773 679
15 23 262 222
69 77 621 925
70 5 256 194
53 23 166 683
95 65 97 895
21 30 560 438
91 54 333 844
50 53 290 468
23 91 55 577
68 47 967 773
96 49 242 589
15 82 175 608
27 61 662 479
7 15 199 423
3 53 332 587
4 60 600 498
4 13 656 333
89 92 338 408
65 75 267 22
20 74 924 619
17 33 120 467
81 51 796 836
62 33 405 679
12 30 666 296
75 67 969 437
18 49 137 768
99 96 852 677
92 14 865 897
11 8 993 427
74 55 550 361
88 7 575 579
99 61 438 511
41 65 361 319
48 32 161 586
1 40 974 85
52 28 659 469
91 96 544 91
26 73 833 897
75 52 435 863
89 23 472 36
60 68 236 573
51 59 209 25
46 94 513 692
31 23 604 26
44 34 97 46
57 91 34 338
68 72 533 230
10 11 975 617
79 22 572 112
21 100 910 160
75 94 200 840
55 68 904 121
31 3 307 868
96 73 570 545
75 40 449 699
48 65 636 391
49 32 137 994
96 53 734 886
41 36 559 225
67 28 583 182
12 83 903 779
29 51 213 366
70 25 31 288
36 46 194 135
74 44 614 487
38 25 739 284
26 23 114 533
19 2 898 660
52 22 360 574
23 97 450 992
91 22 333 845
78 4 365 76
51 99 713 337
52 22 881 416
22 4 423 952
9 21 597 975
43 87 163 881
28 15 289 285
1 63 523 514
42 30 327 551
30 80 618 529
9 21 841 649
37 85 275 370
40 79 221 369
91 45 219 561
14 13 54 443
18 29 962 6
48 76 706 509
81 67 224 983
66 98 61 288
22 58 410 635
54 23 842 99
96 53 799 804
6 58 441 398
22 71 488 735
30 46 457 925
56 57 213 487
39 43 965 267
89 34 910 151
58 16 675 181
18 68 811 100
9 57 177 995
46 62 363 63
70 29 366 933
83 63 750 879
51 88 217 149
85 76 682 599
25 30 661 541
23 27 999 886
78 52 764 393
14 100 917 502
64 60 298 432
97 6 753 933
100 38 781 491
94 72 234 888
77 45 290 413
49 52 868 719
49 96 180 2
64 55 729 292
16 24 138 513
90 24 870 864
56 98 999 748
2 98 538 691
37 8 382 290
19 43 100 798
59 58 976 213
19 3 145 77
99 33 786 396
26 43 993 431
79 3 340 825
28 13 282 5
69 52 682 852
32 15 983 638
62 76 152 119
72 5 456 238
90 34 498 456
24 52 597 162
56 97 392 53
33 74 345 477
83 42 116 727
81 48 623 694
97 34 143 858
1 95 486 148
58 56 562 568
79 54 743 448
93 55 1000 378
54 30 822 629
76 2 249 513
91 71 196 826
85 90 795 730
83 63 668 560
92 12 177 830
33 22 194 415
47 6 601 899
14 73 643 555
25 100 661 982
46 22 395 566
37 71 567 909
61 70 949 504
3 17 222 461
88 80 790 793
51 83 533 598
42 41 170 693
45 83 674 474
68 3 402 216
79 81 831 173
42 12 340 211
22 63 393 642
20 72 964 356
80 97 308 187
38 16 222 785
2 18 378 14
42 84 507 590
55 67 590 225
27 88 16 775
53 96 836 826
72 40 956 794
24 80 155 711
92 20 95 667
95 6 823 359
99 48 23 211
25 98 123 999
80 45 564 138
68 97 118 571
42 96 625 899
42 55 229 577
63 88 228 515
16 92 689 113
20 58 186 359
85 61 550 443
51 97 254 92
49 16 48 612
99 10 932 804
53 51 960 277
53 86 120 629
21 47 67 181
73 66 487 288
89 86 34 761
33 84 362 528
46 25 56 625
10 13 732 113
60 28 967 987
31 60 235 614
100 96 605 481
46 92 333 868
66 75 322 284
54 96 738 762
37 1 391 902
41 51 383 187
45 91 259 101
56 47 238 538
41 43 546 719
35 18 163 838
34 70 181 864
45 32 187 14
48 46 952 50
77 56 42 101
12 28 336 521
29 27 869 660
46 12 864 300
38 93 947 996
35 30 950 875
97 26 173 850
58 12 280 640
28 20 250 160
100 33 114 267
94 33 395 283
33 88 353 988
78 62 84 686
49 62 466 540
36 85 24 541
49 13 160 539
61 81 347 646
48 6 554 811
73 7 980 953
67 60 985 417
22 11 824 120
100 7 774 933
90 30 444 96
86 98 367 429
71 25 997 933
74 17 201 140
47 89 216 59
68 36 306 936
66 13 772 146
36 54 334 821
55 96 625 475
95 83 620 501
80 61 107 811
7 10 136 373
74 86 859 613
18 49 941 498
22 15 654 145
61 11 383 92
53 33 706 250
74 71 95 443
66 91 684 628
79 14 272 911
87 80 301 79
96 24 613 520
23 3 321 325
63 30 453 168
12 28 893 724
31 54 231 428
12 91 725 871
46 51 299 46
63 16 659 482
69 15 523 554
77 11 76 134
82 38 414 607
81 39 68 961
45 94 499 242
78 46 582 600
38 91 991 153
21 5 782 219
43 76 352 714
80 32 116 386
93 59 987 994
45 3 957 458
76 85 546 655
11 77 459 927
31 91 158 528
13 14 700 544
78 90 132 556
44 83 437 302
28 58 747 639
76 43 20 884
81 87 165 809
70 38 621 164
68 16 760 103
37 70 751 688
1 64 170 375
91 52 93 37
82 59 943 908
47 13 602 250
31 53 831 953
96 97 38 881
73 27 313 316
49 97 430 67
66 56 939 953
90 3 647 134
33 63 537 219
11 57 883 951
68 12 590 647
34 66 363 26
78 13 941 549
36 49 359 632
51 1 580 874
47 66 830 644
46 54 523 603
22 62 294 623
3 1 462 351
100 62 888 62
89 47 896 88
69 60 699 783
79 78 129 497
70 91 398 165
17 15 55 919
26 7 876 221
15 6 86 130
9 91 307 267
8 74 291 723
64 50 410 465
71 91 80 30
84 31 583 149
32 10 904 681
67 37 60 807
76 80 62 73
59 21 890 584
42 37 413 689
14 52 133 586
52 99 272 98
85 58 671 520
65 35 708 628
48 28 860 417
48 39 188 394
66 28 829 723
68 74 602 366
84 46 79 33
69 97 258 721
65 7 659 594
76 3 632 39
97 47 284 789
83 46 208 562
3 34 268 822
30 33 641 521
72 44 201 482
1 83 36 840
35 10 652 979
98 70 109 824
56 18 362 472
80 42 706 872
24 4 8 775
65 61 614 791
3 14 884 781
68 72 142 994
73 1 574 370
23 75 690 701
33 71 472 358
44 18 689 353
77 99 666 603
21 90 349 226
16 12 847 267
50 95 64 758
86 32 77 212
24 27 916 58
72 81 635 928
18 14 852 498
95 93 282 505
80 5 824 209
21 7 984 676
55 3 660 922
72 38 930 107
2 1 380 387
24 3 381 871
52 9 816 172
97 65 902 224
13 33 932 909
15 3 171 983
90 47 829 268
1 22 185 453
7 48 348 603
51 25 468 709
41 10 731 79
60 91 667 640
49 72 522 827
67 7 673 415
41 43 221 753
72 47 673 542
34 72 38 563
44 14 341 15
76 38 827 484
39 53 601 782
31 74 388 158
27 36 584 522
36 21 759 176
50 46 756 959
82 86 689 905
12 8 525 649
85 32 137 425
17 81 967 747
97 80 787 206
34 83 530 536
18 76 835 982
68 64 965 62
50 69 236 539
91 75 910 951
40 6 582 337
81 14 955 527
69 80 704 991
45 88 945 211
81 24 616 306
60 71 324 780
80 55 869 810
82 23 358 683
24 98 228 142
51 45 920 589
13 60 771 190
84 56 393 963
69 75 789 221
41 62 359 69
11 90 822 876
18 37 63 189
90 92 875 890
14 81 51 979
95 79 405 394
40 74 813 964
94 50 544 654
78 83 452 229
39 82 548 335
69 37 384 230
6 28 658 868
88 31 123 603
47 36 902 495
86 7 336 834
4 97 488 636
59 53 314 921
6 41 981 886
84 24 452 645
22 20 981 989
58 7 171 607
59 53 338 689
29 83 105 994
78 5 593 661
98 61 317 639
11 90 782 107
95 24 437 71
47 93 894 279
11 68 836 552
22 72 718 944
38 75 31 291
89 11 967 282
7 24 840 640
75 3 660 714
22 10 600 412
80 70 586 867
70 87 428 894
41 82 536 943
2 45 696 70
41 10 789 255
1 14 787 127
54 40 282 786
36 60 334 17
27 79 316 923
55 72 508 745
45 21 745 28
71 49 49 429
80 76 12 289
61 46 557 257
52 29 819 163
52 85 738 616
92 52 981 18
27 22 479 169
25 41 971 462
4 1 906 498
37 38 470 162
77 20 708 276
56 4 578 86
62 38 551 371
43 15 449 100
4 37 703 882
32 52 153 227
42 64 343 308
29 69 896 219
15 86 169 105
94 88 44 735
67 80 258 664
55 75 820 926
24 97 155 409
15 27 343 387
51 7 111 415
89 59 459 395
58 51 594 457
36 22 13 941
39 94 717 998
50 12 339 40
37 86 190 614
92 29 969 937
97 46 478 60
90 87 716 473
78 18 349 472
67 21 92 175
65 50 584 961
80 34 648 21
60 19 469 15
30 92 919 830
68 51 674 272
52 78 404 162
22 47 911 599
33 42 828 332
3 59 870 588
26 97 232 575
63 59 415 172
45 50 415 182
93 37 110 596
14 97 407 136
11 80 194 674
44 36 760 315
76 1 308 954
6 1 381 987
21 4 676 893
100 45 344 963
91 90 690 741
97 31 712 844
64 31 23 40
97 25 914 31
95 45 680 561
42 52 23 306
27 19 502 729
25 37 429 206
86 54 47 30
5 65 269 820
87 33 848 158
64 90 681 713
47 7 682 399
53 6 131 330
54 91 563 869
51 16 221 275
15 8 876 935
10 40 422 503
81 43 177 889
15 91 373 541
56 80 622 589
69 97 566 597
76 31 310 239
65 17 205 121
84 67 183 19
34 23 255 410
94 78 75 707
84 45 210 127
8 30 463 301
91 42 616 304
62 7 611 64
10 88 484 834
29 28 455 674
11 35 564 783
2 90 890 747
32 3 183 126
13 74 337 180
57 52 750 418
30 83 669 104
5 1 105 933
31 26 651 779
53 3 791 845
50 23 778 572
79 63 209 836
100 1 428 608
73 75 826 380
17 48 207 596
29 62 306 214
87 40 539 273
67 64 976 128
29 53 573 866
69 26 809 729
78 70 824 892
66 3 883 912
14 89 134 15
69 15 222 746
44 28 427 261
77 82 362 679
55 91 308 379
43 15 398 440
67 8 193 356
82 47 821 615
34 88 494 738
20 1 746 326
9 87 550 288
58 11 23 38
78 9 774 705
86 19 311 808
92 72 722 918
28 61 126 732
7 92 89 462
75 17 675 714
4 17 619 993
63 74 554 191
18 46 255 845
31 48 165 92
24 20 476 180
48 43 648 812
20 7 225 228
97 13 472 991
16 86 484 943
97 85 365 277
37 45 725 427
39 73 617 53
83 7 687 654
81 24 246 743
79 9 894 328
11 71 599 32
90 60 922 9
8 12 476 345
3 14 572 638
1 71 384 447
64 58 408 791
25 8 102 285
40 89 456 728
65 94 542 127
16 66 631 893
62 37 51 653
87 82 797 657
66 87 181 710
51 1 365 235
83 97 487 611
87 58 426 814
68 83 827 908
39 53 405 450
48 91 747 739
39 86 660 165
9 75 894 643
62 5 917 828
53 65 647 883
65 6 309 246
45 28 987 961
49 66 644 160
22 78 65 793
26 18 418 931
66 9 350 227
54 86 127 821
51 96 28 748
41 55 200 609
45 94 341 627
29 99 648 551
4 23 9 130
12 63 194 30
68 76 40 76
19 6 715 10
45 18 434 836
38 8 122 693
32 35 43 775
26 74 941 415
70 5 254 987
61 27 751 129
90 55 755 331
26 34 778 807
54 9 533 368
96 25 422 298
68 75 923 43
16 90 692 700
13 92 509 702
90 59 569 116
62 79 345 760
72 22 881 156
22 16 5 84
13 6 546 281
58 73 39 153
82 45 881 454
85 21 618 381
30 4 86 14
85 84 389 131
79 80 108 814
37 57 536 777
18 33 662 807
95 38 568 332
55 20 876 325
15 23 63 371
9 74 792 495
78 33 438 142
100 37 54 552
56 27 266 61
46 73 917 333
13 92 733 418
18 23 479 447
30 59 756 658
58 12 118 804
60 33 512 567
40 77 709 968
50 6 964 574
57 70 591 603
91 84 989 435
71 49 323 552
11 18 335 925
89 60 886 401
26 33 3 514
81 2 622 77
34 70 739 389
50 15 951 94
84 38 174 943
30 76 850 818
82 88 408 759
48 30 930 804
90 37 350 2
26 39 284 637
75 70 159 635
62 34 152 884
44 39 201 249
65 10 263 632
87 33 481 546
11 41 207 412
58 83 242 670
48 85 549 914
12 74 473 318
91 74 782 458
83 61 316 13
39 17 663 622
44 75 125 741
37 25 153 988
48 75 246 694
51 21 605 711
83 30 302 420
17 72 262 31
43 94 132 2
96 14 898 764
72 61 123 511
46 12 214 390
12 37 550 914
81 17 483 680
15 70 712 498
95 77 67 537
73 12 459 401
70 81 927 226
36 98 494 28
61 79 439 449
96 81 384 789
48 58 629 568
65 92 893 974
32 31 558 445
25 7 991 195
41 24 583 411
54 77 996 850
48 32 644 152
24 21 59 747
36 20 208 187
13 64 814 242
13 44 54 357
11 38 166 726
97 4 347 700
23 38 1 346
52 66 834 640
48 51 49 918
88 31 488 121
78 89 828 614
72 32 549 581
57 32 436 951
36 80 573 838
29 42 168 314
64 66 940 940
26 56 634 593
2 16 831 43
8 41 720 687
8 41 168 287
64 15 528 956
77 93 937 16
19 36 329 496
36 78 287 360
93 72 443 489
35 62 109 635
24 35 343 96
33 76 788 934
92 2 78 34
9 92 42 602
10 9 767 967
48 42 913 886
97 1 764 631
29 23 322 508
7 17 526 228
56 29 237 751
83 61 249 481
18 7 208 228
44 83 787 945
17 13 402 67
23 81 321 317
56 47 915 679
22 19 931 9
72 47 606 387
56 26 127 211
21 77 989 389
44 10 154 987
5 55 4 21
89 87 637 305
65 17 877 728
34 79 459 530
56 79 483 238
28 71 769 564
35 47 964 105
56 4 764 934
93 94 432 28
5 83 207 437
73 58 88 632
54 1 203 510
97 53 362 723
68 7 203 616
64 74 372 679
98 50 782 180
66 81 798 321
44 75 458 953
100 97 679 713
83 37 554 705
41 88 331 273
83 76 217 657
97 80 78 577
10 14 781 851
49 47 254 418
30 18 441 532
79 3 543 184
88 11 57 368
78 29 341 729
7 75 375 818
49 46 679 366
82 75 538 51
73 37 168 136
30 48 580 481
2 69 397 173
65 70 893 271
87 62 361 235
15 19 165 495
45 30 699 556
51 18 777 958
51 97 643 735
91 4 131 597
80 6 414 271
30 71 355 851
18 87 445 707
100 76 50 922
34 63 358 736
28 40 998 71
22 62 495 32
55 29 885 704
92 90 652 739
47 66 257 653
57 15 724 75
82 27 702 544
52 91 620 85
78 6 732 30
55 77 997 543
100 79 466 478
3 13 407 319
5 35 92 131
47 72 199 426
48 21 2 121
11 2 288 998
40 71 694 926
76 12 431 450
54 90 899 245
83 14 865 540
5 57 282 32
1 40 599 318
1 95 938 925
88 67 949 535
36 47 595 51
27 4 236 857
68 29 306 661
61 33 681 234
1 88 785 803
30 13 555 874
20 54 774 796
57 37 993 36
47 84 779 858
38 2 702 833
100 87 128 397
94 18 833 955
15 29 201 383
26 17 337 288
66 75 695 143
49 54 791 153
55 38 382 856
3 81 418 212
83 61 951 806
15 34 745 190
71 64 913 171
90 65 550 136
83 31 516 230
57 8 991 841
86 71 213 424
86 56 448 505
34 22 630 287
75 28 735 613
85 88 749 289
99 27 324 911
11 90 269 867
83 36 849 892
17 38 741 504
45 38 76 721
83 56 562 594
3 2 786 496
44 99 47 879
90 74 900 551
93 63 391 492
70 4 780 812
20 23 276 113
71 63 3 370
28 33 511 799
86 75 464 730
91 48 539 979
95 5 28 91
58 87 426 721
14 97 900 475
48 8 295 746
32 67 299 11
21 53 344 122
7 25 770 466
74 9 754 97
96 8 565 649
42 27 508 393
4 64 728 564
44 16 566 913
86 92 274 332
49 14 890 739
75 41 351 249
4 77 204 620
91 21 161 19
90 37 822 774
1 59 520 386
42 77 673 423
28 61 504 324
76 4 812 812
9 25 308 286
39 45 450 270
65 78 12 542
83 64 199 876
6 66 10 145
33 83 369 369
94 51 308 599
21 76 396 648
64 50 190 844
24 66 264 829
15 34 833 381
56 64 698 377
93 72 583 56
47 13 165 583
66 58 862 119
55 40 368 521
53 100 544 286
34 85 131 329
9 34 846 537
65 7 526 880
7 5 12 657
82 36 710 333
87 30 779 115
69 2 877 77
63 23 175 803
86 76 945 679
93 21 750 203
82 95 274 540
58 68 325 467
4 72 723 25
9 24 404 66
4 62 852 193
68 45 794 216
35 70 611 206
49 52 308 566
87 55 804 975
2 36 703 738
81 5 382 696
55 90 540 924
92 78 875 845
91 24 470 912
22 14 907 508
74 86 833 601
14 91 328 589
86 56 495 141
96 68 441 48
59 9 632 683
100 7 841 811
12 65 888 583
69 68 328 158
77 87 18 975
50 51 765 570
43 6 533 386
33 18 135 574
47 41 256 778
59 2 149 336
3 31 503 510
12 58 594 951
8 10 307 71
87 38 838 469
31 15 619 978
100 84 577 187
3 85 783 491
91 13 453 270
82 2 914 280
55 97 655 915
87 18 376 38
83 37 6 396
31 22 396 543
69 64 829 555
60 62 64 274
23 90 587 434
76 98 833 576
64 56 147 239
23 1 616 881
75 34 193 779
39 29 886 811
24 3 686 318
57 58 993 282
2 21 506 739
8 3 414 359
9 99 999 256
81 72 577 37
82 57 460 337
75 71 446 273
95 74 286 816
41 1 959 91
27 81 488 773
53 76 826 189
26 76 915 548
35 81 462 655
49 17 546 316
44 53 580 424
11 47 99 599
3 83 269 615
66 71 247 376
77 44 160 155
9 69 27 903
43 31 461 199
32 23 465 523
41 17 40 914
12 25 751 624
7 33 569 29
47 85 868 145
8 67 677 3
85 39 357 84
73 92 120 184
95 79 595 516
100 64 145 249
27 23 910 826
2 89 8 259
10 31 738 927
67 89 723 130
57 89 810 848
22 10 8 852
71 96 789 475
33 4 734 708
100 73 76 192
27 36 205 739
14 7 639 408
98 60 705 135
50 38 629 558
60 9 374 53
9 17 154 752
39 60 211 569
78 39 825 638
65 99 792 772
30 8 677 786
77 62 303 862
3 24 568 500
39 28 830 104
52 5 345 905
18 70 634 260
58 55 975 358
65 29 316 388
6 71 698 230
37 34 894 56
15 17 353 362
21 100 858 150
20 88 991 313
73 72 304 691
91 59 888 97
64 27 96 5
3 34 190 995
17 76 88 28
65 19 488 323
32 47 436 281
5 16 874 433
10 7 838 201
100 34 731 917
33 20 592 224
7 90 256 926
42 67 233 15
1 16 78 415
16 2 389 708
74 79 434 688
48 22 737 573
76 19 127 677
24 87 509 832
52 42 195 118
25 85 33 829
12 41 873 386
66 76 615 160
20 60 802 962
70 23 946 68
4 70 213 69
1 41 21 458
2 97 206 98
47 14 981 94
48 99 139 228
97 70 341 918
83 8 247 910
45 67 752 698
89 56 855 423
84 10 271 831
35 88 305 429
81 27 747 243
38 43 516 756
64 6 129 213
69 1 435 333
50 82 557 118
80 29 33 831
74 35 364 493
93 58 852 738
32 23 724 145
42 75 980 516
40 52 443 442
67 20 186 795
97 57 12 674
5 34 703 490
5 27 703 651
17 27 963 116
67 33 740 228
17 92 754 432
99 48 936 48
24 6 779 632
80 35 822 841
92 7 73 207
63 100 326 556
9 99 419 852
90 31 347 631
83 8 405 425
97 47 551 605
1 36 336 475
95 78 786 833
77 63 695 681
72 88 797 552
85 17 698 448
100 34 536 929
56 92 528 659
34 14 697 182
49 22 461 79
20 46 901 913
86 74 682 561
54 46 208 591
57 9 892 839
15 8 555 264
31 40 572 412
24 15 736 815
63 6 203 138
60 71 487 150
3 36 62 654
80 76 928 686
48 25 441 39
37 84 426 577
27 22 90 957
89 8 902 722
3 54 675 556
46 76 812 429
92 46 203 760
77 34 677 905
39 18 778 115
4 52 848 586
20 70 44 602
37 77 736 618
46 20 551 614
2 97 895 81
11 92 759 603
21 56 399 871
73 79 8 516
60 56 605 1
4 11 163 318
90 13 833 938
55 75 918 453
83 76 243 208
63 76 847 326
12 100 147 877
47 65 6 789
51 8 535 659
64 26 481 219
39 9 974 811
35 69 224 601
23 61 712 93
30 73 585 302
18 62 303 288
74 90 740 280
76 97 117 421
56 41 544 460
46 36 389 657
7 39 324 785
39 35 448 609
56 52 800 532
63 3 946 327
75 79 950 192
68 35 706 152
41 42 427 670
32 28 808 556
92 17 277 444
64 69 308 551
94 6 88 123
43 75 712 315
32 61 201 183
61 62 888 303
35 98 818 269
73 69 817 872
47 94 793 529
61 69 743 424
4 98 49 490
38 16 771 984
72 86 535 415
16 91 364 826
14 41 705 586
60 35 834 311
53 72 92 117
87 47 89 789
78 10 865 321
89 22 273 981
53 5 360 802
18 62 946 98
12 20 983 235
96 15 799 322
63 14 437 407
3 72 781 487
33 30 654 606
22 90 842 452
53 11 341 713
59 15 409 268
9 4 376 289
68 82 246 523
61 63 803 963
45 44 99 265
70 33 808 123
91 41 360 746
36 21 115 266
71 40 951 501
80 5 685 718
41 26 284 861
8 71 81 437
82 73 950 470
69 2 991 635
15 83 921 62
19 78 263 513
96 69 811 546
94 21 614 964
4 61 229 994
90 21 277 132
38 61 764 397
11 37 697 358
52 40 178 306
92 83 175 292
9 47 562 32
29 25 235 687
70 89 619 616
54 71 359 448
71 47 866 242
29 26 747 288
61 10 455 471
30 95 763 924
87 28 58 592
5 10 706 837
51 9 846 420
96 100 146 531
99 67 81 659
51 13 371 651
87 76 54 808
34 70 817 653
62 61 137 321
