100 4224
90 65 126 142
80 44 878 613
96 28 820 829
43 100 791 101
64 40 498 824
17 1 83 757
18 7 319 12
13 45 450 656
53 42 890 952
39 94 634 890
91 10 918 456
68 11 898 417
64 13 278 355
92 99 213 440
76 94 410 960
38 84 735 687
85 65 746 501
35 100 575 795
76 83 713 687
49 28 626 142
65 91 520 469
34 72 259 909
69 46 270 614
72 56 293 150
95 92 927 648
88 90 71 62
41 65 179 750
69 75 497 734
84 81 935 20
86 4 807 767
38 8 958 580
74 23 794 264
75 99 675 852
99 68 659 307
40 28 278 323
44 70 924 320
95 48 679 78
95 74 748 362
28 86 409 769
91 54 914 185
77 62 962 679
62 21 775 493
33 4 277 565
79 87 303 667
48 76 41 693
60 33 291 553
15 100 540 75
58 82 779 66
100 83 166 759
75 91 25 836
86 42 301 391
78 100 80 439
51 47 171 589
5 21 316 194
36 88 153 884
55 86 101 601
28 29 113 229
68 58 772 977
34 69 398 615
27 37 27 123
63 39 900 393
1 33 86 727
98 83 112 584
38 39 642 16
24 36 387 154
44 12 715 933
64 49 926 401
86 73 456 719
61 16 357 104
70 92 528 918
18 28 352 627
82 24 609 227
95 38 578 914
67 56 721 334
18 80 453 873
96 12 948 301
26 29 487 102
40 2 136 250
17 14 817 788
88 17 687 389
13 46 46 437
99 55 752 280
74 71 695 327
39 82 178 668
58 93 763 32
20 25 899 878
16 36 955 970
72 16 329 702
63 33 677 582
10 83 776 612
61 19 757 420
5 18 111 248
80 8 780 577
8 45 462 345
34 4 938 289
67 5 673 526
43 81 471 650
16 24 903 819
38 79 317 465
89 53 605 539
71 35 719 138
67 77 961 877
59 70 281 620
85 100 473 273
40 2 418 136
70 34 208 948
90 84 822 105
79 99 196 492
2 80 480 305
19 36 935 973
24 55 316 517
66 78 986 181
54 65 377 474
37 81 923 897
71 82 899 992
61 64 826 429
6 75 296 98
11 17 438 983
81 86 122 596
55 65 106 597
69 70 246 73
4 65 938 519
33 90 478 844
33 4 285 198
55 19 88 81
38 7 493 694
64 85 276 430
36 87 854 87
71 18 496 799
15 4 793 556
32 98 857 974
83 25 632 877
30 26 125 382
77 47 893 367
98 32 143 158
97 10 328 33
82 5 963 903
92 38 516 890
96 20 558 189
16 90 805 987
42 70 334 814
29 96 137 727
72 12 393 424
50 86 305 234
2 84 674 545
94 100 621 349
39 53 490 320
1 90 505 28
12 41 742 354
56 40 668 366
60 49 155 350
97 86 189 580
57 79 361 551
27 50 63 656
69 11 275 630
33 7 246 974
24 11 222 604
89 88 819 580
31 78 363 557
27 42 587 332
11 74 619 782
100 57 114 961
62 76 28 245
65 89 451 862
15 87 709 709
63 100 373 33
39 15 344 32
55 100 257 59
71 5 673 556
44 33 927 132
21 42 963 332
47 81 177 753
84 81 362 193
34 38 9 249
56 42 507 171
60 17 397 184
51 39 316 255
7 38 760 317
39 77 411 696
44 19 917 659
99 43 690 99
46 71 129 635
11 31 276 461
52 80 995 371
83 81 926 436
93 69 29 908
35 98 157 707
26 43 347 789
100 37 112 39
1 4 14 645
76 5 50 958
16 50 126 203
58 77 779 600
57 17 44 112
54 15 301 704
91 17 913 975
41 5 431 737
41 53 393 296
82 97 664 159
86 64 986 524
71 18 60 151
9 50 377 905
94 24 335 325
27 13 992 408
67 15 826 579
57 82 270 317
78 22 213 217
27 4 368 777
19 72 50 621
49 64 151 705
52 68 223 274
57 77 536 621
18 44 959 685
66 65 249 91
79 35 742 814
95 78 941 160
13 53 797 340
5 78 734 427
38 31 115 265
86 40 473 227
2 91 673 558
30 48 454 232
68 42 57 523
66 97 586 29
6 25 880 470
71 100 959 795
55 86 168 420
56 93 380 490
10 53 17 890
45 37 55 275
10 40 915 757
92 16 562 615
68 55 943 911
1 47 528 840
28 38 123 963
92 9 702 659
70 27 380 18
26 53 617 754
83 25 674 244
7 84 54 109
97 60 87 454
49 52 115 709
57 35 162 824
23 52 284 623
97 86 754 543
36 88 701 785
98 9 121 678
77 75 75 50
74 37 125 262
33 15 611 25
37 73 365 314
15 58 204 564
37 56 382 751
33 39 995 229
77 91 112 878
3 31 272 428
26 25 62 989
31 96 959 277
68 87 240 363
99 21 681 413
18 73 135 781
32 52 581 544
46 58 449 789
21 87 354 928
29 86 256 853
94 12 796 919
44 16 968 459
75 35 596 764
49 46 981 622
11 27 10 256
49 87 330 121
88 68 530 161
41 45 892 865
99 94 527 291
8 82 705 151
56 74 791 890
23 77 455 107
30 23 226 994
45 58 638 606
62 76 302 539
94 7 593 637
98 63 638 214
81 30 801 698
82 81 338 356
52 84 647 9
46 15 692 815
20 59 65 961
52 97 269 34
34 46 671 543
42 48 208 238
70 56 168 446
23 44 210 615
64 47 72 780
100 24 525 753
97 29 390 478
32 5 793 474
100 53 789 703
74 13 808 2
69 51 698 391
81 5 622 750
40 26 155 724
2 89 843 337
63 98 947 901
93 89 547 76
70 33 186 133
8 10 423 787
75 82 742 609
85 25 902 601
94 37 862 974
69 34 99 718
1 63 768 207
14 93 739 745
59 81 992 934
64 62 250 46
73 99 389 946
60 15 444 506
97 80 579 738
33 63 580 782
35 55 573 252
45 28 984 444
75 8 698 492
75 67 304 242
42 78 552 103
89 8 327 170
65 23 564 746
15 9 482 53
52 5 461 761
98 37 298 971
34 52 271 108
10 34 654 752
10 86 439 640
47 31 954 590
26 81 470 384
49 28 451 551
63 62 707 525
69 11 185 286
69 97 793 758
21 27 382 291
30 78 826 9
26 81 684 663
39 1 468 913
41 82 533 630
35 96 370 817
73 79 95 566
43 70 472 422
29 59 79 388
89 3 575 337
25 2 424 686
49 29 795 800
92 17 880 285
69 8 191 991
90 83 626 795
68 32 34 111
87 78 770 97
31 55 33 978
27 22 423 723
72 58 621 820
21 50 52 857
70 40 6 816
77 55 411 870
42 26 453 202
9 87 85 746
42 12 221 866
99 6 790 37
42 39 393 995
56 96 139 995
48 62 892 133
33 30 627 411
19 87 76 875
34 43 59 724
43 47 120 559
22 74 956 587
34 74 680 823
95 88 251 713
27 23 682 219
61 65 682 289
6 60 90 761
44 69 933 468
2 15 113 16
48 75 496 71
94 23 234 66
81 45 229 144
1 70 994 596
13 28 477 996
9 50 37 760
83 60 881 942
23 92 952 195
96 14 101 769
2 77 92 880
68 41 252 624
23 43 18 603
43 12 391 359
44 3 912 123
49 41 2 605
75 63 221 732
92 70 141 383
63 93 798 677
94 3 499 686
87 47 793 909
51 40 152 148
36 5 271 29
50 85 26 655
64 56 858 628
90 30 106 747
60 43 934 727
45 90 405 674
22 38 139 732
85 39 53 204
97 2 466 907
7 84 506 274
79 31 528 820
13 63 125 860
48 57 512 602
17 7 438 824
28 85 828 744
33 21 600 909
84 93 177 532
83 45 746 534
44 55 198 296
11 31 749 211
54 29 955 357
86 70 550 13
2 15 615 125
21 36 23 723
36 42 792 971
26 72 381 382
2 91 153 140
67 27 736 706
59 80 233 758
37 50 210 947
44 66 538 167
32 49 441 92
58 77 750 876
29 71 572 132
30 69 676 943
45 10 789 659
7 10 307 382
62 40 286 591
36 74 771 79
99 43 990 971
91 74 433 715
37 13 546 168
53 42 843 761
1 8 98 994
41 15 260 371
28 60 28 254
48 83 887 581
95 10 115 829
56 12 614 971
51 61 981 361
13 48 98 470
19 98 87 61
40 100 798 183
61 97 504 379
87 100 684 195
16 25 33 560
75 70 412 500
74 12 168 866
4 30 363 653
82 73 269 953
82 62 277 237
21 4 300 121
93 53 579 486
30 72 333 114
99 72 254 524
26 33 872 411
97 9 896 698
73 49 232 846
2 67 873 910
46 18 567 345
74 95 976 660
1 65 664 956
43 36 840 776
8 6 205 763
100 28 785 505
13 91 644 967
70 10 635 600
99 51 268 216
20 75 569 95
54 81 691 389
86 2 392 272
72 76 546 268
52 16 600 704
64 31 435 22
53 61 479 754
90 62 873 754
47 81 14 867
3 70 813 453
20 50 637 790
94 59 560 412
98 60 677 806
14 6 904 241
45 71 172 992
13 33 586 419
20 82 173 216
17 75 629 454
75 79 845 182
9 56 557 676
10 32 775 137
84 65 91 62
30 25 856 147
44 89 850 794
67 31 591 310
40 53 168 21
13 16 991 683
74 79 263 352
86 88 134 293
30 31 830 736
67 90 355 859
89 88 42 501
36 94 404 716
85 93 715 549
7 64 701 152
93 63 873 24
33 62 248 152
28 19 409 389
31 6 977 777
41 89 851 952
7 3 969 397
72 31 682 865
25 55 719 376
86 96 415 712
18 60 39 199
48 96 645 925
92 1 590 63
73 47 741 26
27 3 444 540
13 28 351 77
29 35 852 412
25 80 446 559
90 46 442 383
95 80 861 754
30 34 114 734
27 98 216 631
51 96 369 88
41 87 474 479
61 89 5 858
8 91 142 896
63 24 443 479
51 30 327 781
63 4 810 257
25 19 716 994
83 60 333 240
76 28 6 223
56 98 443 925
32 15 51 438
76 67 642 208
16 3 439 771
42 7 632 108
69 15 475 146
19 89 63 418
5 20 7 535
9 41 56 488
19 57 361 616
53 39 91 909
31 65 428 469
61 66 696 747
84 46 241 89
84 86 730 929
96 87 478 343
92 2 334 527
75 23 882 974
73 50 866 643
64 23 264 462
50 87 43 271
100 70 158 691
40 4 196 777
38 97 486 45
42 68 401 86
25 33 888 154
91 85 949 803
51 59 937 846
91 14 646 33
14 16 166 194
73 93 827 895
91 45 849 53
88 32 799 432
53 30 286 847
42 7 189 628
93 60 144 619
28 17 350 590
30 60 93 573
43 72 749 309
60 46 877 633
61 19 347 302
18 82 358 801
91 58 762 587
65 88 947 563
87 81 333 668
30 64 209 273
84 100 804 708
33 58 731 703
44 24 513 106
49 33 918 497
94 54 425 194
11 14 933 149
71 24 773 183
84 15 684 464
92 90 922 144
33 40 992 410
90 40 394 274
100 28 396 163
8 82 68 630
2 90 956 965
91 7 88 994
7 84 521 805
72 63 27 679
36 26 795 675
2 12 515 86
16 63 278 144
31 70 585 703
84 97 795 697
74 48 908 924
61 88 486 946
59 20 548 650
60 40 588 460
40 86 730 176
1 29 229 990
93 30 717 207
58 25 818 221
69 26 816 532
50 22 587 890
34 48 292 123
82 96 381 318
94 71 195 397
50 83 496 163
81 14 507 520
47 81 379 445
63 11 610 948
48 86 520 462
18 100 489 466
3 14 598 370
19 45 956 7
57 64 453 869
31 70 720 113
33 65 721 867
65 63 540 695
37 6 298 515
41 8 475 819
34 64 678 200
69 91 131 685
57 22 121 977
21 30 835 69
14 40 285 740
2 64 567 521
92 1 905 287
16 15 298 764
69 6 620 477
73 28 533 171
10 5 215 149
51 67 550 211
87 78 924 679
68 93 247 77
84 19 97 53
56 61 314 394
13 69 737 161
87 61 237 195
79 10 737 949
17 89 936 373
94 57 795 970
32 36 138 220
52 45 395 440
30 96 109 599
31 63 166 991
73 6 67 124
18 85 521 775
2 89 182 326
83 20 389 217
34 61 110 839
44 77 441 842
58 29 836 143
60 54 122 427
16 39 22 473
36 48 248 766
22 68 114 183
67 5 796 608
1 77 720 656
99 67 556 85
54 47 59 325
50 10 380 259
73 81 763 865
17 86 452 973
11 49 708 458
69 98 608 669
21 69 890 591
55 72 433 456
85 57 959 613
24 23 167 935
77 81 550 433
85 76 313 820
6 56 913 702
94 79 659 226
23 76 368 695
59 89 620 211
32 3 13 772
12 57 104 703
93 3 375 205
9 97 865 898
40 33 681 344
17 36 623 713
17 84 278 502
4 32 554 434
27 91 70 517
32 37 436 484
27 49 398 633
16 46 235 497
85 20 445 777
68 67 751 543
87 38 772 930
63 57 599 607
15 4 834 834
22 48 709 186
46 64 91 64
74 87 432 41
16 59 761 824
58 38 525 407
35 23 735 870
66 98 402 460
94 71 190 20
77 30 724 281
63 25 573 125
38 6 353 939
81 42 973 366
53 55 981 283
34 54 45 246
83 15 952 862
9 28 537 944
33 6 670 486
76 64 57 157
3 6 767 411
14 27 443 89
88 48 862 533
55 11 968 758
47 11 865 946
70 86 932 305
67 10 900 294
56 81 278 790
90 76 78 863
89 68 515 779
36 85 258 321
41 98 2 384
71 12 37 506
4 71 175 924
56 86 39 187
34 89 904 9
66 6 299 877
35 4 496 632
65 39 383 583
40 4 770 114
12 99 901 570
52 56 914 226
7 33 116 970
88 77 204 719
39 21 210 531
62 84 813 452
49 92 328 864
4 9 625 591
30 43 424 41
34 1 448 520
84 51 41 778
31 51 850 180
41 72 944 264
95 79 293 351
42 51 10 527
96 20 765 624
61 16 19 146
41 92 186 351
58 30 998 252
98 37 745 344
68 90 265 790
11 14 170 467
73 31 382 657
24 33 14 453
90 13 88 776
1 10 677 860
27 12 297 927
38 24 970 782
95 81 711 718
69 33 159 990
22 4 489 417
12 55 853 258
96 13 784 903
29 28 491 212
37 39 404 678
73 40 83 174
4 53 360 763
42 22 580 107
88 95 539 622
24 63 790 314
88 55 445 450
53 89 687 4
65 68 793 264
73 25 261 180
71 13 346 439
88 62 843 351
65 19 181 354
49 70 309 215
99 25 345 338
42 47 345 582
43 45 616 494
13 15 209 137
91 97 602 404
97 88 260 145
30 33 433 254
59 64 82 609
82 89 834 408
68 71 654 846
24 93 818 883
18 87 406 879
92 72 465 722
5 85 773 429
41 3 66 8
65 31 362 514
91 69 491 946
28 34 425 147
8 25 729 664
12 7 362 357
26 96 328 553
6 58 806 935
4 19 274 146
81 49 223 182
5 98 525 577
25 53 884 108
34 47 437 663
95 63 155 438
54 51 178 839
15 10 802 769
83 75 573 997
97 84 59 766
59 55 475 656
69 82 74 882
81 7 727 75
56 80 899 377
19 63 828 288
34 15 591 1
92 71 34 930
28 12 148 369
50 15 730 927
16 56 950 911
99 59 609 220
1 68 612 789
54 60 432 935
57 50 612 948
21 79 277 626
71 25 16 276
15 76 175 845
94 85 56 7
85 87 136 633
49 98 931 588
72 68 679 199
54 61 853 372
92 83 910 847
49 89 269 750
19 78 307 522
87 10 293 402
59 26 616 685
63 82 665 687
31 69 865 509
26 49 553 940
19 59 732 777
51 12 792 817
60 50 950 696
13 20 480 158
10 15 1 988
42 37 30 542
42 95 217 821
27 28 769 425
22 34 135 880
62 43 575 732
27 50 979 352
20 71 3 564
99 97 296 179
64 89 11 48
62 45 527 476
68 7 455 65
63 71 17 250
38 46 603 266
92 21 488 597
30 59 835 321
20 90 926 593
71 40 344 245
64 58 539 385
43 59 8 619
93 66 681 167
7 51 888 308
9 30 414 644
5 3 515 545
33 81 433 414
84 56 176 251
19 69 631 660
77 34 127 764
7 12 32 734
80 69 122 496
63 95 864 569
19 59 574 359
39 80 744 176
55 10 789 914
61 18 80 49
62 4 288 774
21 47 125 443
46 45 519 431
2 90 730 490
93 20 776 207
3 95 517 529
59 7 285 330
22 87 482 521
36 41 368 4
52 12 978 505
75 98 687 273
6 42 634 72
70 65 580 467
52 70 667 996
54 70 506 822
92 42 207 19
7 71 922 383
58 9 728 659
70 22 370 433
97 46 248 272
66 64 980 312
80 95 980 412
98 53 444 581
9 15 520 46
90 4 720 706
62 63 639 924
97 1 699 166
22 83 280 247
62 54 852 104
9 5 14 937
97 3 951 402
1 41 300 999
88 2 930 275
89 20 685 435
66 23 743 210
7 63 47 536
69 99 788 264
18 66 887 962
99 86 281 465
54 36 733 840
20 80 858 582
65 18 950 590
88 43 845 40
51 39 586 68
49 5 987 760
81 29 466 280
5 54 468 364
72 26 108 999
55 33 141 982
60 62 421 553
41 45 904 707
83 48 630 761
93 20 329 276
49 8 954 33
75 73 665 584
81 63 947 565
41 16 748 530
18 23 994 122
77 60 595 34
8 37 269 458
65 15 831 709
35 9 172 940
68 17 989 683
88 92 120 39
80 99 437 40
58 95 659 638
25 70 880 502
24 69 137 338
10 51 393 18
5 14 728 439
52 3 137 394
36 28 968 511
4 89 412 518
78 32 201 12
12 99 13 14
28 75 539 837
90 48 286 122
68 70 946 898
61 33 423 564
52 35 166 448
15 60 587 38
7 50 660 647
54 53 186 604
12 97 965 169
60 29 937 268
98 49 61 406
76 30 940 970
56 96 560 473
57 25 517 814
27 85 309 735
53 71 99 68
46 41 544 720
76 70 247 171
75 60 546 412
80 45 269 93
8 31 584 745
43 19 440 777
41 23 709 339
69 30 788 439
53 98 750 637
25 49 810 307
37 95 275 833
88 34 727 201
48 35 201 546
42 98 46 561
42 80 276 585
1 34 437 94
98 60 468 967
89 38 818 394
6 28 464 379
70 72 126 716
17 69 129 806
71 48 727 266
20 28 157 210
58 26 82 31
35 45 13 472
3 67 264 197
13 23 632 602
71 20 623 327
36 26 48 237
61 94 404 426
22 76 393 185
8 50 958 950
25 59 310 81
9 95 494 207
48 27 955 170
61 99 485 440
19 9 308 593
63 9 646 578
74 39 942 688
95 5 34 96
71 92 189 937
43 27 179 653
64 23 653 173
51 23 506 149
33 11 1000 501
85 48 469 971
14 90 242 31
66 81 705 314
27 76 313 154
7 24 427 289
19 31 878 175
47 52 639 706
10 8 911 343
20 30 825 418
99 54 567 603
31 32 465 316
45 43 927 846
38 70 106 976
34 35 327 856
50 10 515 370
39 59 291 613
83 81 55 228
12 86 470 946
68 49 682 130
78 81 372 35
52 82 957 464
15 85 815 366
26 68 83 984
13 83 917 901
74 100 834 129
50 33 130 731
41 67 293 885
88 81 239 732
79 49 822 189
42 21 983 250
92 56 352 677
50 40 384 727
36 26 176 263
91 16 347 498
77 46 747 75
64 51 591 430
95 92 60 917
4 41 780 692
77 10 128 787
46 34 557 551
26 56 880 597
98 83 890 277
56 61 280 124
17 85 593 600
95 38 717 355
3 54 957 523
44 73 789 852
34 80 83 543
62 58 808 316
93 80 497 393
73 28 921 517
31 16 569 801
97 39 80 34
61 77 869 710
91 85 74 906
85 59 903 198
42 66 919 831
83 91 920 191
68 24 84 963
32 24 927 560
22 27 134 563
24 22 591 167
77 63 884 118
28 23 12 917
42 26 468 986
4 71 286 999
87 39 664 94
77 78 704 588
18 5 547 62
97 19 9 416
90 5 876 982
42 83 574 712
34 43 89 874
7 85 333 478
70 22 996 52
80 37 198 507
82 81 799 217
72 87 915 864
66 61 882 513
90 54 134 941
13 12 108 673
83 52 74 698
6 74 395 134
90 97 565 38
60 17 240 402
22 64 974 263
1 99 460 244
96 30 718 694
37 19 762 1000
7 15 64 713
90 83 339 53
71 24 137 324
91 49 453 311
17 50 765 11
80 82 881 649
91 18 778 925
72 87 551 475
65 47 973 513
82 54 379 882
58 29 299 551
32 80 146 298
93 78 646 737
35 31 920 338
47 63 474 572
81 71 647 211
63 86 39 962
10 61 778 952
47 56 733 423
43 63 668 748
63 9 830 444
33 24 292 906
40 25 651 221
100 51 400 706
25 11 345 947
94 69 154 714
29 61 202 16
88 77 933 807
84 74 613 558
7 56 170 763
41 8 993 707
92 15 798 446
100 4 793 223
96 78 193 302
78 35 565 498
21 33 13 267
51 34 882 604
96 26 238 911
55 20 703 854
22 25 672 28
3 21 243 353
11 59 459 639
92 86 694 695
90 56 439 708
38 87 276 882
71 33 277 642
42 73 357 374
98 70 55 269
77 78 886 859
63 58 924 302
28 95 599 472
11 7 777 600
82 15 422 279
44 45 678 913
76 87 72 801
1 69 169 197
29 52 293 593
19 14 243 902
6 19 550 3
62 69 674 224
83 30 368 727
23 43 761 499
91 2 189 816
72 47 197 119
35 13 302 135
99 4 730 480
51 23 346 976
2 100 989 427
18 27 293 706
3 60 760 674
72 80 717 844
19 60 434 384
33 69 797 898
41 33 280 56
40 17 400 728
71 41 6 819
4 75 414 420
65 38 470 334
100 48 787 586
14 49 478 365
73 39 637 103
82 44 209 540
72 94 935 721
29 97 36 616
78 75 66 37
72 82 530 70
59 15 726 381
14 8 129 377
42 12 881 373
70 77 470 633
72 37 310 516
95 87 197 96
20 14 206 918
92 59 418 627
42 35 652 737
71 46 141 761
26 85 728 372
100 66 998 191
47 48 105 380
10 65 422 697
44 71 684 392
9 48 748 917
89 78 970 165
88 74 860 174
36 27 774 556
3 67 193 629
58 1 996 584
43 99 122 392
36 68 928 712
35 28 964 728
89 27 937 812
13 90 427 295
83 54 818 692
71 6 73 860
66 70 3 212
91 78 30 346
38 58 992 530
9 1 51 822
67 9 849 609
76 98 774 72
71 5 298 438
15 71 407 123
81 12 303 99
2 74 587 205
78 31 106 315
46 96 304 424
35 48 509 825
98 33 17 899
26 8 601 781
77 24 713 926
4 18 180 70
88 2 174 563
49 45 644 631
50 31 731 829
81 48 186 605
76 56 379 905
100 27 48 361
53 42 620 747
59 52 199 746
96 65 158 258
66 32 85 612
25 27 751 14
57 70 702 929
35 13 660 185
13 83 741 433
33 27 114 252
99 69 370 604
41 37 912 759
72 26 817 794
23 17 762 532
63 49 793 702
5 65 988 911
38 18 226 84
67 48 172 929
13 29 360 359
74 72 761 924
68 49 951 121
81 7 388 282
48 20 874 426
48 47 47 960
89 49 500 402
40 54 325 264
43 74 283 34
93 39 287 280
80 8 508 20
23 82 42 924
61 26 419 542
80 83 658 380
94 6 152 320
1 18 609 354
32 19 937 511
50 49 656 142
96 24 695 844
14 24 871 819
33 19 758 359
36 12 123 585
2 77 605 98
12 76 817 388
77 100 801 398
58 99 477 139
20 91 721 636
75 49 996 125
61 73 410 446
100 27 445 593
12 87 906 437
32 80 589 964
26 53 724 962
29 17 613 793
46 94 635 838
60 38 311 566
90 99 803 802
8 49 24 175
43 77 354 293
61 85 406 693
83 89 350 168
33 34 261 477
76 5 776 478
27 92 316 341
92 2 797 327
40 39 897 680
57 92 365 169
45 78 718 24
86 83 70 459
17 24 585 67
38 86 598 51
28 46 597 968
16 68 117 294
66 100 626 575
78 36 28 416
64 82 682 96
70 51 991 539
97 90 55 803
18 63 84 667
70 89 896 10
87 68 133 963
45 3 632 182
70 47 226 893
67 23 215 565
39 16 499 872
83 16 970 928
99 84 301 235
97 59 965 734
2 90 743 946
37 36 281 189
31 20 141 690
57 87 429 846
4 3 282 724
87 64 766 64
15 38 198 64
10 56 892 51
73 66 161 726
53 92 643 493
60 30 670 756
2 10 406 984
100 47 322 71
96 79 446 840
48 6 814 355
25 54 497 472
97 86 192 490
25 6 83 986
2 80 382 596
37 84 395 20
28 68 331 680
66 75 81 844
87 3 592 391
89 32 167 520
32 72 518 165
62 36 622 240
29 23 142 395
57 19 820 897
71 76 940 312
1 91 165 423
96 98 988 596
69 86 853 3
20 100 723 907
47 26 425 706
14 28 346 949
34 36 48 10
8 98 810 544
55 32 702 881
88 32 219 83
68 26 608 269
91 2 692 156
10 35 176 588
92 61 616 314
27 67 722 843
51 47 888 728
52 33 80 85
17 10 312 980
63 13 813 802
79 77 223 873
85 28 913 671
18 81 591 769
10 12 438 717
11 59 570 889
44 85 623 102
25 92 553 616
56 35 377 245
8 6 241 742
12 18 215 14
95 13 667 892
17 21 925 166
8 90 983 5
58 94 799 792
45 65 830 132
13 10 531 280
75 68 162 547
70 76 257 477
51 83 605 531
97 12 800 799
31 8 916 525
96 79 244 852
17 15 250 3
24 30 343 347
20 32 775 910
47 57 819 845
4 40 549 396
57 70 576 910
45 63 769 823
58 37 508 595
67 81 113 278
11 51 713 712
1 59 240 844
1 9 854 836
35 10 415 405
6 73 90 856
25 24 192 578
5 65 376 259
80 79 248 906
8 91 23 422
1 79 120 711
59 29 509 974
18 45 835 941
41 18 400 695
3 16 45 508
96 30 440 592
9 46 25 320
55 56 905 845
20 33 546 7
2 13 617 932
28 68 960 176
96 22 103 560
71 5 355 810
63 100 89 787
89 38 117 729
42 44 551 261
59 96 305 846
36 38 485 398
40 15 897 56
89 8 776 752
17 72 364 364
30 31 860 134
61 14 945 379
90 37 625 869
98 19 623 77
78 82 882 142
89 97 31 854
75 73 542 5
53 54 468 677
66 13 411 874
28 22 389 837
97 51 182 822
14 46 986 953
85 95 496 131
10 22 8 15
76 6 511 254
23 13 600 260
41 44 819 716
75 96 239 864
73 54 64 569
32 62 2 245
42 36 51 219
31 89 448 16
88 9 95 364
84 42 641 429
100 5 520 624
98 49 52 468
14 6 215 575
86 60 926 824
74 65 285 446
97 81 686 693
85 67 644 799
18 41 784 718
99 73 492 692
20 21 850 491
38 71 922 270
36 82 346 335
28 52 469 272
47 19 565 177
81 87 289 526
48 4 712 401
53 5 162 149
2 75 443 602
48 51 130 254
53 88 826 385
90 10 308 294
2 27 906 865
71 73 850 571
52 77 650 831
97 52 478 659
43 68 322 770
37 63 290 135
54 98 518 191
49 31 612 630
70 21 352 154
3 9 315 368
29 81 585 439
44 62 374 20
49 35 48 671
6 91 218 803
73 14 285 741
85 51 677 192
54 84 775 187
62 55 309 321
80 81 979 456
35 23 651 298
68 80 818 411
82 92 127 99
10 17 667 603
24 53 876 421
97 58 753 214
76 65 812 627
42 68 532 905
97 74 130 384
89 17 398 120
31 9 48 343
26 64 956 311
33 43 987 688
89 21 926 140
34 41 909 132
32 47 371 505
83 84 178 449
11 41 129 725
71 35 612 682
56 93 193 408
52 72 471 62
11 98 790 167
47 1 466 191
32 65 975 929
54 62 615 385
17 13 504 958
3 2 166 773
37 56 403 650
41 82 643 52
57 8 7 776
74 58 460 885
11 36 307 943
11 85 132 478
49 92 550 465
36 68 585 693
38 67 329 545
25 48 889 698
63 74 209 1000
99 37 150 961
71 11 865 312
63 85 554 953
63 27 900 773
63 37 504 256
15 37 608 601
51 82 903 36
2 45 173 618
91 37 528 941
93 68 383 754
27 91 13 164
67 81 884 268
20 32 771 310
71 80 985 37
35 23 383 795
70 94 93 871
51 58 971 223
2 12 830 149
65 92 346 186
1 26 598 879
47 38 907 698
76 100 83 458
35 75 45 295
97 83 77 825
44 20 122 812
56 67 881 737
94 55 784 198
14 42 121 351
2 43 491 792
72 64 268 21
33 98 260 230
40 26 812 651
56 11 545 27
25 93 213 754
86 3 139 713
89 95 256 391
46 67 85 539
76 40 861 780
87 14 161 769
79 64 608 977
51 4 367 661
48 28 629 70
67 60 679 539
2 71 4 292
30 46 387 649
66 7 737 605
15 76 493 10
52 82 297 817
66 39 196 671
63 35 488 984
47 45 347 718
19 43 675 511
55 8 350 856
30 25 54 718
84 39 819 765
84 65 232 226
55 4 651 863
57 17 503 951
35 100 600 449
46 6 489 266
97 94 438 947
34 8 683 898
20 76 956 771
26 88 449 943
84 67 648 413
60 23 314 840
12 54 402 926
40 75 224 973
82 19 283 830
26 9 976 469
5 80 92 491
23 40 46 155
71 51 480 110
99 19 63 436
28 18 39 183
22 84 271 900
7 21 17 305
51 12 593 252
49 11 745 465
10 76 734 101
98 21 285 57
45 34 316 182
79 69 270 812
35 81 71 354
52 5 400 675
92 64 981 753
67 29 181 916
92 52 333 898
46 61 308 498
32 50 725 835
29 23 153 489
21 78 986 215
45 13 57 134
72 3 628 555
74 37 386 173
83 15 782 598
95 37 947 846
10 61 991 461
23 43 396 913
41 38 721 341
93 75 758 296
25 59 107 470
31 60 244 911
5 10 24 16
92 20 332 850
37 55 200 16
3 61 270 279
7 13 59 107
92 10 978 845
27 37 961 87
27 9 180 516
70 73 9 664
89 3 9 881
29 66 211 86
89 36 358 59
43 22 656 206
44 71 705 912
77 41 634 119
87 15 59 860
63 66 529 8
89 92 171 516
36 23 588 67
50 62 817 499
65 86 189 829
6 54 862 58
28 96 330 590
32 18 124 869
86 65 746 111
73 61 247 836
74 41 156 71
81 64 71 782
29 85 493 880
12 15 658 289
17 56 737 854
89 9 779 840
84 85 761 487
1 97 575 65
9 75 839 152
67 6 35 599
64 47 706 605
94 63 989 265
39 25 121 588
12 9 632 507
98 55 360 432
49 87 876 127
26 34 826 535
52 58 426 951
96 22 230 830
93 67 937 955
46 76 517 6
75 48 42 519
86 2 537 158
48 55 446 544
71 52 897 694
12 89 396 352
99 76 364 616
23 29 89 48
2 86 37 625
56 68 153 631
64 48 451 609
69 1 933 955
74 59 1 844
57 9 341 18
7 60 854 612
48 38 1 656
46 15 862 562
3 27 350 596
99 8 792 256
45 98 856 324
46 54 420 451
86 58 978 726
37 66 348 167
98 35 464 667
15 32 221 584
36 89 577 680
88 98 177 632
20 84 818 725
52 54 620 862
68 69 419 963
33 1 854 310
91 62 652 983
8 86 704 663
92 13 599 427
70 14 727 276
77 46 237 168
76 19 290 5
33 59 276 218
73 20 836 232
10 50 537 433
78 81 165 72
32 14 960 181
69 48 433 108
72 79 428 592
52 16 822 452
58 6 265 382
26 52 317 42
69 93 345 28
18 31 939 996
86 90 522 74
11 98 988 255
38 57 840 87
36 84 462 86
8 39 625 748
37 36 931 658
10 36 906 571
42 82 130 400
21 1 135 278
9 76 838 585
2 4 203 45
66 65 861 548
23 55 99 992
34 17 323 323
20 64 570 872
3 77 900 454
5 97 652 773
3 38 119 686
28 48 863 955
20 36 689 565
49 55 556 775
22 11 479 64
76 18 518 702
62 78 412 481
14 94 833 362
75 7 126 227
100 39 66 12
33 8 663 804
42 55 521 6
49 53 794 620
91 33 986 840
76 29 425 111
42 18 487 203
55 18 9 979
66 13 213 826
82 27 45 788
87 40 914 745
48 92 403 813
68 12 20 835
22 100 157 85
54 24 724 962
79 62 582 113
94 72 238 245
26 39 172 941
66 26 740 200
52 66 419 800
27 76 403 288
64 83 899 681
22 3 748 510
89 62 413 6
99 31 853 370
92 68 474 671
72 45 511 557
89 76 836 313
78 72 132 296
2 61 961 757
39 81 519 311
50 28 174 797
72 15 346 612
56 39 291 988
2 22 405 938
9 35 219 873
93 85 304 292
58 65 569 596
10 49 698 441
98 50 75 117
64 25 377 847
39 67 523 516
50 30 629 649
66 81 713 436
4 39 54 458
68 11 239 752
7 72 122 827
93 94 790 93
8 5 859 195
62 64 634 610
57 64 285 670
85 12 294 882
74 69 253 50
29 33 411 117
5 45 476 162
10 90 664 620
45 98 237 380
40 30 908 466
5 51 698 869
78 24 220 447
67 20 452 278
76 45 452 971
3 68 922 104
10 91 497 125
97 56 513 742
87 80 293 480
14 41 761 933
13 9 529 953
28 95 764 854
93 1 21 622
95 52 849 184
6 55 283 116
1 38 778 190
71 53 708 393
65 38 10 316
62 5 346 368
90 1 701 466
45 12 281 836
45 57 872 961
59 97 850 125
69 50 635 432
97 29 121 212
15 12 862 733
95 51 399 429
15 9 801 540
48 94 676 125
69 48 491 122
56 4 479 722
28 78 550 478
46 29 633 813
12 29 192 441
4 64 775 953
73 67 669 106
3 10 101 772
50 65 214 143
94 6 498 732
58 14 911 498
45 76 678 477
60 42 816 205
2 7 746 4
63 79 77 913
21 94 615 101
8 70 157 97
9 21 838 376
16 60 184 496
74 59 272 700
59 30 493 983
33 10 252 697
87 69 581 336
35 26 517 942
79 91 449 173
15 2 145 432
25 59 581 475
11 46 491 575
43 62 484 77
88 36 410 978
71 35 870 649
19 94 938 766
6 58 873 862
61 78 672 592
65 40 282 101
78 45 592 593
48 10 510 109
70 42 359 747
86 52 495 942
25 19 716 818
14 2 759 469
64 14 320 700
78 11 516 539
69 74 658 188
22 23 878 134
26 39 328 157
96 44 702 619
59 62 447 99
93 53 35 48
66 80 335 301
95 1 865 686
20 26 401 674
42 44 584 618
40 29 444 378
96 51 760 832
3 39 956 779
44 99 803 275
33 26 59 692
76 82 449 723
27 85 432 373
93 69 387 180
53 4 523 429
51 26 625 63
5 39 447 498
57 62 124 769
70 31 216 150
57 99 993 737
73 29 891 674
96 30 956 208
55 22 866 244
19 58 921 544
72 93 489 585
22 100 287 323
66 56 465 364
2 70 733 631
41 18 628 28
83 44 122 937
94 79 659 386
87 92 815 651
99 58 905 845
77 85 443 433
43 86 728 607
7 95 20 428
72 16 840 409
19 17 93 770
45 13 47 354
55 47 921 377
16 69 632 329
8 25 144 131
54 27 655 952
43 26 956 484
20 59 273 187
81 87 193 315
65 85 219 409
93 37 621 153
66 70 604 404
67 75 914 383
64 83 528 620
50 62 997 175
6 30 54 167
20 52 823 540
100 73 888 818
14 1 864 153
87 39 967 5
86 53 565 2
51 37 233 928
66 91 297 642
37 71 483 368
63 79 44 814
5 13 776 500
83 70 288 197
91 89 10 166
84 87 839 328
70 80 713 599
68 83 604 225
61 19 744 182
32 33 356 901
54 85 970 290
63 29 45 899
56 73 344 362
5 76 249 629
96 9 70 462
9 72 879 261
70 45 174 798
69 40 90 883
67 17 973 844
16 97 5 783
92 45 351 284
12 2 478 935
90 26 784 85
6 34 792 266
44 61 580 171
18 3 479 411
12 35 953 881
59 51 824 905
22 43 162 377
3 1 779 221
77 71 684 116
14 73 815 407
37 85 27 974
31 14 446 827
5 22 268 475
83 93 509 438
50 55 462 194
80 68 231 214
78 42 830 516
97 92 774 405
39 82 372 224
43 44 357 737
51 23 752 962
80 95 305 544
45 51 964 781
38 31 370 356
8 20 947 659
3 80 651 509
85 42 982 216
42 95 703 617
40 93 657 610
66 17 200 215
76 72 187 819
26 65 35 799
51 68 977 321
24 10 422 281
59 60 516 693
38 1 387 464
62 16 75 716
64 69 37 936
55 64 488 684
12 52 172 867
60 96 918 399
30 93 879 619
2 39 647 216
71 24 933 5
26 86 265 299
67 41 122 27
43 87 185 450
85 84 706 798
5 11 202 315
57 93 31 767
70 62 777 837
13 20 198 807
62 30 378 470
21 64 438 979
47 9 908 2
21 61 362 106
15 33 68 327
64 70 361 222
25 33 647 37
38 26 456 169
90 98 184 411
15 64 298 334
48 33 691 52
55 54 281 78
28 32 703 409
62 44 62 251
23 34 100 752
36 64 386 519
32 6 208 663
54 96 654 707
70 29 421 313
21 76 742 627
52 5 660 97
50 21 552 540
63 62 976 240
41 94 27 644
58 76 441 50
57 69 432 629
55 16 788 575
54 81 709 719
27 22 451 935
72 14 865 649
71 75 251 894
6 13 123 560
64 84 289 627
54 30 388 125
73 53 700 59
22 39 828 360
90 16 771 78
46 91 353 16
37 58 562 711
59 51 419 511
25 31 240 856
34 72 460 649
13 36 383 468
9 91 298 346
35 92 134 96
97 46 665 973
6 9 819 420
3 86 678 134
46 42 334 324
56 52 283 662
26 47 1000 828
86 35 551 974
98 82 238 494
14 19 597 864
44 73 985 726
81 79 99 762
90 13 48 942
36 5 397 204
85 39 110 183
93 46 520 630
20 96 564 603
6 5 336 139
66 69 201 549
45 73 889 332
53 65 670 264
49 33 343 273
23 76 161 222
74 45 595 550
87 100 639 981
28 81 715 160
54 64 597 60
30 24 384 256
46 56 970 12
21 14 862 223
46 59 107 737
10 92 467 412
22 83 601 638
18 100 64 193
67 38 749 506
34 4 75 300
85 83 388 391
12 58 633 822
17 70 983 222
74 4 320 479
42 32 420 916
96 28 445 392
54 77 976 830
9 61 414 182
23 87 45 851
3 35 833 135
63 56 697 527
53 77 367 988
51 100 334 882
12 86 245 544
24 35 93 659
48 59 629 802
79 23 526 211
98 35 703 986
3 89 221 697
11 86 839 109
29 84 801 234
61 94 106 21
26 94 364 865
33 29 713 4
85 6 932 331
100 21 61 932
43 1 828 324
95 100 54 885
46 11 714 137
26 64 570 263
83 34 464 999
84 51 203 235
31 39 473 16
56 3 655 975
88 65 104 905
23 29 284 308
2 78 181 452
72 4 689 207
21 45 790 85
74 78 831 620
47 18 928 514
92 73 393 182
44 5 906 300
13 66 681 8
67 13 470 638
73 17 841 563
52 32 860 90
52 10 650 363
92 79 286 990
2 49 533 678
13 16 556 216
94 8 424 311
25 83 214 836
21 78 583 374
30 41 207 657
81 17 524 516
78 88 288 959
16 3 684 305
61 50 454 591
71 88 718 805
46 58 436 392
57 96 341 664
5 85 224 203
84 55 842 493
4 48 919 517
40 17 822 602
94 26 563 190
71 55 23 796
58 28 432 392
32 6 326 93
68 88 814 884
81 65 549 450
98 41 988 192
14 4 613 987
4 88 368 89
70 37 68 77
33 64 89 998
23 40 705 824
94 31 718 628
84 29 687 861
26 1 381 999
65 3 505 650
94 4 823 127
8 74 860 2
94 84 703 307
33 58 565 107
37 48 803 670
67 100 346 500
21 15 553 689
30 94 65 227
5 96 930 833
84 75 581 437
43 89 598 421
59 2 364 368
51 57 636 141
56 85 451 897
40 82 179 596
43 12 431 100
71 87 293 790
88 39 955 984
98 46 900 499
85 35 259 636
4 44 312 703
40 43 790 752
61 62 89 588
84 17 98 913
6 50 752 248
59 8 542 149
78 97 9 87
59 66 600 326
51 13 271 508
26 28 806 540
24 68 687 719
18 98 478 670
72 27 452 40
16 31 741 296
1 34 298 358
81 86 529 286
24 19 785 308
10 30 17 931
38 60 12 235
40 54 27 938
15 38 431 529
36 90 28 995
96 12 170 35
76 90 83 958
56 63 410 311
90 46 584 384
85 4 135 695
88 49 698 999
3 95 570 667
39 16 758 788
89 21 316 301
52 19 406 101
42 47 740 805
40 9 326 250
51 2 390 828
61 37 552 408
88 23 865 569
28 93 661 76
55 35 578 827
23 97 102 316
89 32 607 614
38 52 789 867
87 18 47 99
96 75 96 815
31 62 567 255
20 62 942 854
9 65 721 285
12 1 339 405
87 59 330 217
35 84 969 770
88 95 722 223
38 71 393 896
30 99 1 482
85 96 561 459
55 83 649 97
86 97 624 750
60 26 288 599
34 56 383 173
85 6 693 524
18 65 2 240
99 69 804 736
77 60 914 969
64 62 912 902
11 9 379 821
88 14 899 594
39 9 534 523
30 3 147 939
96 80 238 702
66 11 422 844
22 73 580 432
17 52 258 298
71 72 458 27
29 3 665 793
73 36 94 297
22 75 434 179
45 83 336 834
21 12 926 377
88 40 301 370
45 71 544 174
73 81 974 629
10 90 127 254
45 7 231 705
3 10 467 213
57 55 125 636
64 53 893 136
21 77 14 440
94 26 278 354
1 100 314 280
1 14 819 155
46 14 777 644
23 26 586 578
48 76 91 173
75 36 967 337
20 51 489 713
61 7 484 615
67 56 158 57
79 48 210 425
22 26 703 344
44 82 874 632
31 73 794 965
11 5 940 832
94 55 729 522
30 14 498 340
62 41 681 842
22 51 125 97
4 12 173 778
38 21 719 727
21 48 295 58
73 16 943 883
38 100 724 225
44 51 171 404
11 37 502 854
72 41 884 836
90 61 974 299
75 62 749 203
13 56 955 154
100 95 775 310
86 52 574 4
24 13 341 584
83 61 136 53
39 54 414 140
93 4 949 37
17 10 286 957
100 2 436 252
50 54 786 600
85 23 674 836
39 14 640 797
94 11 995 842
49 78 683 676
47 60 860 443
93 98 450 494
41 32 688 808
35 39 287 197
90 65 33 674
88 65 637 909
82 98 170 693
84 3 889 628
29 51 628 683
78 55 186 389
29 91 395 372
73 4 937 539
68 97 643 168
50 76 240 997
75 40 213 593
49 55 661 309
31 2 218 894
93 12 475 55
49 44 450 158
30 64 117 732
82 44 140 346
90 24 366 62
49 2 495 766
99 20 735 443
95 75 539 651
40 10 882 522
43 20 630 606
66 1 868 822
79 98 407 921
42 31 145 261
32 60 809 25
55 62 842 800
9 84 925 859
19 93 501 969
99 94 825 616
86 73 902 987
66 68 995 835
79 58 436 226
60 70 132 727
40 53 710 247
65 62 78 614
37 80 612 539
89 93 721 218
56 53 64 189
18 24 569 60
81 84 281 120
11 53 219 486
50 55 625 997
71 54 921 370
19 85 768 453
55 6 327 191
19 5 326 142
91 93 15 808
43 25 856 141
81 13 284 188
13 11 53 882
52 73 920 897
74 29 331 999
98 49 864 621
84 63 389 792
1 58 273 562
20 42 274 201
40 87 818 724
82 25 39 334
60 89 936 270
96 23 12 234
31 18 663 217
70 100 166 351
65 7 224 828
48 27 673 281
26 21 531 223
12 7 343 465
69 71 339 597
91 69 548 598
34 75 297 88
83 27 495 78
50 76 140 878
2 33 606 937
72 61 192 494
25 73 440 578
54 2 384 859
10 90 208 339
30 33 179 106
85 87 697 946
40 17 870 901
17 78 27 539
70 46 321 924
22 97 833 475
85 67 560 801
41 66 224 533
51 99 595 128
54 24 87 807
69 54 483 157
40 94 177 497
11 80 845 143
26 56 765 436
37 17 480 707
67 87 685 415
41 21 646 423
24 96 674 300
96 72 377 385
34 20 864 926
64 15 641 300
59 66 81 573
84 15 918 803
6 88 64 713
41 3 84 419
93 83 54 545
19 82 16 510
31 40 483 533
67 80 479 344
77 19 323 249
48 22 224 121
47 39 993 927
10 72 301 97
4 2 828 258
39 53 447 454
87 56 909 507
100 74 859 912
99 48 191 430
97 91 67 615
34 88 830 708
59 47 543 654
90 5 574 440
80 83 775 856
89 80 118 897
69 32 405 354
33 3 185 222
68 13 253 412
38 100 708 729
52 47 374 713
76 81 914 143
59 65 643 401
98 36 852 954
46 80 693 529
7 80 626 828
42 68 606 581
43 19 339 671
23 69 550 605
16 77 475 698
27 52 327 830
33 95 93 302
56 63 670 689
92 95 431 389
46 65 474 40
65 66 511 875
13 78 685 978
26 80 593 890
57 95 188 761
80 93 980 307
85 25 649 339
68 8 67 836
20 6 210 109
93 46 93 995
45 30 959 561
29 18 197 720
36 44 438 374
14 39 763 88
72 82 739 296
22 15 995 635
6 21 441 381
56 17 976 66
23 66 924 442
53 75 109 595
91 90 369 980
34 21 676 823
17 84 79 260
43 84 712 933
18 74 767 435
44 61 115 764
40 70 506 638
92 55 897 134
20 24 455 493
65 17 734 294
95 39 618 762
53 18 132 273
61 31 776 440
22 24 69 999
95 85 471 211
96 67 925 735
44 3 515 769
56 93 352 938
51 42 570 807
50 43 911 128
6 51 833 435
27 67 341 311
95 47 219 656
77 6 577 211
48 99 393 243
25 89 491 338
14 34 998 618
3 87 104 132
92 42 798 497
44 32 10 88
91 73 973 483
59 28 961 227
96 16 263 924
59 26 955 569
40 51 743 265
2 70 736 303
97 4 73 981
48 17 587 454
23 7 916 600
54 34 639 146
98 30 209 5
23 2 331 792
40 26 643 58
15 40 13 603
69 19 49 947
69 72 484 949
42 53 488 923
83 57 380 825
97 60 394 795
15 52 581 638
55 90 79 87
46 74 447 368
64 38 376 481
31 58 354 176
83 1 463 770
70 3 64 236
7 8 2 418
7 37 317 10
85 8 720 944
46 87 860 344
51 67 862 849
32 89 518 550
29 88 746 13
83 69 492 622
27 9 705 566
90 42 248 8
90 31 394 118
26 41 374 387
81 31 474 320
32 85 996 406
94 59 292 706
59 17 84 175
74 83 341 30
34 67 398 491
11 22 789 853
24 92 704 447
44 78 791 486
53 72 153 179
13 55 781 583
9 18 442 111
48 80 670 358
18 80 408 22
43 97 154 850
18 7 428 546
67 18 30 664
23 43 751 158
17 39 308 709
34 69 815 340
11 35 853 506
70 87 490 448
34 69 170 42
89 42 130 136
48 64 593 753
71 15 332 972
33 51 677 941
87 85 572 139
39 33 248 381
77 81 827 895
95 100 777 585
33 72 586 382
11 81 449 778
19 97 458 532
12 86 323 981
10 6 558 726
52 39 369 279
73 5 782 947
58 22 210 691
24 76 769 1000
76 69 249 338
48 85 590 546
70 100 104 801
1 95 968 352
78 98 681 500
67 55 151 688
59 76 302 910
64 25 694 865
75 92 576 492
88 11 930 203
52 92 51 854
66 92 968 62
49 74 294 918
11 98 661 104
29 71 9 220
65 11 725 70
97 9 186 829
69 49 315 592
24 39 764 145
47 4 883 79
48 65 436 516
50 34 228 96
82 49 660 944
26 23 589 932
71 55 427 141
90 41 662 457
68 89 984 552
66 89 986 138
91 28 467 355
75 31 490 200
89 8 196 230
71 6 459 725
99 33 989 610
54 17 345 68
58 83 582 412
11 55 192 106
61 62 385 117
6 79 354 685
36 45 527 316
34 90 837 482
76 14 90 330
43 93 418 418
19 84 460 383
100 30 126 790
64 48 335 763
96 73 292 569
98 15 214 854
80 91 505 492
50 44 906 977
23 81 996 125
82 95 313 660
76 58 485 898
98 33 125 767
61 98 171 275
54 79 998 264
7 63 37 495
88 55 385 835
10 95 499 382
3 76 778 574
53 52 368 930
28 62 38 451
69 74 292 212
44 51 668 201
1 24 622 465
54 35 371 405
22 87 869 675
66 41 136 692
33 52 100 217
88 15 719 697
67 42 202 12
75 54 74 613
90 58 802 19
18 91 613 5
62 100 48 993
86 83 600 635
15 17 378 668
52 21 662 468
51 78 466 266
51 28 887 464
8 79 207 105
65 42 379 611
82 28 933 31
18 97 893 359
85 57 776 581
35 12 901 889
21 94 998 1000
60 33 667 96
8 54 599 504
100 34 185 460
28 46 931 591
19 97 956 454
6 35 350 871
84 5 410 207
53 25 165 197
25 11 184 755
100 10 95 59
60 76 261 275
72 96 425 473
41 33 36 689
7 89 734 564
64 92 106 828
10 56 143 490
51 76 97 771
2 51 123 559
83 74 407 740
33 8 595 259
91 81 422 557
86 38 456 147
13 87 400 991
50 41 125 677
54 62 471 135
82 76 423 434
2 19 748 497
63 66 563 217
52 60 160 737
93 61 428 693
61 25 576 92
31 30 699 851
46 20 702 543
32 79 1 625
65 29 194 981
79 46 584 832
6 34 717 46
2 73 20 791
74 90 218 498
91 70 762 713
98 38 246 927
78 67 358 351
66 22 350 284
11 5 672 46
2 56 737 959
8 21 966 594
8 81 662 675
34 72 110 261
18 79 684 157
63 45 342 977
44 68 270 233
67 31 658 467
36 80 727 442
86 54 129 427
70 55 970 744
13 22 425 592
28 33 29 462
39 42 911 790
85 82 469 960
22 63 557 477
29 70 325 588
36 48 801 392
75 63 453 49
54 82 407 705
50 57 96 379
55 50 29 825
55 80 801 961
21 65 848 305
61 62 457 591
23 50 891 153
96 26 149 498
3 83 416 999
70 72 202 464
76 53 894 918
40 92 645 771
84 72 749 669
79 100 655 205
31 78 297 375
12 88 70 273
25 21 663 237
94 92 858 82
81 73 979 94
48 77 285 949
47 93 773 678
57 38 145 267
33 24 863 488
67 55 990 932
25 27 417 763
76 33 738 869
32 12 77 348
78 16 188 65
68 80 371 978
84 44 845 370
82 19 197 950
32 85 497 907
12 64 309 339
97 59 711 17
29 21 272 570
62 33 935 513
23 18 261 88
72 39 47 269
87 19 876 735
16 56 357 748
20 71 48 496
68 58 621 786
58 10 127 238
78 83 409 865
46 67 892 689
89 35 800 575
21 55 960 272
78 74 318 337
63 61 727 479
13 92 491 226
38 16 304 170
50 60 639 442
29 33 109 607
53 46 59 537
88 58 612 859
52 45 9 673
61 73 394 543
45 9 164 324
79 86 100 820
80 37 786 555
16 44 80 50
25 16 790 637
93 87 412 202
43 60 873 850
79 91 995 276
58 91 980 575
56 7 33 93
32 60 944 395
3 74 997 21
97 54 667 475
85 22 161 62
17 84 613 477
72 26 754 996
63 8 366 150
10 8 454 627
53 62 198 420
12 21 12 303
86 19 732 512
7 90 655 460
80 8 116 91
59 62 738 321
8 54 866 795
50 63 995 498
24 67 20 591
11 100 573 35
87 52 376 868
77 47 243 117
36 57 996 668
12 13 251 377
99 63 318 777
56 87 412 325
76 37 65 387
89 62 215 191
92 44 774 706
89 21 214 279
50 35 46 602
86 43 223 749
36 29 172 471
41 86 187 249
89 40 560 778
69 16 918 574
25 80 656 238
69 8 25 774
55 97 626 624
17 51 52 896
18 98 819 391
42 90 612 136
31 62 234 377
35 78 285 539
8 100 642 44
54 38 198 978
10 18 227 707
64 48 662 282
38 43 897 897
52 10 852 749
58 17 502 77
5 92 475 10
59 34 949 449
92 82 125 658
53 65 323 806
36 45 915 954
44 31 109 514
22 20 868 672
39 21 935 55
74 60 8 455
48 78 644 933
88 10 1000 667
26 84 64 650
46 23 954 324
46 60 813 664
40 77 363 232
40 50 506 634
51 29 806 36
92 99 536 339
61 77 401 612
89 77 490 667
12 23 104 466
94 5 457 453
39 92 623 229
56 63 561 151
18 43 576 941
80 65 982 777
6 33 625 70
47 87 158 637
77 16 348 165
50 30 928 582
6 98 76 34
83 69 144 389
100 83 571 500
17 64 75 77
10 85 156 440
85 63 971 932
73 52 598 162
66 81 126 788
90 43 512 64
70 20 224 13
97 87 46 236
85 52 168 140
66 61 522 942
54 47 482 474
57 7 675 671
16 25 449 38
37 53 573 152
11 23 786 31
97 64 242 746
62 22 785 913
18 48 349 177
34 61 26 614
99 79 260 893
12 78 181 500
66 78 862 608
30 21 167 535
22 86 598 727
80 21 120 985
63 18 864 34
15 35 378 254
99 86 549 558
60 87 621 15
51 57 23 178
33 56 302 114
64 98 410 968
70 11 652 213
68 60 923 634
55 19 858 334
28 54 788 211
52 98 412 129
63 40 971 221
71 11 774 721
56 92 444 89
65 42 314 350
33 86 197 215
10 15 916 283
70 69 980 718
45 37 596 564
29 76 181 540
21 81 461 315
10 94 946 570
39 7 251 222
35 86 870 837
79 13 288 507
4 71 557 105
47 53 505 475
15 74 350 298
60 100 566 236
79 2 860 612
42 92 127 677
81 7 45 481
3 53 640 696
54 11 75 126
9 80 122 75
15 2 465 557
96 6 739 216
2 72 649 566
87 89 450 181
87 33 253 678
25 66 378 402
100 8 223 651
37 81 852 28
30 6 372 39
88 64 451 361
92 71 299 760
10 78 455 931
86 63 256 127
19 24 298 226
48 38 491 980
18 35 877 409
75 95 106 677
12 11 889 404
68 84 272 356
81 63 679 454
100 59 239 401
93 44 789 77
51 90 178 348
54 86 19 764
72 46 441 972
72 65 578 259
82 14 267 53
8 7 484 215
68 62 837 672
7 85 346 545
18 8 358 450
13 96 380 559
53 72 340 106
23 73 427 833
84 66 735 172
3 28 330 633
18 62 901 629
2 14 310 586
75 24 893 150
74 63 173 341
89 42 775 810
35 66 167 454
7 73 122 72
29 23 128 334
9 65 342 749
100 35 623 868
86 77 417 230
36 17 349 125
68 76 226 213
77 51 210 28
36 39 545 372
21 61 224 962
94 52 142 800
56 7 467 661
48 81 428 278
73 41 686 333
82 51 142 83
5 49 647 596
84 95 869 352
8 58 907 712
46 9 248 432
3 6 209 906
96 77 569 82
9 89 446 15
97 38 93 462
9 83 487 50
18 90 621 8
75 31 694 802
24 3 525 58
65 13 627 343
78 51 761 697
14 59 908 897
58 98 269 4
59 6 467 541
55 16 488 257
61 80 143 386
8 33 608 924
30 85 271 804
27 67 251 874
40 67 357 760
22 38 689 843
12 72 847 795
93 16 335 86
84 74 836 798
94 45 953 689
72 47 243 981
84 70 690 644
31 8 500 492
77 54 840 123
67 99 20 879
74 40 998 912
1 72 889 426
88 73 514 917
17 43 892 865
27 65 58 225
98 82 406 497
33 50 966 519
4 96 697 832
3 34 988 457
16 60 283 290
28 55 243 673
87 14 611 597
63 98 936 69
40 49 545 883
93 91 830 687
1 87 665 142
66 64 531 294
12 84 431 288
4 27 285 624
89 78 221 263
51 11 220 260
7 80 134 182
60 80 778 841
63 88 763 697
58 42 823 142
64 98 952 552
2 1 199 906
92 59 367 101
88 46 429 930
4 2 870 575
55 62 180 914
59 27 444 866
58 40 862 7
55 5 990 35
80 54 865 115
97 41 247 393
7 40 261 44
1 22 760 97
46 93 827 455
34 19 899 886
98 21 756 945
42 85 858 452
55 84 28 310
54 45 181 247
34 19 995 390
56 9 864 270
56 88 885 575
67 69 27 322
39 82 577 868
67 47 586 337
45 96 670 769
65 62 684 699
41 46 497 68
17 60 43 846
35 82 526 936
53 78 65 341
44 68 286 218
6 25 605 968
75 30 935 709
46 69 915 181
60 86 593 981
48 71 556 876
62 45 190 682
85 40 462 630
8 50 484 969
94 39 524 858
12 45 107 553
72 36 31 648
99 39 526 821
52 64 974 837
72 58 753 315
38 21 712 193
57 37 90 769
72 57 811 374
37 50 714 996
21 12 269 645
95 35 743 769
66 80 651 594
90 3 214 698
42 15 535 527
54 15 481 762
90 38 350 914
53 91 990 608
6 74 449 101
53 42 507 12
32 52 490 459
67 45 854 677
32 21 264 140
25 86 675 435
15 56 60 262
44 97 830 861
57 18 356 537
1 7 287 284
87 90 996 548
80 39 484 908
39 93 10 161
57 3 861 16
40 38 29 532
53 26 577 958
15 85 796 68
71 88 145 482
79 84 849 743
62 96 878 301
49 91 813 403
78 58 981 954
33 51 282 146
83 80 954 249
23 62 202 177
85 76 641 37
5 39 395 758
8 48 977 590
73 57 332 824
18 37 769 1000
46 88 517 130
62 42 992 858
92 54 414 121
23 58 746 782
30 79 844 250
52 13 706 580
83 85 116 504
33 87 262 159
57 86 248 721
10 76 350 51
98 53 389 40
91 10 982 219
77 81 244 813
79 89 240 687
25 53 724 340
29 23 190 620
81 93 384 398
71 9 974 408
100 7 464 781
69 45 861 22
15 93 38 28
13 63 610 360
43 77 310 793
7 43 96 786
91 40 7 941
67 15 21 54
41 87 625 601
18 21 941 394
97 61 803 977
44 79 983 592
7 58 611 91
6 33 341 113
93 54 856 628
18 100 127 255
39 29 983 139
47 97 256 143
27 10 477 826
41 20 671 283
73 3 78 491
3 11 432 737
53 95 898 347
89 38 393 924
35 20 554 143
75 91 323 281
14 55 762 249
21 53 206 631
68 43 102 266
49 55 886 396
46 56 603 763
72 32 555 757
83 93 735 263
49 56 56 914
92 62 521 180
77 71 863 787
99 79 192 222
79 37 644 747
96 53 664 353
14 98 435 877
35 86 595 938
4 89 883 747
13 52 755 161
73 34 551 485
56 51 166 344
77 31 324 510
42 67 603 542
14 31 897 999
71 11 52 329
55 57 855 5
13 6 349 618
71 54 266 824
19 44 667 292
74 82 158 719
54 70 33 835
12 22 233 289
93 65 963 957
90 91 784 468
68 80 288 126
28 9 344 744
48 81 670 414
4 31 433 75
96 60 49 770
54 51 450 628
10 8 715 145
10 68 769 328
51 40 384 606
10 22 841 997
72 6 931 281
67 60 823 989
61 73 762 78
79 59 956 2
79 22 752 873
85 17 532 876
47 27 173 814
81 96 958 463
19 63 609 183
73 85 400 133
3 72 452 178
44 79 667 875
47 72 362 329
10 53 49 449
80 81 682 352
46 29 147 135
30 90 431 413
39 41 380 254
32 17 587 114
15 52 382 621
28 34 33 241
39 24 104 171
94 98 337 779
60 92 26 451
53 68 741 931
68 60 409 158
65 97 209 952
58 63 19 9
65 17 845 448
3 60 237 757
43 99 824 209
90 61 549 300
44 41 181 673
62 17 819 312
9 92 384 936
82 15 394 552
27 76 166 642
4 28 423 388
42 69 518 721
63 42 576 204
47 16 266 991
42 79 24 502
50 57 575 55
12 18 50 511
15 50 833 737
8 73 928 841
44 16 869 491
96 51 880 396
79 25 46 109
85 84 577 563
20 19 158 684
3 62 759 306
29 38 540 800
7 55 545 42
42 55 368 383
16 7 232 406
92 25 867 735
85 24 850 451
13 98 194 608
55 81 119 138
43 57 319 238
90 67 523 710
41 88 441 464
22 64 229 591
17 95 169 104
11 98 76 793
73 98 632 850
96 51 798 202
7 67 85 748
33 84 875 889
83 98 210 356
57 12 349 314
24 27 528 699
51 9 932 94
76 75 779 61
16 53 963 38
66 21 469 250
37 81 856 827
75 9 952 952
53 46 778 748
72 22 149 19
16 35 516 251
83 70 306 705
84 47 32 828
93 13 939 492
4 16 928 5
79 44 30 132
55 38 546 88
69 17 184 542
9 56 187 296
68 64 113 350
88 38 100 821
66 11 473 360
100 75 423 431
7 98 49 278
80 43 312 290
7 39 199 10
23 29 948 481
12 93 238 935
59 40 666 806
58 96 469 502
81 12 795 203
39 6 364 311
37 7 840 138
38 79 213 196
76 36 522 387
14 16 408 641
61 36 349 419
65 51 394 855
56 29 539 226
69 16 349 971
70 34 723 514
15 100 186 722
48 77 462 992
41 56 986 492
68 54 767 341
58 75 622 640
77 45 590 638
92 29 234 292
43 18 196 663
41 89 348 630
56 20 298 664
68 47 38 718
39 29 410 156
54 5 653 140
60 20 657 619
9 44 598 513
72 61 866 732
13 57 810 858
12 97 331 848
70 26 160 253
26 86 206 969
28 65 135 309
59 36 154 238
97 86 209 17
4 59 259 181
78 59 343 572
67 48 634 898
97 12 179 119
75 27 344 409
82 2 365 232
99 53 985 691
83 59 20 982
57 50 749 635
81 58 869 550
47 23 60 998
26 44 663 698
63 54 99 896
23 74 801 292
40 27 676 152
28 27 431 462
10 30 896 625
31 29 230 318
33 81 937 209
36 60 232 721
19 52 372 331
99 86 292 52
77 53 471 121
68 43 304 27
22 5 713 325
76 82 451 609
73 50 37 663
18 11 461 109
56 48 417 435
42 32 565 208
40 1 964 633
23 99 356 680
52 42 134 73
35 80 909 495
24 72 588 334
8 64 629 966
48 53 962 819
90 25 452 620
86 72 494 617
81 32 585 89
46 65 61 526
40 58 308 456
76 39 430 315
56 53 767 637
30 87 145 632
42 55 149 667
69 68 556 933
5 19 633 516
98 41 683 456
24 69 375 13
33 63 442 246
92 39 601 695
46 30 63 794
76 19 839 701
58 31 686 196
92 90 245 242
99 28 559 201
100 38 396 503
71 29 39 315
3 1 300 540
24 1 163 992
2 1 386 662
18 56 481 287
43 15 4 167
81 56 955 590
66 32 79 738
16 93 40 660
30 55 247 852
22 71 948 307
21 75 85 890
41 59 5 228
70 42 485 108
14 68 782 352
34 10 189 970
42 20 342 862
72 18 911 749
56 69 279 535
26 36 591 59
86 53 1000 254
92 60 987 909
15 94 488 130
76 78 696 950
35 8 49 405
43 84 9 333
8 22 859 831
45 55 612 902
78 59 836 901
53 68 884 305
86 14 62 799
27 80 466 386
72 66 829 41
18 60 389 858
81 87 29 816
92 60 63 939
52 71 232 863
39 79 163 139
84 86 547 138
11 86 405 526
97 39 353 672
12 90 785 974
93 17 476 276
81 99 979 152
35 24 947 892
78 41 589 917
59 70 185 972
2 75 29 156
89 51 786 354
42 89 415 262
43 99 46 289
14 98 69 710
41 70 679 689
44 33 953 609
39 86 738 889
27 2 918 668
55 59 453 659
21 48 706 889
68 6 278 299
80 17 364 920
69 99 153 367
58 56 516 192
98 47 922 466
19 11 669 144
8 75 832 883
68 21 258 411
25 72 385 544
45 32 435 273
23 92 718 103
63 19 352 349
23 75 114 34
65 88 794 170
12 4 785 295
41 76 229 376
62 44 43 241
94 19 665 537
43 42 748 438
98 49 577 217
45 68 196 808
13 63 287 584
14 41 805 332
70 20 795 140
14 7 951 919
79 76 633 449
91 69 358 830
92 52 537 614
8 63 562 906
19 5 103 484
76 2 952 731
56 97 320 665
100 83 499 400
98 95 778 919
26 40 48 266
81 5 530 901
53 78 312 66
15 89 775 136
66 54 539 166
74 10 893 846
10 6 585 884
85 25 873 162
56 33 318 392
59 15 996 638
13 52 518 950
19 2 329 454
30 40 39 354
51 43 515 856
96 82 885 450
31 87 150 682
10 7 387 220
2 67 993 691
60 96 65 25
43 82 733 734
75 22 452 786
77 48 830 671
55 77 336 898
50 47 868 938
52 85 740 701
68 42 678 260
71 72 284 431
91 70 473 954
100 39 440 230
35 91 918 24
43 45 591 469
72 57 332 807
88 6 447 228
87 52 42 187
88 1 519 985
54 3 438 245
18 62 948 462
8 1 892 738
37 8 639 227
84 88 518 427
58 62 634 229
3 6 830 261
96 94 652 955
64 65 262 506
63 54 148 789
43 28 473 703
57 60 779 884
32 30 599 386
88 6 543 62
16 47 185 875
5 7 725 976
21 52 625 300
85 23 917 579
27 47 231 652
2 63 263 177
74 15 171 353
21 64 27 25
21 57 673 204
89 1 68 503
20 9 184 37
92 87 405 45
55 6 985 543
54 30 871 800
89 25 128 668
76 86 848 109
38 68 566 670
21 29 645 427
55 81 366 439
81 41 119 971
32 41 555 110
71 76 156 854
16 7 862 4
84 46 864 776
6 80 229 155
6 64 729 44
59 47 987 310
33 22 452 610
28 16 680 867
26 84 379 925
97 75 558 747
99 14 801 407
27 65 569 865
59 4 495 463
41 67 834 864
95 16 743 293
1 28 750 289
24 90 325 775
55 76 428 124
48 97 328 248
28 13 601 141
56 41 847 573
99 60 123 729
100 55 907 140
42 60 210 853
29 58 922 965
95 72 91 180
16 39 650 279
79 14 360 109
87 2 402 65
59 91 154 500
57 81 910 346
34 76 563 444
68 53 238 531
90 99 582 712
15 48 6 430
33 81 533 160
16 73 649 289
80 36 935 400
61 68 819 10
4 44 540 2
69 27 605 917
23 46 579 928
46 34 833 706
6 66 102 36
30 96 862 645
47 66 580 330
90 80 686 82
56 81 56 269
49 73 764 97
41 27 494 985
59 15 556 1
63 86 343 283
45 90 897 575
8 58 180 376
67 75 212 203
85 5 227 424
59 54 230 88
61 31 548 392
98 20 460 73
26 18 221 468
71 40 346 801
22 55 621 539
47 85 210 911
75 2 84 103
80 83 110 551
37 96 904 498
49 100 414 717
4 15 629 195
43 94 209 147
69 15 629 76
6 62 170 240
84 21 691 944
77 41 207 873
38 80 801 8
31 9 141 63
28 42 47 542
13 88 107 314
63 92 145 992
29 26 290 32
50 82 350 722
66 27 145 683
58 89 69 975
83 86 694 214
63 20 438 56
5 35 395 550
66 20 145 448
27 94 105 855
13 71 105 863
88 98 498 193
34 89 534 254
25 17 937 121
49 6 417 772
67 38 216 399
71 85 359 393
59 61 964 273
96 94 831 840
36 22 428 447
70 100 58 480
55 74 236 451
65 99 482 698
45 23 271 199
68 69 163 976
25 71 319 966
96 75 510 386
12 68 780 286
21 18 978 374
32 66 140 808
79 81 696 138
1 28 347 222
18 9 689 796
30 34 959 653
47 63 839 27
46 72 352 547
9 80 809 481
18 43 540 328
72 8 657 879
53 98 795 545
82 34 749 146
27 13 258 785
94 36 438 59
77 62 860 727
28 99 983 223
30 59 69 371
30 25 654 641
94 13 527 947
77 11 419 696
49 68 347 741
63 19 432 151
99 48 435 391
46 63 593 30
94 26 170 626
10 27 623 579
85 70 109 869
15 69 894 497
16 63 217 376
78 27 889 570
36 69 31 434
76 28 651 373
25 7 794 468
44 18 87 581
100 68 443 860
43 97 86 5
44 1 244 460
72 59 931 897
49 14 287 685
53 55 987 502
29 22 160 303
72 57 486 787
12 79 677 942
13 57 441 996
82 26 579 295
81 5 34 246
17 5 933 731
85 45 933 791
62 83 250 903
55 59 482 39
75 2 505 650
78 92 676 846
19 53 374 943
14 3 680 311
96 7 47 80
9 10 53 268
54 84 294 655
91 49 760 439
30 26 320 532
67 56 173 6
30 60 24 961
45 40 430 835
68 57 778 404
26 27 434 800
17 37 326 168
99 94 603 473
24 3 438 60
40 47 851 867
44 74 682 769
45 85 16 521
6 81 424 113
24 57 403 10
46 19 646 442
71 17 47 66
37 83 317 685
22 54 742 507
90 50 913 976
92 90 621 270
94 67 972 371
79 98 575 300
53 91 230 718
30 8 367 464
39 14 729 669
26 6 202 434
10 59 691 789
41 35 674 85
49 82 770 152
4 16 853 813
60 83 849 16
46 84 261 238
31 5 369 298
91 45 49 589
20 65 707 371
73 27 830 597
77 25 80 623
11 30 104 848
83 39 213 200
23 92 475 9
65 80 394 113
29 77 124 288
34 35 73 664
38 8 281 204
5 25 319 855
75 92 617 592
89 100 411 725
67 28 1 369
9 74 328 910
52 85 159 65
77 8 241 285
28 39 762 756
20 30 60 590
33 46 927 857
62 34 754 957
39 96 262 83
40 55 155 627
66 32 261 882
36 86 774 286
3 74 608 457
71 46 200 73
93 74 684 31
92 11 374 472
17 9 598 680
76 84 906 646
51 16 417 349
81 16 632 473
43 6 515 177
49 7 31 893
66 38 950 772
67 55 809 570
6 84 243 725
79 95 7 172
77 46 288 927
60 23 253 360
98 16 472 888
36 87 744 900
80 72 627 552
20 28 80 415
88 92 193 531
24 28 890 113
10 76 216 497
41 25 322 51
28 23 491 255
89 96 998 817
40 1 551 116
90 27 600 404
65 95 336 567
79 26 655 438
8 15 873 833
93 3 929 31
7 3 752 776
44 33 484 125
97 69 567 491
52 27 806 945
34 1 183 646
69 49 54 832
69 52 452 602
25 40 886 205
78 2 841 120
60 85 705 209
17 61 642 326
11 47 770 261
76 46 116 702
78 38 600 140
40 54 923 216
23 77 709 628
98 18 471 107
38 50 898 847
3 15 857 115
71 45 300 464
90 98 297 181
42 88 647 804
78 77 282 15
85 57 872 530
8 98 86 315
25 9 406 876
65 68 473 112
69 67 598 273
85 57 493 423
35 12 657 496
99 4 918 792
37 18 105 426
67 10 357 908
63 20 68 358
53 67 752 389
9 85 126 725
50 61 479 97
49 43 455 746
92 69 971 551
74 76 788 557
26 66 711 858
9 98 643 353
20 52 468 107
53 72 626 851
59 91 253 12
16 74 536 733
70 66 409 941
32 33 671 766
17 79 203 851
56 44 791 910
24 38 291 414
84 91 795 43
78 86 106 655
70 1 380 842
58 81 277 147
83 5 776 389
62 38 452 588
6 7 942 415
3 32 797 807
91 1 848 113
30 40 755 402
41 54 216 890
63 37 804 988
68 77 179 699
8 25 816 476
49 61 369 934
24 100 827 30
68 31 160 173
8 40 152 684
57 39 428 109
22 48 526 284
4 36 259 266
88 95 757 42
43 65 55 835
56 32 827 398
32 98 831 527
92 2 379 742
60 39 446 793
50 15 792 361
22 80 694 879
5 8 604 711
17 18 513 614
42 30 502 342
71 30 724 777
32 90 366 493
82 76 469 415
43 19 317 400
3 29 284 733
59 39 888 913
97 56 981 545
64 76 217 160
85 14 217 213
27 49 582 463
69 5 12 937
40 62 909 838
67 97 691 201
90 5 55 5
44 47 60 733
75 5 188 28
11 75 104 448
94 87 983 857
10 66 216 597
59 13 646 290
40 87 361 641
73 4 926 260
3 94 46 17
80 49 140 348
5 58 583 243
9 61 370 305
81 61 213 857
18 28 325 461
93 59 464 158
49 47 126 86
91 99 29 565
64 80 739 944
10 14 999 12
73 94 204 318
57 8 857 874
88 33 564 108
41 90 53 186
29 32 621 931
70 82 947 925
66 73 788 797
94 51 574 128
54 45 395 198
77 38 278 179
74 41 278 404
69 37 672 367
94 23 551 738
12 90 621 953
55 13 124 198
5 24 230 709
39 64 664 641
20 71 158 973
39 75 339 733
20 74 625 457
78 22 25 817
41 85 166 267
37 73 866 850
60 55 193 172
59 46 964 381
22 53 477 764
37 25 28 611
31 23 775 998
36 53 500 502
42 91 40 670
93 51 388 311
26 1 713 906
10 97 283 140
33 46 803 483
48 77 836 776
31 8 825 26
86 93 306 229
52 17 943 86
42 97 269 526
52 86 103 375
45 32 292 247
49 44 655 170
50 34 952 72
79 7 66 583
27 83 635 735
91 39 585 910
31 76 28 159
39 93 425 639
63 80 115 207
36 37 641 447
51 76 417 944
96 25 226 976
80 37 904 757
86 58 468 661
52 81 321 803
95 40 728 705
34 63 543 792
79 45 975 946
8 48 362 970
24 57 875 396
95 72 854 828
33 59 935 27
84 10 395 178
81 89 309 205
64 18 55 512
84 72 562 520
62 11 717 96
34 45 790 458
62 47 799 105
82 10 29 584
27 9 371 748
66 1 23 90
72 59 599 869
96 95 858 669
94 59 33 126
56 71 139 652
34 100 897 727
39 53 385 357
90 89 139 466
31 23 634 693
13 92 259 985
4 64 141 861
76 91 493 136
41 87 447 411
93 16 718 109
84 87 692 353
60 77 185 757
13 80 540 52
51 66 782 272
23 53 911 680
73 68 130 917
56 9 449 501
92 25 562 956
93 29 746 301
16 30 194 945
65 90 768 47
66 1 377 624
51 26 536 812
72 2 675 740
2 6 935 16
90 65 93 81
73 48 719 8
45 73 634 896
59 29 600 216
85 25 325 771
6 51 949 506
61 13 984 866
20 29 666 747
24 26 272 689
37 14 49 459
94 80 220 825
47 11 365 750
25 21 420 957
23 48 944 26
8 5 541 533
19 42 364 358
76 73 877 424
32 61 314 95
63 50 3 162
55 40 755 715
11 78 388 78
85 55 165 986
29 19 968 132
70 26 362 262
11 23 542 428
40 78 816 760
69 79 892 949
37 53 765 606
86 10 816 35
98 55 89 454
49 58 421 24
14 5 310 489
9 89 90 480
89 59 618 650
51 1 106 813
55 18 253 136
86 64 799 831
69 40 530 467
27 9 440 989
73 21 308 663
63 28 372 547
94 79 778 271
14 6 223 863
58 18 691 678
91 10 304 935
60 25 902 90
1 71 89 194
64 72 477 438
60 10 618 374
35 24 856 854
14 56 988 679
2 25 474 409
54 20 945 156
2 77 822 681
84 33 770 932
87 29 555 828
5 4 167 86
48 60 395 909
26 74 152 243
23 80 206 607
52 47 569 646
52 41 266 442
20 86 637 734
83 42 240 481
96 50 70 648
40 58 746 932
38 32 519 363
32 64 242 410
43 85 507 732
70 15 537 860
70 30 494 921
38 42 790 599
21 2 309 462
52 8 364 220
54 29 658 858
95 9 240 129
18 91 896 493
60 99 359 83
10 60 346 913
24 63 793 368
7 22 995 451
59 72 888 579
57 49 824 285
68 27 82 787
49 15 731 642
94 5 118 375
26 54 860 89
84 53 871 283
59 26 82 935
46 73 402 251
66 62 401 190
2 11 496 822
81 73 759 371
63 31 624 41
3 81 12 230
9 63 338 11
7 96 852 229
25 95 859 124
5 39 700 491
24 89 556 513
87 50 118 87
63 20 357 32
90 83 621 394
87 41 577 183
44 22 635 495
71 58 475 210
76 54 315 958
30 24 869 494
91 99 959 68
65 81 558 349
26 66 837 950
14 95 335 205
66 23 600 660
53 4 265 131
91 100 572 560
88 87 2 771
14 23 241 665
45 4 814 890
16 95 652 151
71 95 24 139
