420 1337
272 315 647 816
351 307 767 160
213 165 743 764
108 233 219 935
249 263 369 204
320 268 226 229
386 158 976 693
234 51 147 868
93 310 839 457
231 12 548 35
305 235 869 747
229 121 691 829
295 306 782 793
146 268 473 494
226 181 520 35
19 313 472 4
358 120 765 917
212 137 600 983
239 359 861 891
181 99 403 643
7 192 822 918
270 133 823 646
376 80 230 75
378 59 996 208
411 266 531 973
286 209 265 239
178 11 453 634
149 27 621 85
386 69 44 782
37 27 488 135
259 189 558 183
103 1 589 978
269 274 784 209
183 170 850 301
220 154 147 324
307 70 542 651
286 242 633 716
275 299 545 386
104 55 749 655
72 160 616 301
407 347 840 481
259 5 708 145
344 207 39 924
143 271 810 965
370 234 504 808
176 234 857 629
302 223 731 661
393 327 863 297
126 40 200 941
98 102 8 746
384 281 518 341
33 300 545 640
176 217 159 588
72 18 435 890
358 341 744 249
58 19 9 552
359 251 603 605
308 151 774 162
388 181 697 652
134 291 552 610
18 9 821 742
187 92 854 762
241 188 243 722
50 325 293 7
40 18 151 560
123 370 980 406
109 231 570 380
301 211 527 767
48 27 677 338
319 258 289 714
177 364 161 959
68 409 330 155
96 126 300 997
350 341 384 472
415 193 859 186
19 321 380 400
142 95 941 102
72 70 303 286
137 109 988 150
225 371 231 987
378 256 925 471
61 228 700 334
239 359 679 820
182 134 559 635
326 90 365 791
88 284 487 74
392 179 328 885
195 123 820 232
384 102 675 330
211 195 287 468
113 63 873 79
267 102 668 450
341 410 847 217
195 146 662 974
364 207 100 535
233 299 59 532
357 125 209 328
262 74 615 183
216 29 155 767
75 159 554 83
182 246 847 87
371 166 37 572
298 255 855 464
157 171 168 362
324 270 612 413
210 1 920 594
134 109 294 205
322 408 336 435
206 377 565 854
169 29 317 707
37 293 477 948
148 70 88 755
25 349 944 699
345 66 659 487
318 204 841 199
82 25 16 266
397 249 677 68
77 216 111 185
410 378 642 837
154 14 42 619
260 285 866 984
393 56 256 228
34 13 420 531
6 2 857 445
280 97 899 29
101 91 643 815
343 179 373 726
192 29 647 107
265 234 813 538
207 269 779 722
103 257 142 566
260 163 882 103
18 372 430 481
52 50 804 480
28 182 29 884
218 68 383 239
262 108 531 381
205 290 791 316
98 144 12 868
314 131 492 815
5 2 353 116
270 363 46 302
261 56 884 819
318 41 600 405
171 128 562 243
133 308 522 150
355 246 714 776
236 349 803 93
294 299 555 149
397 98 371 130
287 16 619 601
403 17 192 313
104 281 493 554
302 215 909 341
366 84 962 83
41 134 97 277
239 186 675 569
283 128 84 555
101 16 539 164
225 389 523 208
381 90 858 17
157 311 611 370
31 16 423 226
194 337 192 167
357 69 448 206
277 89 492 972
119 23 683 383
330 98 748 971
175 129 949 332
90 60 655 258
135 111 218 328
338 80 316 769
78 4 112 491
287 112 535 188
394 293 267 940
90 125 288 365
354 420 677 721
276 112 149 852
179 16 125 323
290 265 512 770
12 278 878 856
74 173 536 278
37 416 604 447
217 112 211 421
212 211 487 788
25 299 770 754
61 5 320 511
72 372 371 792
174 385 188 429
249 383 216 867
76 11 199 79
417 29 615 887
131 358 863 646
219 338 767 916
165 125 294 144
339 8 650 463
112 31 423 114
218 417 411 149
105 8 839 426
123 29 609 703
226 97 599 700
337 361 556 72
351 311 762 525
45 285 958 279
115 312 93 280
309 282 323 1
124 2 976 414
252 270 761 935
374 351 793 672
91 37 429 613
136 212 89 425
104 130 787 578
66 197 136 238
380 117 230 851
269 319 256 629
160 241 267 890
77 316 881 348
294 212 714 781
152 107 114 659
72 219 796 872
301 217 135 656
58 388 625 284
417 131 393 221
242 51 380 558
325 254 513 326
351 29 843 608
279 63 982 528
304 224 746 348
105 75 274 613
276 142 61 342
255 213 995 361
327 334 431 236
89 71 216 442
185 390 87 587
62 145 110 704
221 151 12 375
167 213 840 233
400 167 872 320
408 296 675 292
296 75 783 825
320 19 523 419
243 143 175 409
45 125 709 698
383 358 292 21
65 38 1000 744
240 374 854 91
362 238 779 822
161 226 333 82
265 317 512 80
236 239 442 229
68 270 878 451
39 35 733 869
164 238 240 952
196 272 265 729
14 9 103 907
363 183 738 946
364 406 732 952
101 150 908 934
286 6 865 372
201 301 128 886
389 46 949 255
190 186 384 771
165 134 353 997
217 367 775 262
389 3 519 54
255 36 441 473
370 345 216 250
305 93 281 706
356 213 933 174
255 52 639 546
416 363 917 465
384 205 885 65
108 101 112 170
319 235 763 39
203 311 128 585
3 22 265 411
218 386 248 852
218 83 898 361
197 155 541 990
174 160 626 277
158 164 37 237
335 175 506 736
31 318 377 719
30 105 4 353
368 363 162 916
4 1 591 791
371 406 813 873
322 358 323 846
334 123 799 940
343 91 552 929
71 44 185 798
234 36 629 425
391 310 352 510
38 17 370 58
162 122 631 791
412 219 943 33
205 42 467 902
411 412 791 800
383 199 259 558
75 51 21 347
226 203 390 238
32 154 836 80
255 199 79 326
8 4 220 368
83 416 727 91
200 5 974 882
339 179 669 488
134 14 26 497
414 277 727 228
18 382 365 98
42 317 327 402
344 91 633 701
7 409 998 787
30 149 743 348
118 36 349 827
147 34 353 768
305 190 199 803
312 110 325 492
29 30 579 199
2 312 232 480
23 276 154 921
391 387 554 335
247 200 509 519
288 395 809 397
345 395 427 263
163 58 83 177
270 171 332 755
23 213 363 952
148 37 883 918
304 308 61 856
219 166 776 771
328 31 479 630
339 77 439 252
105 49 983 468
300 44 648 736
131 208 648 94
417 105 489 309
353 154 55 445
373 31 857 556
317 346 101 320
120 73 982 707
229 181 656 286
173 74 107 612
341 195 919 44
156 273 354 495
268 310 13 55
284 145 780 495
255 34 100 374
247 256 474 359
129 340 412 69
252 30 85 757
358 32 322 532
133 171 168 210
344 209 618 468
258 232 565 332
141 215 407 396
213 191 917 690
24 189 794 11
233 82 983 505
12 9 298 536
211 202 917 891
141 242 293 905
334 277 625 131
180 93 682 974
155 81 521 325
375 348 77 854
137 293 434 191
33 281 658 202
333 414 346 429
240 67 670 819
86 214 887 496
267 189 735 309
117 205 5 399
202 222 151 119
234 389 478 710
47 3 896 827
22 375 125 171
97 172 921 241
87 120 553 820
378 360 963 143
44 212 863 519
37 253 495 876
106 216 152 605
83 69 216 21
84 55 154 941
297 288 935 753
216 282 646 891
339 186 418 914
190 41 226 800
268 126 205 419
29 55 66 139
411 371 422 699
296 351 597 355
100 117 733 985
55 54 356 509
228 212 326 310
151 162 480 677
304 38 815 840
121 44 486 975
97 54 8 196
282 115 936 224
188 187 230 64
44 400 269 871
8 360 138 601
293 208 232 640
314 162 270 925
268 108 644 803
55 248 927 62
184 11 418 741
285 74 573 376
68 188 918 537
16 201 974 597
90 86 935 44
230 264 128 525
80 223 4 88
135 37 999 981
18 166 232 971
103 66 850 852
403 392 187 276
52 42 77 900
235 272 842 575
199 119 302 46
157 198 326 839
193 156 462 478
117 31 66 795
145 53 235 575
357 319 523 272
379 86 60 802
265 69 26 698
112 169 62 679
233 240 427 651
279 36 910 551
59 236 253 488
411 53 162 510
232 153 302 30
19 305 213 975
94 129 739 591
371 108 623 426
274 181 980 309
142 29 551 80
150 89 748 827
285 169 773 371
49 404 328 279
136 121 332 615
255 191 108 805
110 18 203 327
50 95 261 407
235 240 317 125
28 219 427 698
365 279 494 975
254 96 701 261
16 1 8 942
144 27 4 757
193 51 244 251
298 231 267 565
247 156 342 921
200 231 173 722
199 247 729 53
230 275 433 538
152 407 573 390
389 233 268 220
183 41 260 727
337 82 297 842
169 320 688 288
225 61 343 772
369 200 864 52
8 57 972 212
230 250 702 357
74 19 13 916
308 58 257 478
389 5 231 980
86 400 928 518
330 245 229 952
389 174 512 371
23 97 542 806
345 138 696 246
244 329 108 550
295 167 656 811
297 279 335 729
72 286 183 592
70 167 937 557
141 6 828 297
123 75 726 227
218 154 588 140
278 259 909 827
179 152 916 325
384 78 871 577
161 20 71 84
281 258 53 205
83 361 584 199
240 384 657 363
146 145 927 327
113 19 369 593
314 148 720 340
115 377 577 514
329 127 420 419
207 141 80 994
274 350 730 805
244 324 366 287
213 379 153 266
40 1 773 178
248 309 797 768
287 62 229 959
205 337 539 352
118 34 905 86
50 365 25 376
68 342 400 999
362 265 754 896
262 275 648 686
176 1 675 76
33 206 96 285
402 361 608 504
235 5 200 783
293 277 668 212
10 4 176 68
246 61 645 472
12 2 971 393
299 28 466 482
204 118 937 18
191 269 449 748
44 40 351 847
363 207 871 220
173 153 185 379
220 217 917 558
301 27 747 624
323 27 534 67
37 31 971 402
418 139 214 48
356 103 641 660
350 142 822 590
45 18 509 623
400 318 679 426
198 194 266 295
348 344 559 397
146 41 563 72
39 28 761 988
256 50 615 611
192 272 976 553
203 121 626 408
24 1 718 42
306 159 897 648
329 50 615 249
27 123 910 822
170 357 966 562
36 124 623 978
248 118 987 654
63 189 577 519
19 309 605 47
372 259 334 391
330 153 694 865
184 103 352 396
360 149 219 882
345 265 699 158
88 108 627 687
41 9 869 836
1 142 999 720
43 379 601 173
189 66 773 280
417 284 892 299
79 226 244 4
130 42 720 278
29 33 68 167
340 83 931 926
196 162 397 187
308 172 418 811
334 316 32 397
99 219 131 699
237 142 174 832
220 212 628 196
239 272 92 830
331 317 603 363
162 56 23 386
396 140 506 529
95 148 624 554
229 74 715 692
280 285 85 600
89 284 447 153
15 10 603 402
388 131 605 939
311 105 601 498
394 274 795 264
171 241 571 776
340 30 273 339
182 28 924 491
157 124 572 767
166 164 86 956
312 264 121 584
271 383 214 599
229 55 850 768
416 159 323 608
366 235 665 827
278 228 886 18
132 9 520 819
209 4 155 709
414 172 296 985
408 145 479 643
297 78 47 747
151 355 377 33
364 347 225 898
62 307 592 825
318 86 129 427
51 39 552 779
411 188 90 160
263 39 534 282
206 136 584 784
356 398 997 698
150 53 845 782
235 20 823 158
140 46 989 233
348 184 206 549
166 69 729 477
12 285 836 597
264 240 302 648
345 205 50 477
314 292 336 615
56 28 605 651
19 17 137 93
64 44 579 568
410 23 61 832
21 77 196 456
217 414 810 591
336 296 252 528
374 201 64 446
233 344 265 476
291 105 635 350
108 254 912 732
222 260 858 110
136 205 401 931
317 33 233 907
405 135 287 834
420 291 963 130
359 142 717 504
368 200 534 240
59 112 879 111
359 129 167 937
198 219 972 766
356 213 329 852
24 4 991 488
85 140 58 778
250 61 460 786
342 174 442 971
219 385 166 103
13 169 321 187
253 103 354 493
177 116 718 374
185 3 631 651
3 308 331 273
396 282 702 549
114 10 757 269
269 179 396 770
96 92 171 165
141 103 860 573
18 219 397 418
302 202 299 549
188 225 824 282
59 55 121 934
292 399 618 953
259 62 86 220
140 31 746 718
266 262 178 843
281 29 149 768
401 70 632 507
111 347 278 938
359 119 888 628
74 281 754 95
154 371 591 934
314 247 480 989
408 167 268 982
199 74 798 949
177 75 357 557
141 359 823 246
215 88 386 921
160 283 492 526
413 177 856 891
269 37 459 183
17 411 788 834
29 15 129 721
67 374 6 307
405 43 991 817
159 7 713 404
98 29 232 733
412 321 913 482
57 354 339 657
135 19 533 776
153 115 276 58
134 137 408 278
57 300 791 55
272 119 388 46
243 212 366 313
110 55 691 638
131 142 394 809
136 101 393 966
286 265 29 460
263 384 19 746
133 67 644 637
305 38 624 295
85 289 300 305
8 72 471 274
259 390 403 856
164 156 506 754
146 184 181 810
153 111 757 241
54 12 858 510
385 71 581 169
49 250 408 42
4 210 986 446
123 386 20 527
300 276 488 614
200 164 93 457
275 201 543 349
22 7 977 682
255 278 728 388
78 41 517 96
39 391 996 208
365 134 735 828
3 240 959 767
223 246 542 129
190 24 586 302
341 415 834 883
304 56 910 342
161 63 618 259
199 115 223 604
339 263 914 194
410 400 185 780
251 50 870 66
220 302 911 681
260 370 490 386
70 9 141 164
224 125 391 170
188 48 217 569
49 29 80 505
53 110 772 841
253 128 742 662
297 131 877 585
395 215 610 743
163 80 773 219
376 18 31 296
20 16 891 914
38 144 650 218
14 233 726 145
160 44 619 412
261 190 841 793
263 105 606 80
191 305 926 482
360 101 22 485
351 230 15 821
307 79 107 100
193 307 161 76
223 401 947 295
112 364 963 157
21 14 608 61
413 50 773 905
98 359 811 743
103 359 565 433
326 98 937 292
341 80 792 567
180 322 828 924
371 266 924 134
210 373 973 979
197 133 269 562
86 72 299 510
413 78 741 328
208 89 495 21
238 62 108 53
116 24 610 615
225 131 103 717
188 416 638 941
363 182 324 4
161 88 55 891
309 73 700 926
101 328 320 203
115 343 534 150
11 9 51 104
219 14 260 882
14 127 444 715
46 150 388 120
41 207 588 335
387 352 370 255
144 387 185 827
206 197 683 478
60 292 897 873
167 163 634 896
67 48 962 155
401 304 961 314
297 243 901 383
154 314 200 194
30 22 646 142
191 211 752 575
393 346 897 151
142 177 848 646
32 20 125 544
362 300 238 311
284 10 349 385
128 9 353 264
89 51 657 902
290 139 564 190
244 151 970 873
269 409 828 821
91 317 272 962
135 262 753 113
256 169 588 267
225 47 360 637
31 91 393 487
111 324 299 551
326 176 94 557
250 118 196 234
353 172 251 975
183 374 511 778
122 335 76 149
315 219 913 653
400 295 374 87
275 180 635 646
224 28 15 387
377 25 132 69
109 61 451 379
298 242 415 802
322 167 856 886
341 363 852 257
334 6 29 792
92 52 798 260
313 205 484 698
131 236 362 682
75 11 772 594
346 326 695 519
194 368 276 712
263 121 652 729
315 309 268 860
271 170 873 293
54 330 912 693
35 20 561 463
316 97 478 821
405 314 931 121
240 233 785 731
111 382 350 899
102 117 654 726
223 68 334 323
402 251 701 649
117 184 459 841
117 30 304 448
101 237 506 506
17 235 390 263
372 197 785 7
235 107 500 354
361 108 764 596
186 160 512 290
273 381 26 955
33 361 12 700
251 308 723 760
121 393 713 278
57 17 652 114
26 1 686 849
124 79 937 252
62 145 302 152
231 5 129 136
293 323 493 943
155 41 247 955
98 320 879 895
25 128 114 692
122 10 625 35
18 257 508 892
31 57 230 860
192 99 380 115
361 384 406 817
240 405 724 914
295 16 519 451
38 77 378 125
373 81 3 9
39 92 967 727
354 323 463 82
107 79 355 260
259 167 392 69
328 51 455 605
149 285 173 298
350 413 478 513
147 378 406 407
52 58 711 587
232 168 20 724
376 150 821 206
274 42 441 107
391 64 306 265
351 278 711 513
111 52 866 957
135 414 964 778
286 48 541 720
4 138 129 591
284 65 373 502
225 34 63 741
7 158 932 236
216 124 508 834
282 247 124 888
316 383 598 992
223 415 462 228
246 400 341 317
256 172 139 259
408 91 867 868
54 170 103 702
361 63 215 626
327 51 461 415
178 21 72 457
103 209 335 498
61 32 66 205
99 191 87 702
358 97 521 420
236 31 671 243
117 181 592 481
187 332 295 406
228 65 988 939
351 119 212 449
78 7 825 496
236 187 949 358
112 330 628 795
237 80 372 763
281 107 369 131
283 166 208 53
339 340 273 872
34 211 3 909
42 19 631 935
211 42 33 78
115 415 310 631
194 50 878 777
179 269 873 292
399 102 409 881
214 342 879 36
318 309 109 699
87 222 924 480
196 411 704 354
170 64 139 709
36 188 153 809
17 11 206 300
174 157 886 881
83 89 979 286
58 154 401 114
419 317 979 362
384 205 201 417
284 182 600 160
7 6 950 517
335 245 420 202
151 80 814 845
316 104 549 531
201 63 513 316
208 319 705 27
67 151 840 820
375 125 71 46
175 371 482 814
10 11 738 866
254 152 488 99
115 103 345 910
209 302 888 402
418 85 757 533
32 3 37 175
289 265 636 251
314 373 862 971
205 163 586 136
405 337 682 364
398 320 403 112
178 310 254 564
134 206 983 338
386 84 376 195
234 78 772 723
156 264 428 977
135 19 419 261
319 96 690 381
284 359 814 627
344 377 984 970
349 262 23 943
409 84 295 719
56 290 982 345
191 94 875 812
112 261 186 125
100 29 749 755
347 289 12 486
222 211 527 993
357 243 168 982
101 20 19 604
290 282 575 151
175 79 136 792
367 187 57 571
47 89 660 811
156 66 205 147
327 90 306 447
58 355 917 546
225 268 554 850
3 123 69 167
20 140 794 772
360 196 425 419
370 203 112 684
227 148 708 935
127 319 155 866
288 65 728 910
71 221 267 424
62 53 246 307
141 125 785 41
231 97 903 792
247 57 563 987
54 289 657 79
84 67 165 429
81 63 875 436
206 134 976 135
119 331 358 547
101 343 814 93
353 31 429 661
288 93 774 393
232 264 870 608
382 300 93 699
120 243 579 895
45 405 25 235
197 227 492 734
312 5 582 346
35 139 247 810
162 291 165 539
32 383 104 865
181 397 764 356
153 370 338 881
360 41 567 162
53 38 449 189
407 209 533 611
321 201 579 260
205 250 170 717
245 98 33 531
406 132 824 694
84 290 835 149
230 106 462 926
348 236 52 803
147 116 915 350
121 373 463 201
115 113 242 176
323 370 166 297
244 120 632 422
97 26 235 257
94 93 119 167
329 315 255 841
229 297 257 79
71 381 166 676
131 74 494 406
159 373 898 25
172 133 58 317
95 5 653 172
231 262 778 109
219 174 428 786
394 416 392 932
221 193 14 103
286 187 946 97
12 163 539 728
385 309 804 958
352 173 309 396
202 8 548 81
148 250 999 518
103 230 448 990
139 27 423 944
341 78 33 928
45 89 694 219
110 275 978 197
123 210 112 210
315 144 149 567
302 32 103 785
349 209 57 406
301 131 335 271
386 296 805 2
390 10 199 874
292 221 944 614
23 250 810 839
190 27 758 406
15 124 365 678
135 264 459 802
82 349 864 995
272 390 615 296
48 339 856 242
364 11 820 894
143 130 304 811
260 118 839 712
229 251 166 276
381 292 891 941
339 271 262 688
6 34 922 89
364 85 560 626
420 316 840 571
418 255 824 240
18 143 871 356
333 71 889 385
236 31 836 556
50 32 147 333
160 150 826 661
58 354 898 221
332 257 772 574
139 302 442 701
390 128 27 694
88 24 690 972
137 219 444 470
122 190 606 989
317 330 856 454
197 74 54 350
85 4 929 928
157 76 788 201
5 144 354 343
297 31 456 18
182 339 599 309
129 14 457 294
274 14 245 193
309 341 767 490
279 381 791 38
109 141 599 44
158 42 995 320
109 415 996 704
143 293 586 246
305 43 929 182
318 32 637 708
413 394 448 201
337 62 880 320
401 346 930 282
170 34 541 643
16 110 796 203
287 414 792 600
379 348 719 438
392 181 144 109
246 36 612 46
3 1 918 559
252 286 117 649
346 1 775 37
18 387 957 760
216 144 920 551
68 66 501 677
127 256 94 620
95 305 741 753
262 281 504 71
187 369 315 644
321 396 244 971
374 275 891 48
9 1 323 102
142 393 772 63
192 246 790 160
318 22 868 112
3 304 12 944
94 336 677 55
372 162 659 646
263 417 60 41
414 346 680 611
327 121 478 426
69 34 984 22
185 326 296 651
354 274 713 687
127 101 536 79
9 222 662 817
93 36 214 181
236 4 961 641
351 403 813 136
27 23 746 334
143 182 236 780
284 149 738 671
45 333 906 494
412 97 266 624
303 24 923 744
214 198 606 957
66 61 799 778
157 238 858 233
81 167 81 5
419 411 769 713
71 344 866 888
28 5 752 860
392 332 724 707
325 290 41 833
47 283 901 631
407 215 591 401
213 187 648 807
106 40 748 305
336 417 635 253
55 406 227 272
300 5 98 743
101 145 88 914
12 298 270 784
296 260 48 507
149 190 87 799
379 327 528 140
13 2 197 218
28 125 761 841
165 210 499 543
48 369 805 505
292 11 391 74
338 15 825 791
271 282 186 637
208 401 737 785
358 372 312 213
25 6 285 501
258 353 755 52
58 23 216 657
149 350 602 152
132 254 265 105
218 219 805 557
334 45 572 508
311 365 602 180
48 191 323 895
387 334 826 878
399 61 851 913
403 11 981 965
11 386 146 337
298 154 201 327
335 21 575 323
77 16 523 386
267 202 542 785
197 292 971 430
358 396 820 260
228 289 137 889
291 276 810 208
91 231 77 789
372 282 708 973
242 350 368 104
102 66 733 245
304 392 52 947
365 162 817 349
207 403 177 930
137 8 282 862
139 74 452 521
54 18 860 35
380 94 207 613
249 416 874 356
190 276 825 625
391 132 244 462
249 226 240 756
419 204 255 590
298 204 138 680
322 193 363 286
143 63 708 603
111 274 989 235
146 91 170 191
415 24 680 502
153 164 14 536
89 396 3 261
70 33 86 250
149 344 472 540
87 55 570 305
273 227 810 102
199 107 986 888
324 299 7 796
195 274 112 139
196 40 382 647
279 256 628 133
211 141 851 232
359 389 396 525
200 189 87 580
315 285 438 874
311 413 537 829
162 374 225 105
125 64 951 167
358 100 38 845
188 305 764 427
191 99 105 864
79 40 884 615
287 191 811 566
280 217 59 293
36 12 561 544
139 366 934 317
120 146 819 827
119 277 342 205
246 192 110 209
374 78 119 826
40 155 318 955
60 41 318 77
157 337 151 596
8 14 460 59
47 25 790 139
275 139 899 186
29 380 977 461
33 15 390 140
396 362 688 777
64 11 109 273
360 192 409 994
99 25 254 973
321 106 924 540
73 309 802 482
386 4 742 324
158 125 576 556
292 79 209 911
192 73 19 911
168 135 936 313
23 19 35 335
191 130 958 629
108 403 592 994
14 155 704 456
245 158 374 615
396 274 464 620
372 213 558 583
416 234 204 199
262 301 558 525
294 140 69 461
133 122 811 116
239 211 814 288
417 283 303 800
404 138 891 897
310 186 433 603
238 20 968 902
384 315 217 346
43 34 883 318
69 241 793 415
151 141 417 606
12 189 512 116
114 326 137 92
93 354 878 507
361 350 145 508
115 51 310 2
63 27 111 850
73 55 686 597
27 30 455 71
59 61 835 807
138 46 355 149
281 144 508 370
46 16 654 375
2 1 504 490
305 101 875 174
320 108 719 924
25 218 282 178
13 195 256 840
201 387 457 739
248 306 692 313
346 315 77 242
34 221 354 682
205 64 631 771
358 324 116 790
93 281 33 278
243 189 706 781
80 77 879 73
92 129 575 197
299 193 710 718
19 358 157 731
57 8 897 756
327 79 394 269
409 349 125 13
199 270 414 265
306 361 668 377
241 180 506 465
229 399 54 682
147 290 538 691
202 44 928 45
257 104 684 593
69 269 166 312
372 417 699 716
141 135 54 686
254 388 59 989
33 41 819 89
