(-6,130)
(3,153)
(-93,-197)
(15,130)
(-58,70)
(79,-146)
(19,-83)
(-92,-151)
(-67,-159)
(-74,-113)
(-17,-129)
(21,8)
(37,46)
(43,-145)
(80,-153)
(78,-130)
(41,62)
(-35,-134)
(2,-14)
(-73,33)
(-50,-59)
(49,-198)
(-99,87)
(18,-37)
(-73,186)
(35,-167)
(-100,-119)
(-4,63)
(-32,-97)
(18,-90)
(-100,-50)
(-47,18)
(-52,-104)
(-95,-4)
(-63,-96)
(-42,-188)
(-25,-43)
(83,-121)
(42,2)
(-98,73)
(-58,-65)
(-49,-186)
(-4,133)
(-31,-27)
(-93,-26)
(-46,88)
(4,-119)
(-13,-134)
(-21,19)
(-16,19)
(74,-74)
(69,-112)
(-72,-41)
(-26,73)
(30,-180)
(75,-20)
(28,131)
(33,149)
(-11,-156)
(-10,155)
(37,-19)
(40,-19)
(71,43)
(-72,21)
(55,-149)
(86,-157)
(-30,181)
(-97,-116)
(-70,-193)
(-84,182)
(12,5)
(-26,-2)
(81,134)
(13,-163)
(-1,-25)
(72,-156)
(-63,60)
(12,-178)
(21,120)
(43,-79)
(-4,-40)
(52,28)
(-62,152)
(41,97)
(-71,7)
(89,-3)
(56,51)
(-24,-70)
(4,-70)
(47,90)
(96,74)
(-14,7)
(-82,-183)
(65,139)
(-67,-99)
(86,21)
(36,-108)
(89,-17)
(-94,177)
(-49,184)
