51107
22201
1211
86658
35179
47618
39946
7711
73771
48690
63632
73757
32808
92615
14292
37631
45480
34749
20210
65568
28542
63725
5647
53331
40069
49619
47824
84038
44631
95607
9622
37992
64853
45987
22292
61006
33167
92385
60200
3176
66234
98418
83220
37478
1335
30505
48539
60273
46646
44429
58224
43933
72446
14800
17906
56525
41732
9020
17467
59493
54661
52466
22835
41538
3101
34890
24594
38933
57729
59854
29842
60105
36355
43297
45277
63279
79917
46135
85918
921
77582
31546
46634
83305
35492
69668
94367
67232
23058
91309
2380
39145
6034
78179
40947
1926
46907
85708
16203
83482
67038
84038
23904
50284
20615
18597
43171
79202
39370
28867
93632
61861
51960
71733
24572
74135
7771
53545
24823
77706
59437
32007
30402
48849
83814
23035
12418
84549
12144
3138
152
35164
62901
11945
16039
72591
61182
17327
67002
23313
94630
32588
64650
72537
60788
41673
28221
25461
1233
22596
92425
39128
45259
80678
30204
14381
10352
3420
61641
38267
88326
31618
61982
2299
40790
95488
34035
36254
11328
41407
17256
66529
37012
75316
63333
62516
76789
40630
89592
32017
28394
40299
77530
22871
45035
72593
76197
2839
18941
52520
15337
14181
82517
9911
86859
46072
64705
28097
5006
65786
63379
88080
49577
14420
4142
3106
79874
5710
71889
19765
55790
22611
56912
67484
64708
75743
2453
40124
73353
17301
57896
14597
4865
9592
63684
1454
85352
39819
79121
35711
32255
77142
85701
39901
87968
41710
57218
85093
56925
33336
42255
19924
54702
10787
4653
80737
61266
32021
1111
36448
52261
72080
56083
67360
19145
70417
14222
63007
46877
45599
57077
82034
3015
77552
12744
41610
76790
52147
74947
37465
5681
81298
90852
140
87577
775
76902
47588
25557
8742
46930
57059
26449
51506
21659
11301
5889
7585
18344
7751
27269
63753
62507
29459
15882
67035
57758
41089
93796
88923
83328
7674
64502
56178
13834
68820
89614
67822
17244
11611
90387
37212
10599
63249
79697
70351
16513
12022
98592
15116
2200
39750
28880
57851
43028
77622
94343
57479
94140
31166
26597
60222
48802
5536
62003
33488
36091
78886
45404
40262
722
68062
39462
20036
66979
84492
72768
15698
33740
62082
91480
8301
16322
12441
2387
1970
52460
30112
74066
68107
78270
53522
73470
89109
54105
45072
38233
90163
28509
43269
50187
61895
72323
70809
81388
83155
31232
51010
58530
18321
74097
61002
48931
35816
40609
38899
91250
62357
40068
12616
16216
44976
18778
41908
78088
48431
42830
71205
79930
24743
17659
31869
10760
93504
13822
16984
3952
52773
85426
18939
61552
59861
91757
76985
1677
21714
69840
24058
86268
33323
15298
30593
3981
35307
28005
47233
86247
83389
96399
67565
22622
32317
30238
50892
74406
8727
45153
69671
45076
53728
90050
70530
58957
53787
64840
158
19446
79809
11257
71227
53295
4122
73634
48219
11598
49007
46712
54652
61901
88199
18590
79706
63283
92217
79195
47636
22915
92563
2669
35533
99159
73502
54393
79747
48564
59800
3954
73765
71020
37325
68477
32311
69841
47384
33969
62305
27991
16328
5532
19058
4585
51934
92
71721
46194
97062
39363
26993
79142
88402
73917
7107
88631
45382
54442
30558
4062
23373
80250
68312
47391
32744
87186
65573
82994
33992
22512
76820
81342
44734
38726
72560
21412
95642
54800
10696
91578
41071
21100
24256
21520
44587
84409
38429
7834
8480
37579
52299
35368
7211
82977
49112
6938
83683
7198
74114
38208
49978
34709
57763
47210
52045
92237
4180
74343
38162
34782
80293
90000
73101
3931
6813
1468
46889
33415
58741
80580
12278
61465
9638
48923
7560
36162
53068
81783
85502
48493
73107
35519
84431
5012
3598
55235
10942
3053
75892
59475
84774
2423
75356
15834
49728
24190
47115
13794
49872
42876
13831
40170
38548
64026
13039
50743
61829
22679
29804
34428
43352
12416
23997
43486
52065
56279
79506
20657
14568
97177
51808
72066
81337
60865
58971
9137
72445
12362
28038
52771
63973
43558
3287
16719
7655
82600
21892
9970
77117
35268
10470
64253
2989
34246
47183
40734
37738
81354
51416
19005
2421
43149
45
9281
33168
72541
63064
20609
18814
50170
20088
82784
61065
21310
15382
95549
46066
7417
74924
17423
44474
36157
20211
62661
17079
4065
5130
57632
88506
79313
33735
94916
85893
30815
29215
7066
16715
10994
39165
44364
44761
55471
20771
88149
270
63940
91966
59419
29593
83483
79826
39094
72437
89572
89480
41956
5824
42221
57282
87164
82602
44787
8339
38252
91607
55282
55018
36604
27239
23918
88290
2536
81924
8679
88486
62844
79718
36236
29468
80979
52355
92909
61934
66783
3125
32110
66278
100
89945
43092
5143
23869
79776
40461
76915
34978
90997
91206
66859
76319
69460
483
27970
47247
40099
14651
49372
4134
1120
12461
5007
19401
43509
19284
21763
12996
27182
19264
89763
50221
70506
769
59805
85205
58687
84613
52992
68288
54197
58619
87132
66828
17981
10980
27010
73869
1265
11463
8168
52646
24760
3674
63463
56009
34040
92179
11984
