9359
2 667
2 95
6 9
8 858
10 571
6 325
1 420
6 859
9 989
4 546
1 218
3 632
8 199
4 545
7 79
2 50
9 601
10 343
5 715
7 861
5 273
5 505
4 430
2 459
7 89
10 809
8 955
5 686
10 399
9 386
4 84
8 915
1 320
8 152
3 340
1 862
1 805
10 660
9 432
6 365
1 49
1 290
3 923
4 729
1 810
10 186
2 761
2 389
1 132
1 747
6 984
9 282
5 582
4 775
3 607
4 305
8 643
7 11
1 448
2 666
7 328
4 967
8 935
9 13
9 837
8 175
1 21
5 918
3 772
7 410
10 799
8 867
8 988
6 339
9 434
7 921
1 364
3 901
2 237
6 979
5 909
5 144
9 775
10 136
1 399
1 340
9 57
9 667
2 425
8 69
9 355
1 160
3 748
3 841
10 332
7 629
7 871
10 688
5 588
4 748
4 983
3 378
2 115
10 561
9 123
9 129
5 46
5 902
4 137
9 249
4 777
5 529
4 352
9 191
8 535
6 730
8 69
4 861
2 399
7 574
10 860
5 224
3 866
1 833
6 61
6 725
2 863
6 134
6 394
6 639
7 268
4 729
6 638
5 300
4 774
4 649
1 501
7 1000
9 597
9 818
10 732
5 387
4 760
10 379
5 359
10 286
6 232
2 969
10 539
4 97
6 828
2 374
10 251
2 751
3 172
7 469
6 254
1 855
5 849
7 976
4 380
2 127
5 82
7 250
6 703
9 679
2 231
10 587
6 447
6 854
1 962
3 443
9 159
7 141
4 756
8 574
3 461
1 84
1 859
9 12
5 420
3 414
9 272
6 690
1 537
6 492
5 546
1 54
9 811
10 739
8 640
10 793
8 661
2 608
3 852
3 465
5 783
1 656
1 880
2 14
10 518
7 60
2 508
7 936
3 642
6 595
8 90
6 934
3 809
9 953
6 153
3 537
3 727
10 262
5 605
2 107
9 709
3 684
1 923
8 905
7 791
3 454
4 381
3 984
6 223
5 773
6 741
4 354
1 935
6 638
7 459
9 740
2 160
9 687
3 674
10 759
1 656
4 227
9 149
3 468
4 369
2 202
2 99
9 47
8 696
9 544
6 962
1 27
5 480
6 340
2 508
2 857
10 39
9 750
5 329
4 286
4 532
7 953
10 125
2 232
5 757
6 739
3 80
1 383
5 321
3 969
5 362
2 627
5 872
3 709
8 172
3 129
4 821
2 902
6 593
1 563
6 863
9 928
9 289
9 293
10 76
9 287
10 536
10 650
9 923
7 524
10 845
5 460
6 668
4 559
9 338
7 46
2 58
1 574
2 209
2 821
6 235
1 457
9 989
8 621
10 799
8 214
1 904
1 838
3 52
3 743
10 590
6 860
9 68
2 73
6 387
1 614
7 815
4 56
9 918
10 645
9 716
1 957
4 682
2 545
6 254
7 30
5 674
5 199
8 871
1 871
5 854
6 414
9 902
4 261
4 104
8 188
9 979
9 624
7 234
10 651
5 584
1 646
6 824
4 96
3 124
3 77
4 827
1 833
6 581
6 639
5 231
10 137
7 265
1 157
6 316
8 168
7 207
1 530
8 904
7 855
4 695
7 460
6 32
6 929
5 586
6 33
9 150
8 508
6 118
2 564
10 745
8 205
3 633
8 79
5 396
4 583
8 741
5 96
2 929
9 395
9 392
9 677
1 868
9 900
9 816
6 254
6 980
9 79
3 117
7 40
5 457
10 387
3 494
4 501
10 576
5 665
3 491
6 383
5 245
1 823
9 60
10 357
9 142
1 341
4 870
10 970
9 986
8 224
7 849
4 834
2 948
3 1000
9 633
7 567
5 299
6 266
2 874
10 890
6 267
5 385
2 983
4 57
4 75
4 533
1 320
3 500
5 710
9 578
10 553
3 970
10 726
6 711
1 165
7 279
9 544
7 981
9 123
3 641
5 61
9 777
4 626
10 941
3 963
7 272
2 191
9 894
9 127
7 307
4 47
5 69
4 730
7 151
7 472
10 487
8 475
9 614
6 82
6 141
9 551
5 783
2 852
1 22
8 630
3 572
2 400
6 560
3 972
10 605
1 545
9 11
6 980
9 37
5 376
7 829
6 462
3 920
4 107
10 509
9 349
3 970
6 892
2 314
1 766
3 221
4 955
9 23
1 811
2 280
5 103
7 884
2 48
1 527
4 637
2 761
1 486
2 271
9 506
7 657
8 629
6 178
7 89
10 142
5 570
4 109
4 393
3 600
4 93
8 174
9 372
10 10
9 771
7 56
5 369
5 109
3 902
5 414
4 169
7 285
7 507
10 938
7 709
5 373
7 908
8 389
7 934
7 948
4 447
4 439
3 797
9 519
4 584
9 187
10 448
3 496
5 177
6 590
1 891
9 701
1 864
1 609
4 134
5 245
6 843
10 460
4 339
7 625
9 183
5 584
8 969
1 16
2 583
6 916
3 303
5 644
3 313
9 466
7 582
2 981
2 502
5 267
2 144
1 187
4 299
7 756
2 632
6 102
10 742
10 172
6 144
2 875
9 28
4 54
8 838
8 276
1 214
3 296
8 798
6 973
9 102
2 435
1 617
8 549
9 330
8 466
1 770
5 29
8 954
3 769
6 474
1 975
1 197
2 501
5 271
6 726
6 294
4 989
1 26
5 998
4 584
8 398
4 261
8 284
10 88
9 503
9 535
1 779
4 491
9 74
1 754
8 917
8 563
4 438
9 870
2 695
8 645
8 355
5 771
6 714
10 673
10 474
10 71
9 752
8 187
3 393
2 947
2 964
2 51
2 293
5 920
10 777
9 544
3 63
2 292
1 455
3 596
7 771
3 929
10 6
8 669
9 255
2 507
7 117
8 295
8 842
9 456
9 879
10 994
3 98
5 331
6 998
5 550
4 723
9 638
3 298
4 242
7 100
5 650
8 905
10 266
4 475
2 837
3 170
3 119
6 396
6 137
10 137
10 614
5 485
5 191
1 974
5 989
9 494
4 128
7 180
5 633
3 255
9 942
1 939
3 145
5 354
5 268
9 860
9 184
10 500
10 816
1 987
2 75
8 567
5 7
1 529
1 246
2 734
4 407
2 540
4 805
1 86
9 204
10 758
8 709
6 997
3 870
10 163
4 790
10 616
4 425
7 222
3 851
4 81
1 508
10 685
5 888
1 904
6 890
6 93
10 360
9 355
4 468
9 72
9 214
6 524
6 53
3 704
7 627
3 780
6 641
2 763
4 410
4 317
10 669
2 126
10 261
2 558
6 243
5 493
2 501
4 467
2 53
10 737
2 475
7 401
1 857
2 85
7 568
5 744
7 570
3 12
2 418
10 789
2 897
6 327
6 316
3 330
5 127
8 61
2 280
2 269
4 539
9 954
2 36
5 611
1 455
7 80
6 342
8 221
7 930
8 17
8 368
9 346
4 340
3 739
10 652
4 763
7 76
2 303
4 98
7 573
9 362
2 127
7 86
7 550
4 695
8 733
2 790
10 843
3 811
6 501
6 771
8 235
4 88
1 6
6 636
3 546
7 688
3 342
6 126
8 872
5 684
8 192
6 482
9 72
7 940
4 597
8 227
7 736
3 294
10 464
6 54
6 937
1 718
10 577
3 936
2 849
8 208
8 668
3 928
10 193
3 900
9 202
5 439
9 182
7 396
5 111
9 924
4 513
7 223
4 873
2 441
4 559
1 22
4 780
7 194
8 360
7 10
4 880
1 356
3 557
10 885
3 644
4 499
1 555
8 909
9 877
7 898
6 252
8 985
5 534
2 440
9 89
4 780
10 593
1 400
9 374
6 793
6 215
10 530
8 366
1 797
4 662
6 809
5 83
7 397
2 428
6 958
2 300
2 946
7 425
10 686
3 467
10 245
1 145
2 735
2 799
5 147
9 635
9 255
7 863
2 988
7 960
7 884
1 391
7 260
2 761
3 692
3 944
2 869
4 113
7 84
6 122
10 397
7 334
3 935
2 815
8 338
4 182
8 678
4 190
7 375
2 236
10 633
6 902
2 956
6 312
1 677
10 160
7 103
7 385
9 197
10 348
6 295
3 43
10 565
8 613
7 402
7 201
6 547
1 995
10 954
6 613
1 162
3 903
4 674
10 61
3 292
4 654
9 747
8 566
8 868
2 186
2 305
4 617
8 804
8 532
10 235
6 357
10 787
1 544
1 212
7 773
3 411
8 793
8 718
4 973
1 670
1 675
5 965
5 724
8 44
7 246
1 87
3 441
2 901
3 550
3 484
10 639
2 585
4 108
4 945
4 795
1 909
2 848
4 225
5 718
3 709
10 270
4 50
4 678
4 94
7 936
3 471
8 286
6 423
1 881
9 422
6 500
7 635
8 412
10 138
3 818
10 685
6 245
9 908
8 291
10 563
6 686
6 70
7 373
6 862
8 607
7 40
9 485
4 935
10 929
6 679
4 451
1 170
3 828
8 738
6 950
10 387
6 686
2 695
7 311
3 372
9 76
6 412
2 186
3 212
3 593
3 743
5 47
5 791
3 71
2 274
4 770
1 552
2 699
4 383
9 915
6 149
9 430
4 938
2 169
5 537
10 709
7 917
3 476
1 329
8 174
5 417
1 605
5 290
6 159
1 273
3 37
8 336
4 909
4 264
5 400
6 60
3 518
1 9
4 581
2 285
10 277
2 776
4 189
2 472
7 490
3 814
3 898
8 900
9 131
4 275
1 427
2 979
2 415
6 799
7 825
2 827
3 425
2 619
8 705
9 265
1 941
5 882
9 583
8 159
6 900
3 606
5 467
8 185
4 532
5 540
6 517
2 59
6 894
4 9
1 221
10 46
4 630
4 315
9 430
6 545
7 691
10 924
2 460
9 496
7 595
9 971
5 262
6 559
7 271
4 159
4 470
8 712
6 294
9 673
7 594
6 48
3 364
8 263
7 567
7 852
3 548
6 161
5 304
6 147
4 392
4 658
1 384
3 509
1 662
3 965
7 181
5 68
3 147
9 590
3 491
2 816
5 917
2 646
5 516
10 995
8 667
4 871
4 387
10 875
6 986
3 881
6 50
9 234
5 261
5 836
1 316
4 643
9 520
5 3
8 490
6 31
10 506
9 421
3 805
1 121
6 520
3 783
3 866
4 143
7 438
6 653
10 148
9 67
7 606
5 157
8 891
6 315
3 672
7 393
8 710
5 652
3 46
3 711
7 338
7 663
5 142
3 453
10 259
6 335
5 768
8 722
9 897
4 856
6 194
10 199
5 868
9 312
5 640
2 989
8 430
1 681
5 487
10 465
10 150
10 132
5 929
7 185
1 660
3 750
10 19
7 786
6 361
7 355
3 308
9 943
2 545
5 232
2 186
2 238
5 49
1 508
9 490
8 541
7 156
8 4
4 682
10 192
4 542
4 862
1 498
6 409
6 658
5 744
2 504
4 244
6 446
9 500
2 998
6 166
9 972
1 446
10 147
7 482
5 551
10 757
3 396
5 748
2 60
3 46
4 651
10 358
7 982
9 669
1 428
8 488
7 300
3 333
10 974
8 172
6 604
9 478
10 998
1 177
9 866
7 687
8 480
7 325
9 659
4 31
4 342
6 979
5 597
10 591
9 71
5 808
7 3
1 350
8 709
6 755
5 384
8 586
4 544
5 50
2 70
5 507
1 193
4 352
2 513
4 822
10 941
4 379
4 930
5 748
9 806
2 395
2 805
6 905
7 847
4 946
5 498
1 101
10 139
6 653
6 908
5 673
1 207
5 169
7 391
3 592
4 335
7 987
3 502
5 205
9 106
10 978
6 955
3 662
4 68
8 853
2 941
4 742
5 587
1 952
9 631
9 545
9 274
8 427
8 185
3 461
3 419
7 762
8 424
6 537
6 823
10 965
8 40
9 504
1 745
10 187
9 799
7 275
6 684
8 3
3 907
10 409
4 445
7 605
5 299
7 85
5 628
1 761
6 873
5 573
10 92
3 18
3 202
5 252
1 725
10 50
6 313
10 796
7 959
7 399
2 393
5 43
4 612
8 617
10 488
10 606
6 417
5 130
1 983
1 781
4 329
4 254
4 981
2 137
9 502
1 131
4 905
10 613
7 236
2 565
9 409
4 979
7 492
5 64
3 476
6 19
9 536
6 398
6 693
6 506
9 943
7 339
10 239
3 483
4 674
2 62
5 21
4 504
7 43
7 193
4 866
4 685
7 834
3 493
4 158
5 58
3 986
3 51
9 82
2 886
1 399
3 652
2 283
9 530
9 98
1 166
6 770
8 699
10 23
2 5
5 1
8 518
3 267
6 637
1 722
2 100
6 154
1 756
10 613
6 724
9 810
5 451
10 399
1 390
2 577
9 62
1 593
5 394
4 187
7 538
6 644
9 877
1 289
2 598
9 365
8 400
4 553
4 730
10 451
4 777
5 948
7 965
4 637
9 738
8 624
7 885
3 944
9 213
2 249
5 511
2 247
10 941
4 596
3 215
5 920
3 332
4 823
10 413
10 39
8 812
7 390
2 806
8 546
2 175
4 809
2 830
7 735
9 555
7 76
6 268
4 561
4 598
5 807
1 320
6 693
2 673
9 745
6 393
8 28
7 481
2 217
3 274
3 217
2 658
8 863
9 184
7 324
8 273
2 561
7 282
10 599
8 455
4 241
8 830
7 601
7 59
9 903
7 857
2 164
8 79
2 647
7 483
9 395
10 685
8 736
9 220
6 914
7 29
10 764
4 75
3 440
3 240
1 183
9 492
1 400
3 444
5 516
4 4
4 484
8 990
8 947
9 324
2 342
1 602
7 109
5 886
1 375
3 301
3 579
7 200
3 196
5 813
8 380
6 762
4 125
4 743
1 37
4 516
9 162
6 913
7 375
7 953
2 595
3 789
7 310
4 969
5 931
6 871
7 840
2 401
4 470
3 933
5 492
1 244
10 717
4 957
3 33
4 391
1 85
10 558
10 482
2 834
9 841
6 181
3 938
8 71
8 90
10 12
8 729
2 895
1 595
1 917
10 604
4 621
4 864
10 156
6 715
9 351
4 938
5 827
9 796
2 860
1 665
9 874
3 493
8 325
10 162
7 870
2 668
10 524
8 756
3 933
5 550
5 743
8 746
6 119
9 486
3 820
10 363
9 841
6 740
7 66
1 265
4 920
5 920
5 94
8 315
10 30
7 721
6 615
3 304
8 814
4 399
1 960
10 982
4 853
9 99
7 88
4 826
5 800
7 50
4 245
6 450
4 281
3 92
9 309
3 799
9 229
9 517
9 280
10 631
10 414
3 733
1 905
8 91
2 290
4 285
9 68
1 359
9 618
6 44
9 855
5 281
9 866
8 1000
4 765
5 172
6 461
3 599
1 357
2 921
3 386
7 420
9 87
7 790
8 515
4 292
1 966
3 404
3 106
4 559
1 74
10 408
3 451
4 139
7 506
6 993
9 588
9 868
2 369
3 247
1 263
6 989
3 729
4 422
10 895
5 440
9 997
4 551
9 359
9 253
2 101
9 554
6 84
7 407
2 363
6 933
3 659
2 161
5 633
7 162
2 561
6 259
7 338
5 487
5 204
10 152
8 271
2 666
8 641
3 75
7 541
4 453
2 827
2 642
2 215
5 110
6 382
5 237
7 80
10 318
7 773
4 990
7 895
10 946
3 448
2 587
7 810
1 630
10 337
10 761
4 328
8 923
2 305
8 546
7 219
3 9
4 9
3 708
4 986
3 940
3 590
3 871
9 246
10 260
1 755
7 941
3 33
5 373
4 369
5 166
9 181
7 621
10 377
3 375
4 685
8 904
4 207
7 263
8 107
2 688
10 603
1 752
2 396
5 114
10 613
5 393
2 268
7 843
7 790
5 746
6 662
7 769
7 176
2 961
4 127
1 134
8 272
8 48
9 453
9 472
10 858
4 487
7 818
3 270
4 17
2 417
3 140
1 983
2 50
2 11
5 699
9 400
8 539
1 36
6 353
8 638
10 768
8 441
1 114
8 297
8 832
10 302
10 794
1 27
4 278
3 774
5 99
5 335
7 536
4 678
2 389
5 727
7 896
1 201
6 990
5 309
2 688
6 973
6 60
8 110
7 504
8 568
6 22
7 226
2 580
3 915
10 8
2 785
9 931
1 596
4 387
5 532
4 689
4 994
3 8
2 507
1 586
1 786
4 551
9 320
7 855
9 286
10 537
3 565
6 528
3 105
7 180
5 278
3 636
2 290
6 276
6 530
8 451
2 391
3 794
1 418
10 240
6 272
4 164
8 800
2 262
8 373
1 393
8 743
10 501
10 536
6 753
6 627
2 225
4 730
8 285
2 333
2 139
7 339
4 872
6 469
10 733
3 561
8 933
8 674
1 854
2 614
7 293
5 748
8 506
1 51
8 889
9 241
5 467
2 859
10 363
6 352
5 853
10 424
4 643
2 627
4 807
9 25
5 700
9 99
10 492
4 56
8 267
4 258
6 750
4 608
3 263
7 382
4 145
10 143
1 926
4 951
2 529
4 911
3 566
2 227
8 290
7 365
2 287
8 654
1 705
3 452
3 610
8 981
4 211
5 397
3 25
9 33
9 694
10 68
1 186
4 802
1 157
1 554
3 128
2 579
3 386
5 585
8 674
4 967
9 340
1 19
4 419
10 512
5 788
1 171
6 452
4 245
2 746
6 674
9 831
7 44
3 520
1 964
1 957
7 61
8 663
5 68
9 74
5 181
9 179
9 16
2 854
5 185
5 543
4 206
9 292
3 9
2 463
10 464
9 808
10 314
6 788
6 444
4 62
6 284
7 167
4 55
6 641
10 590
3 918
4 599
7 805
8 419
3 134
5 540
7 561
3 879
8 224
4 954
2 680
5 189
6 512
1 619
9 344
10 552
5 572
9 209
9 485
9 873
4 46
10 752
10 233
1 882
3 965
1 142
2 934
5 477
7 572
8 318
3 384
6 882
4 919
4 425
2 754
1 301
10 24
7 850
2 980
8 279
4 729
5 523
7 453
10 556
2 834
3 177
4 844
1 452
4 535
8 80
1 760
9 290
8 866
3 806
3 5
7 750
8 13
10 96
3 726
2 871
10 97
4 541
1 113
7 183
10 179
8 504
8 827
1 671
5 841
8 577
10 828
7 821
1 453
8 130
1 175
1 207
8 407
2 461
7 228
2 682
8 633
1 426
4 737
6 4
1 867
8 801
10 908
9 627
5 919
6 26
10 797
9 706
7 29
9 396
5 880
6 81
2 288
2 519
3 516
8 335
1 66
10 706
5 660
3 972
9 623
1 110
1 381
1 740
8 562
7 905
5 849
3 746
4 108
4 317
8 134
4 211
1 153
8 135
6 492
10 345
9 245
8 877
6 155
9 984
2 896
5 296
2 919
6 651
5 598
9 213
2 853
3 931
1 626
5 199
4 818
5 168
10 578
5 829
7 787
9 611
9 371
9 568
6 950
5 818
2 637
10 565
5 833
6 22
7 718
6 778
8 728
9 36
4 49
10 568
7 594
10 745
8 712
1 184
2 375
1 601
6 431
2 561
9 18
5 408
5 694
7 315
5 772
8 800
9 660
5 273
6 275
2 884
7 703
8 36
4 143
4 325
5 492
6 189
4 175
5 978
9 497
10 587
8 729
9 487
9 583
7 595
10 383
2 686
9 158
3 635
10 748
9 415
1 599
8 409
6 119
2 440
8 244
10 685
1 796
7 188
9 550
10 777
8 620
10 782
1 602
7 876
9 56
8 509
6 518
7 239
2 883
7 108
9 237
8 238
5 639
3 456
3 38
2 974
7 157
7 146
5 42
2 632
8 451
4 640
7 332
9 421
8 216
8 160
7 371
9 381
7 582
2 154
10 861
7 10
7 186
3 224
4 992
8 160
5 637
3 850
7 566
2 997
8 187
7 135
10 25
9 328
9 910
1 439
2 784
9 538
2 646
9 759
5 714
4 526
6 631
10 244
5 271
4 572
9 731
2 829
6 575
2 599
1 414
8 182
10 651
5 137
6 916
2 164
10 893
6 708
6 584
4 918
10 541
2 879
4 616
7 308
1 761
10 549
9 554
2 817
10 182
8 241
5 956
6 749
9 106
5 750
10 273
3 509
1 520
4 535
5 358
7 611
4 2
5 550
1 502
7 330
3 447
8 208
7 613
1 243
10 307
2 3
4 82
5 593
8 5
9 197
9 822
4 121
6 840
2 277
2 856
4 947
10 595
7 884
7 718
10 523
6 38
8 380
1 27
4 508
4 722
1 781
6 744
2 62
9 36
2 378
6 426
4 920
4 593
7 388
4 386
8 719
7 356
4 726
9 285
6 699
6 904
5 747
3 772
4 323
9 891
7 976
8 338
6 326
8 20
2 995
5 704
7 252
3 755
1 945
6 182
4 806
8 883
1 964
6 242
9 936
6 351
1 744
10 439
5 551
2 33
8 740
3 722
10 33
9 214
8 260
4 834
3 327
1 632
9 389
2 171
1 271
5 43
3 19
6 763
9 720
8 91
3 356
9 524
5 191
2 69
7 494
10 485
4 305
8 366
10 529
1 40
4 304
9 350
10 368
2 803
2 206
4 689
1 708
3 595
1 416
8 17
3 62
7 586
3 242
7 169
2 482
7 926
2 391
3 430
9 875
8 586
5 755
6 155
3 573
3 576
1 17
1 453
9 480
9 59
5 204
10 6
9 747
5 911
2 659
10 482
6 339
2 618
6 475
8 807
3 388
4 506
6 614
7 168
4 204
10 916
7 626
2 462
6 400
4 918
8 411
7 852
9 703
8 101
4 870
3 636
10 40
7 982
4 927
2 244
4 286
6 337
10 499
4 31
7 135
3 90
6 817
4 746
8 669
1 992
9 736
6 957
4 444
6 757
8 807
7 16
3 159
9 716
8 854
1 415
2 162
10 76
10 77
8 570
4 188
2 580
2 55
3 923
8 827
10 401
1 260
4 33
1 657
4 625
7 954
4 265
8 834
1 391
8 696
8 83
3 806
7 365
2 664
9 640
10 320
1 226
4 31
1 693
7 705
7 43
6 757
5 202
1 18
10 547
9 278
5 201
7 574
4 446
8 951
5 624
1 102
5 282
7 235
3 843
10 831
2 217
8 904
6 6
6 626
7 52
1 575
4 747
7 949
3 469
4 251
1 678
4 553
7 619
3 407
9 662
9 981
6 67
5 40
2 556
5 968
1 672
7 571
5 780
7 902
9 3
1 282
8 926
4 928
2 938
4 705
3 192
3 47
3 348
7 536
4 530
3 381
10 73
6 730
5 266
7 837
7 214
3 24
10 872
2 475
9 805
9 11
1 582
8 532
7 166
1 527
6 672
5 196
2 533
5 58
2 639
1 783
8 530
9 369
6 80
10 607
9 113
6 537
9 174
10 596
8 52
8 486
8 158
4 667
6 638
9 560
8 766
10 520
1 681
8 110
1 392
5 791
6 620
6 833
1 436
7 206
1 97
3 318
5 776
2 38
1 64
2 927
8 700
8 308
9 419
5 287
10 77
10 147
1 365
7 638
4 513
4 97
2 935
7 97
3 867
2 876
2 237
10 921
8 643
1 406
10 823
6 312
8 415
9 304
7 776
9 167
7 111
6 412
3 779
5 730
6 269
6 195
1 513
4 662
5 832
4 420
4 236
9 199
4 850
9 155
2 139
8 486
6 666
6 595
3 96
6 585
4 336
6 264
1 715
2 830
2 988
8 666
10 251
2 70
5 582
2 703
6 522
1 909
5 325
3 612
3 561
5 545
4 311
5 703
10 902
4 879
6 799
1 153
8 145
7 462
8 512
9 425
9 880
1 24
7 858
9 997
3 244
5 551
1 902
5 958
3 233
3 697
2 788
2 153
10 515
5 834
1 825
1 34
4 209
6 864
4 761
2 657
10 701
10 218
4 418
5 224
2 382
9 319
9 824
5 310
9 680
5 267
7 540
7 233
6 107
6 7
4 713
6 732
7 242
7 458
4 504
3 565
9 765
4 513
2 102
7 58
10 615
6 173
9 347
9 366
6 69
8 380
7 129
6 786
7 156
10 308
9 832
5 349
3 124
7 651
8 635
6 281
1 66
7 544
8 57
2 376
10 276
7 680
1 435
2 619
2 434
7 91
4 100
5 754
7 746
8 206
1 982
7 917
4 914
2 192
2 53
10 408
5 580
2 580
1 331
9 405
7 556
2 95
5 557
1 296
10 292
3 241
6 996
5 380
8 150
5 165
2 955
5 987
6 728
4 648
2 573
6 844
5 182
5 870
9 928
2 83
8 253
7 60
3 107
5 895
6 137
7 265
2 15
6 755
5 318
10 653
3 805
5 353
5 685
8 39
9 275
8 787
1 214
10 962
8 49
9 932
4 243
5 859
10 158
5 761
8 749
2 627
3 851
4 796
6 857
8 77
8 896
8 63
9 564
3 919
2 49
2 448
4 507
9 907
5 33
6 242
5 735
6 859
2 787
6 714
5 765
9 951
6 722
3 836
2 329
10 852
4 423
6 666
8 410
4 34
5 522
7 473
5 326
6 166
6 810
10 208
5 845
5 683
5 503
1 296
10 911
10 701
9 253
8 234
8 677
8 784
7 409
3 70
10 110
3 882
9 593
2 44
5 787
8 395
9 327
8 635
4 747
4 846
5 327
9 948
2 296
1 749
5 820
1 960
3 588
9 100
9 996
7 879
10 375
6 694
8 721
2 968
8 149
7 926
1 494
2 606
9 749
4 86
2 130
9 340
3 59
8 143
2 913
2 588
7 843
7 14
5 735
6 406
7 207
5 941
8 395
3 909
10 493
3 248
2 332
1 371
10 481
4 380
4 970
2 596
8 249
5 283
1 140
9 76
1 843
2 854
8 983
4 991
5 44
6 622
5 76
10 180
9 33
4 104
6 237
6 611
6 74
3 205
4 615
2 696
5 393
9 828
4 225
7 229
9 750
5 888
4 117
8 255
4 634
10 808
3 278
9 381
1 232
7 61
5 31
6 192
3 812
8 163
2 657
9 364
6 87
2 160
8 671
5 276
2 336
1 493
1 35
8 788
9 394
3 787
8 470
7 743
6 944
3 130
5 80
8 925
3 227
3 348
8 394
5 330
9 237
1 11
8 151
3 67
6 117
6 90
4 53
7 859
8 59
6 353
9 988
6 567
3 591
2 506
3 664
9 335
10 707
7 164
6 255
9 959
4 842
2 57
5 772
6 466
1 707
2 84
2 976
3 154
10 377
7 991
10 754
3 530
2 181
6 634
7 883
3 467
2 115
2 667
1 111
4 1000
1 414
1 746
4 321
2 831
9 462
8 74
5 114
8 822
6 588
10 652
6 670
4 472
10 840
9 562
7 672
5 220
9 375
1 196
8 360
10 674
7 601
5 697
2 792
7 168
6 983
3 982
4 721
9 332
7 465
6 360
9 790
6 315
6 939
10 257
8 248
9 127
4 866
5 40
10 291
7 899
6 473
1 707
5 553
9 49
3 773
3 36
7 663
9 194
5 338
1 539
8 520
2 941
5 760
6 886
10 411
8 571
10 563
4 861
5 305
3 645
3 717
9 315
10 585
2 879
3 929
7 306
6 19
4 589
6 174
5 750
7 993
10 217
4 9
10 675
5 388
1 81
4 212
3 739
4 641
9 346
9 602
8 435
5 488
2 73
3 641
2 744
8 818
5 170
10 969
1 543
5 596
7 324
10 394
7 389
3 644
1 543
1 367
1 140
9 612
7 870
4 89
9 956
4 680
9 970
2 3
8 704
3 496
2 861
3 769
8 280
7 735
3 542
2 334
7 81
6 619
4 30
7 134
1 145
6 858
2 903
6 433
8 688
10 564
5 660
3 426
8 686
6 132
5 1
10 844
9 753
9 933
5 40
4 837
2 865
4 906
9 115
9 185
2 644
7 328
8 502
10 96
7 935
2 37
10 15
5 585
10 244
8 107
2 259
4 189
8 270
8 717
4 446
3 739
7 475
4 16
7 674
9 662
4 934
6 367
3 989
5 85
5 777
1 380
7 472
1 510
5 186
10 171
10 613
5 428
1 445
8 104
7 294
3 197
5 504
6 362
9 394
7 653
4 908
2 620
7 106
8 102
8 909
6 677
2 718
8 186
1 318
10 77
7 435
1 607
5 983
8 308
5 25
10 506
5 413
4 210
3 874
8 438
3 231
7 364
10 52
3 704
10 930
8 946
8 546
3 681
6 326
1 644
2 948
2 870
4 256
3 843
2 269
7 784
2 956
2 770
10 416
7 318
5 270
10 658
2 917
7 250
1 152
6 738
4 236
10 477
7 446
9 716
10 47
5 151
2 48
6 608
6 864
8 645
1 408
9 968
10 117
6 604
3 633
5 861
2 967
8 880
2 225
8 560
10 382
8 292
3 886
8 632
7 954
2 363
5 441
9 978
6 557
9 621
7 455
8 932
4 527
10 224
3 808
6 933
5 699
5 787
7 458
4 409
4 3
5 612
6 253
4 719
8 533
9 84
10 919
9 88
9 589
2 131
10 566
3 837
6 151
7 854
1 532
8 351
10 106
10 94
2 151
6 997
7 939
1 448
3 463
2 275
2 182
5 509
4 341
7 205
6 603
10 496
9 370
2 217
1 776
5 703
3 505
8 374
3 72
7 79
10 219
3 52
8 509
1 491
2 32
9 924
10 422
5 172
6 966
9 264
1 572
9 863
9 576
6 120
6 575
6 306
8 684
5 294
6 868
1 166
5 258
8 268
1 611
4 427
2 93
2 644
4 843
8 535
8 593
1 258
9 708
1 118
10 712
3 194
10 945
8 881
9 766
1 128
1 509
5 328
2 976
3 506
3 90
9 330
6 281
9 516
6 171
10 912
9 308
6 810
8 872
3 733
4 324
4 769
8 316
10 298
6 687
8 423
5 768
8 847
7 155
10 170
3 575
8 897
9 583
5 373
5 647
3 347
9 753
4 129
9 490
6 508
1 348
3 999
10 839
9 719
4 821
5 232
10 618
8 416
1 923
8 496
10 439
3 363
7 844
3 879
10 809
3 76
8 30
3 205
7 614
10 435
1 288
8 450
8 941
3 49
10 723
9 645
3 783
8 908
10 525
9 750
4 935
2 495
10 559
4 625
2 689
8 926
2 100
8 882
3 87
10 221
7 48
3 27
4 906
4 408
9 671
10 333
6 332
8 323
7 492
7 874
8 173
10 185
2 115
6 834
8 409
6 596
5 414
10 574
5 875
7 314
10 735
7 475
4 397
2 730
5 860
8 817
3 341
7 390
2 981
9 166
8 657
1 402
9 83
9 190
2 36
10 571
5 242
6 459
8 980
2 987
5 579
9 86
9 669
10 399
5 951
4 913
10 830
10 431
4 826
6 793
10 46
2 628
8 573
2 63
8 52
10 639
6 656
3 578
7 6
7 924
5 522
10 513
8 627
5 845
7 946
8 493
7 532
5 260
1 583
6 494
6 779
6 46
10 771
8 714
4 505
8 852
5 810
10 480
8 454
5 446
9 914
6 563
6 347
7 735
6 438
6 359
5 25
5 344
3 635
9 909
4 404
3 132
7 118
9 299
10 987
7 167
1 909
5 531
8 688
4 559
1 306
4 355
1 994
2 127
7 978
4 350
8 245
10 365
1 170
9 737
7 922
7 672
3 836
3 29
1 338
10 361
7 524
5 6
10 36
9 627
2 310
2 570
3 818
10 840
6 641
3 173
1 816
5 312
6 348
2 880
1 202
10 339
9 464
3 149
4 380
10 445
9 321
10 686
7 260
4 34
3 52
8 207
10 578
4 889
9 820
2 302
1 898
3 938
4 874
8 153
10 411
5 9
10 179
1 237
6 675
8 930
10 414
10 504
2 134
9 996
8 939
10 44
3 176
10 664
3 564
4 547
3 409
9 673
7 157
8 980
1 586
4 214
1 623
3 952
2 803
6 954
7 849
4 880
7 587
6 341
9 658
2 652
3 326
9 222
1 675
2 242
1 902
3 64
3 421
7 165
5 902
9 422
8 305
4 42
6 923
5 463
7 60
4 826
8 164
5 343
1 918
5 713
1 76
1 450
2 170
6 694
10 23
6 529
7 939
7 890
2 95
7 771
7 962
6 791
6 834
10 517
7 168
4 947
1 916
1 682
7 475
2 242
6 109
6 130
10 489
4 801
9 159
6 201
1 820
8 585
1 929
6 575
8 900
7 2
10 915
6 653
3 923
8 429
5 716
3 322
9 512
8 223
5 425
1 3
4 409
9 862
4 32
4 207
3 219
10 691
9 116
10 512
3 694
1 197
5 932
5 665
10 855
9 706
10 229
5 268
4 272
9 590
10 369
2 505
1 345
2 207
7 678
3 620
1 763
7 627
9 474
6 564
6 953
3 571
8 276
5 300
2 656
3 622
8 412
10 58
10 232
2 190
10 964
1 317
9 944
5 242
4 892
1 104
2 543
1 273
2 485
5 429
7 505
9 695
6 763
2 12
4 22
10 896
6 389
4 738
7 468
10 542
8 719
7 849
8 127
2 192
8 196
6 900
3 620
3 51
10 688
5 914
7 636
1 407
7 240
2 419
10 15
9 172
9 494
4 315
10 492
8 357
1 939
5 735
5 825
6 89
7 811
1 871
4 735
3 758
7 277
7 550
6 960
3 715
8 444
8 378
8 896
10 846
10 493
1 605
5 320
9 424
1 353
10 995
5 647
3 939
5 892
7 84
10 34
5 42
9 617
8 31
1 716
8 433
1 361
4 92
5 988
2 941
6 747
10 297
9 370
9 60
6 925
3 20
3 444
8 340
7 415
8 580
3 70
2 80
3 785
10 279
6 368
6 1
10 611
6 161
2 771
1 32
5 706
7 918
8 717
8 942
10 974
6 49
10 4
3 44
5 448
9 286
1 336
7 165
5 521
7 527
4 471
1 667
10 162
1 193
5 453
4 916
3 401
2 147
6 243
3 325
10 307
2 156
10 307
6 464
7 379
7 793
1 784
2 107
7 134
7 893
2 332
1 609
6 445
6 358
8 528
1 515
6 815
10 746
3 242
5 988
7 916
9 648
3 815
6 834
3 577
5 77
8 498
2 790
8 689
9 531
1 695
1 85
4 354
4 755
6 823
8 125
5 517
10 508
2 985
7 405
3 831
7 840
3 467
8 793
10 443
3 815
6 513
8 799
3 949
9 783
10 232
8 542
4 734
4 277
6 232
5 161
3 669
4 456
7 923
9 938
10 571
5 229
10 292
10 733
3 60
5 680
10 41
1 163
4 462
10 820
1 623
5 915
2 4
2 44
1 727
6 460
7 186
3 142
5 427
5 131
4 359
4 35
4 686
8 254
4 898
5 580
6 871
2 247
8 546
10 334
2 566
7 528
7 756
4 692
2 580
9 420
7 436
3 51
4 257
3 332
3 228
2 453
2 761
6 744
2 64
6 867
1 22
2 844
8 905
5 948
2 111
5 994
5 878
8 642
3 765
3 175
6 804
10 811
1 537
10 465
1 688
7 805
9 397
2 565
6 213
5 511
1 745
4 427
6 298
5 368
6 230
8 811
5 759
1 874
10 380
5 991
5 513
3 207
10 308
7 625
10 84
7 809
4 615
6 757
9 180
3 790
8 695
8 393
4 715
9 711
3 551
7 119
8 121
8 373
5 379
3 399
10 650
10 65
10 442
8 674
8 437
2 462
5 781
1 795
1 328
3 777
3 820
8 338
7 932
10 391
8 419
6 601
5 403
9 751
6 258
4 912
6 679
8 131
10 114
1 733
1 847
3 359
1 829
3 407
9 358
1 673
8 939
10 68
9 882
9 613
2 546
1 946
5 52
10 886
9 558
7 941
9 310
10 353
7 816
8 454
3 140
10 440
3 795
3 244
8 936
7 739
6 186
7 414
9 880
3 904
6 941
4 91
2 838
7 103
8 541
4 248
8 818
7 283
1 367
2 931
3 165
6 503
7 763
4 689
8 201
4 990
10 925
5 766
7 37
9 825
6 617
5 608
8 238
9 387
10 278
2 746
9 102
5 856
10 652
7 79
6 525
4 579
1 481
5 122
6 85
2 121
1 179
9 446
7 795
9 546
3 652
7 829
4 184
1 883
1 604
8 206
7 826
9 273
5 574
10 583
3 704
8 272
6 384
6 531
9 863
2 880
3 779
7 888
3 632
4 772
2 162
2 719
9 846
9 137
9 241
3 248
8 738
8 472
2 366
7 858
10 783
8 147
1 590
4 147
3 723
10 934
5 757
5 623
9 884
10 245
5 820
5 425
5 126
6 221
2 1000
10 368
5 681
6 87
1 325
9 817
4 121
2 474
7 789
10 406
10 48
7 669
4 733
9 907
2 373
8 810
5 209
9 972
1 909
4 430
6 438
4 573
5 690
4 360
4 85
8 922
2 530
7 172
3 553
10 941
8 898
10 761
2 363
1 993
7 143
4 54
2 710
4 263
3 202
4 132
7 631
1 868
8 368
10 743
10 277
9 27
6 316
5 849
10 825
9 264
8 642
8 492
1 297
4 187
6 654
6 369
5 452
10 433
3 693
5 848
8 594
2 299
5 617
2 807
10 319
9 636
1 977
2 949
1 737
7 620
1 933
6 243
10 866
7 100
6 770
5 769
10 712
1 800
4 181
4 972
5 43
1 152
10 52
5 705
1 35
4 741
1 870
2 75
1 199
4 535
7 718
10 164
2 253
9 49
6 869
3 417
9 633
3 825
7 314
2 86
3 178
2 408
8 753
8 337
8 423
9 642
10 534
10 911
6 399
9 322
2 40
1 845
2 420
6 605
2 147
3 394
2 665
2 359
10 223
2 467
7 749
1 506
5 723
5 134
5 62
6 363
4 429
6 482
2 282
7 882
7 257
8 286
3 506
4 810
10 502
10 484
8 499
6 290
2 313
6 552
3 128
5 988
8 72
1 167
10 466
6 13
8 1000
7 496
4 196
1 936
2 622
2 68
5 168
5 100
1 982
9 211
9 994
4 178
6 29
3 516
6 545
10 9
1 191
7 788
1 972
8 563
2 664
9 405
2 749
4 561
6 766
3 645
4 634
6 494
6 894
6 259
1 49
9 423
10 280
7 961
6 771
4 689
9 370
6 686
1 961
8 46
10 34
10 119
10 103
2 825
9 970
6 912
8 63
6 138
4 710
8 445
9 184
4 271
4 27
4 6
8 173
10 548
2 880
5 722
9 888
1 556
1 892
3 978
2 537
5 291
3 623
10 464
8 29
5 390
2 197
5 345
5 147
10 482
5 70
10 414
2 885
7 600
7 466
1 326
1 452
10 457
10 609
9 261
1 960
6 677
7 949
4 693
7 291
6 541
4 251
3 472
6 755
5 112
6 925
1 571
8 584
4 445
4 149
9 855
10 8
3 996
9 17
7 618
1 538
8 986
4 28
4 931
1 210
4 112
3 40
7 103
9 79
2 792
3 110
5 660
3 305
10 166
6 76
9 190
2 48
7 624
9 774
10 452
7 723
6 633
6 816
2 390
2 200
9 152
9 349
5 767
8 917
6 177
8 121
6 75
1 222
9 269
8 476
3 907
5 137
3 903
4 544
2 746
1 38
6 12
1 787
1 212
2 295
6 316
2 687
5 568
4 649
10 610
6 128
10 724
1 318
4 538
6 136
10 449
9 466
1 670
10 734
7 925
4 375
8 321
4 336
8 637
4 8
9 796
5 469
9 402
10 20
10 969
1 696
3 277
5 416
9 634
8 964
4 657
6 167
6 213
5 187
4 147
2 602
6 642
2 463
3 217
4 263
9 578
6 349
9 186
1 55
4 318
2 620
2 659
9 466
2 808
3 895
7 970
7 97
5 717
8 523
2 485
4 311
2 715
4 253
9 103
7 907
10 892
6 963
9 523
1 268
3 341
1 779
10 802
6 802
3 19
7 402
2 531
7 3
5 209
1 524
7 233
3 219
7 306
8 581
2 176
9 698
4 492
9 559
5 864
5 69
6 753
8 527
5 500
3 840
3 979
4 829
1 468
3 859
6 450
1 494
8 747
1 489
8 57
1 916
7 26
7 548
4 798
3 990
4 487
5 55
5 688
5 665
3 780
9 219
4 654
5 276
1 686
6 816
2 235
6 309
1 245
6 941
2 345
10 313
9 690
2 60
3 349
10 90
10 878
3 505
8 630
2 942
10 77
10 82
10 194
7 100
10 470
6 171
9 53
6 420
3 433
1 890
9 907
4 674
3 906
9 253
7 643
5 372
5 496
6 212
5 330
6 289
6 450
1 275
2 598
2 31
8 751
7 155
1 302
1 258
6 106
6 287
10 870
5 860
7 595
7 724
5 715
9 978
3 321
5 145
7 2
5 281
7 476
8 52
7 188
10 211
5 823
9 116
2 78
6 724
3 423
2 40
5 198
10 710
8 423
7 855
8 199
9 866
1 675
4 428
7 245
7 238
9 385
8 6
7 211
5 211
2 241
3 233
10 896
8 660
5 177
10 719
9 861
2 464
1 661
4 993
5 978
1 65
3 453
2 268
10 785
7 136
2 995
4 891
7 496
2 447
9 418
1 153
3 277
3 77
5 621
7 841
5 568
6 152
10 267
6 582
1 718
7 551
9 27
8 682
10 641
5 793
10 146
3 975
5 139
1 473
5 484
9 847
6 614
5 509
7 95
5 884
6 613
1 668
9 286
7 505
4 450
7 494
9 962
1 156
4 177
6 587
2 395
4 473
1 463
8 212
3 399
6 319
1 400
3 998
6 122
7 441
4 674
5 1000
10 505
9 706
2 134
10 594
9 909
10 24
1 3
4 898
2 876
5 938
6 689
10 139
5 76
4 869
10 391
4 22
8 347
2 401
10 186
2 812
2 58
8 470
3 36
9 421
2 420
3 445
3 47
5 979
5 284
8 501
9 989
7 336
7 288
8 289
1 451
6 217
7 21
5 246
3 738
6 929
7 119
1 282
8 857
1 340
3 448
1 330
9 560
3 514
10 802
5 905
1 699
1 316
3 951
8 328
4 231
2 982
4 610
6 252
9 481
7 561
4 877
4 308
1 432
3 743
2 678
6 217
2 854
3 87
4 695
5 113
9 874
6 401
2 273
8 285
1 378
2 955
6 734
4 307
5 45
4 313
2 605
1 976
10 305
3 878
2 743
4 586
9 840
3 435
8 298
5 1
2 525
7 858
5 862
4 962
3 519
7 281
6 633
4 883
10 523
2 996
8 963
3 536
2 197
8 44
2 419
1 482
3 315
1 106
4 660
6 82
8 965
5 487
1 761
3 52
6 283
5 268
4 43
2 32
7 659
6 724
2 749
6 50
8 140
4 185
7 605
5 406
6 971
2 279
2 508
10 828
6 228
8 834
5 991
4 133
5 415
8 852
8 86
2 674
10 422
9 130
2 691
3 508
7 698
6 199
9 57
5 242
8 634
10 978
9 756
8 65
6 534
1 788
4 312
8 777
6 453
9 202
10 341
7 505
10 715
7 841
9 141
10 379
8 77
2 895
6 193
3 501
8 673
8 582
4 859
1 621
7 367
10 127
9 267
5 307
6 551
3 187
1 290
1 502
4 637
9 762
9 244
10 80
5 655
3 339
3 17
10 848
9 117
1 251
10 138
10 383
2 159
4 341
7 262
3 916
8 121
1 971
8 245
9 634
4 959
3 955
2 600
1 284
6 218
9 324
8 396
8 908
1 31
5 380
1 190
6 288
5 507
7 326
3 694
1 962
2 401
7 348
7 954
8 253
9 230
6 717
10 956
9 41
8 40
4 941
2 709
6 834
6 722
4 810
8 403
5 981
10 924
1 889
6 412
3 456
5 929
8 317
5 581
5 775
2 710
7 500
3 798
5 316
10 897
8 733
8 675
3 516
3 204
5 964
1 627
2 233
8 397
2 750
1 580
1 904
6 369
7 246
5 845
5 128
9 870
1 471
8 292
10 619
6 408
3 338
1 222
1 451
2 922
3 684
8 530
10 826
2 827
1 190
1 498
1 904
1 337
1 239
10 431
3 93
8 739
4 198
1 193
2 860
3 90
7 73
10 132
3 594
2 781
8 24
9 342
5 840
7 854
9 336
6 731
3 406
9 847
4 642
3 809
6 517
6 43
1 871
9 307
2 255
1 610
7 802
7 480
6 281
7 149
3 603
3 692
5 990
7 832
7 182
10 867
2 19
6 44
7 300
9 733
1 670
5 114
9 164
2 982
3 853
8 597
8 151
6 834
10 212
1 577
3 485
3 446
6 317
2 763
2 508
10 26
8 404
10 331
9 459
1 619
3 452
1 137
1 288
8 94
6 378
2 988
7 402
6 809
5 773
1 805
5 950
1 891
2 351
4 875
3 890
5 211
1 911
8 241
7 646
3 34
2 1000
1 661
5 36
3 476
10 383
3 946
5 709
6 95
1 395
9 743
10 884
2 836
1 970
10 36
5 848
9 891
5 743
5 620
4 650
6 309
3 832
1 168
4 685
1 274
2 609
3 364
1 400
9 148
10 86
9 316
7 358
1 385
5 397
3 311
5 126
4 82
10 863
1 910
8 443
1 373
10 637
8 404
1 700
10 15
3 116
3 197
6 853
1 547
9 224
10 3
4 400
3 504
10 928
4 280
3 650
4 642
10 852
3 274
7 713
5 632
8 736
3 626
1 330
5 632
10 313
6 776
6 915
10 936
10 527
5 735
6 836
3 494
2 306
6 645
10 292
3 685
7 762
3 869
10 112
3 12
5 586
5 664
9 506
3 513
3 116
10 726
9 150
3 754
1 816
3 711
8 71
9 981
5 27
6 67
10 425
6 319
10 445
3 172
4 749
6 573
9 159
10 281
1 459
9 428
6 884
9 117
2 845
8 442
2 387
4 652
10 937
7 627
8 526
10 197
4 385
3 336
10 998
4 148
1 997
7 476
1 717
3 772
2 915
9 23
10 238
2 784
4 638
3 60
5 739
6 68
5 908
7 598
8 484
2 810
4 168
2 951
1 266
10 31
4 232
5 937
8 384
7 152
9 953
4 694
2 225
6 934
6 458
10 745
3 560
4 869
6 809
1 271
7 954
2 417
8 28
7 990
10 565
2 155
7 708
10 419
2 12
2 204
4 550
2 992
6 457
5 872
9 522
1 935
5 312
5 343
9 858
6 982
5 562
7 579
4 736
3 88
2 679
7 173
7 621
5 333
10 126
4 718
6 713
1 562
4 913
6 252
3 826
4 707
2 310
5 307
1 519
2 733
4 572
4 886
1 732
9 384
8 803
2 50
6 955
1 541
5 900
2 622
10 734
6 624
10 793
3 275
3 733
5 599
6 390
7 42
2 762
3 352
6 780
8 397
1 22
10 436
3 274
3 473
3 92
8 55
7 190
9 914
3 794
7 969
6 694
8 51
9 893
9 71
8 124
4 947
7 179
6 268
4 692
6 797
7 510
6 122
8 603
1 171
9 17
3 380
8 814
9 921
5 525
2 305
7 893
6 597
5 811
2 978
8 332
1 33
3 61
6 447
10 364
4 762
6 409
9 639
8 694
2 929
10 73
6 569
6 13
9 82
2 971
6 587
9 139
1 357
9 262
6 449
9 527
7 923
4 200
5 564
3 718
4 443
2 454
4 377
1 728
2 493
5 703
3 635
9 809
2 259
6 371
9 456
10 536
9 355
3 609
1 806
3 919
10 669
6 54
6 295
7 733
7 227
1 348
10 27
6 727
10 243
10 772
8 522
6 747
2 273
6 877
6 490
1 744
7 14
9 912
7 225
3 647
10 473
6 278
1 474
3 507
10 570
4 31
4 228
9 695
10 347
9 990
7 305
6 911
8 629
3 155
4 925
4 236
6 805
2 680
7 846
4 186
3 561
9 459
8 534
1 781
6 585
5 678
6 74
5 850
5 439
9 805
8 819
1 184
3 187
7 11
9 965
8 546
10 118
6 208
5 32
10 100
1 594
7 688
5 292
5 208
5 767
4 369
2 797
10 657
2 138
5 5
8 395
5 218
10 757
3 856
9 525
8 803
4 800
10 490
3 506
6 575
4 716
1 636
8 329
5 154
8 424
1 894
9 182
7 493
7 849
8 579
1 79
2 935
7 537
7 898
6 357
5 894
4 968
9 661
10 123
10 623
3 66
6 131
1 963
5 377
6 121
10 470
5 527
10 728
9 326
5 219
2 768
6 503
5 383
4 440
4 841
9 643
9 892
2 545
2 388
6 498
2 748
9 789
3 229
1 780
9 964
9 143
1 314
3 447
7 682
3 618
8 500
7 13
8 187
3 11
1 395
4 785
10 375
5 217
3 813
1 312
7 864
3 935
1 266
10 254
5 763
10 612
10 863
1 245
4 919
6 667
3 538
4 43
1 943
4 638
8 564
5 513
9 631
7 840
2 304
1 854
10 671
4 504
5 138
8 240
8 445
1 262
2 364
10 86
10 286
7 783
9 736
4 284
6 552
8 673
6 132
7 563
5 517
3 184
3 891
9 46
7 344
1 422
8 885
1 411
6 330
10 740
7 256
2 921
7 610
2 407
7 764
10 962
1 513
1 628
6 934
2 877
10 393
1 776
8 237
9 328
3 454
4 63
4 858
2 265
4 371
3 886
2 110
5 567
8 121
1 689
10 298
1 528
5 699
3 746
3 788
1 670
4 393
10 90
10 611
8 609
8 970
1 617
5 678
7 368
9 223
4 717
5 562
9 288
2 197
6 447
1 927
10 261
1 786
2 208
7 733
10 511
1 334
4 668
4 635
1 101
7 376
6 568
2 985
1 787
4 25
4 873
7 319
7 926
9 826
4 15
3 272
3 330
7 318
5 487
10 556
2 971
1 574
3 42
5 721
7 638
8 415
1 54
3 896
4 749
1 87
8 881
4 233
10 443
2 849
2 403
3 263
6 564
4 847
3 108
1 588
2 387
2 420
10 259
9 22
10 907
8 603
8 159
9 3
4 334
4 91
2 635
2 714
5 717
1 357
8 269
1 348
6 600
2 212
5 324
8 95
3 43
6 828
9 105
2 587
7 285
10 79
4 913
4 514
3 729
10 675
8 188
8 773
8 93
1 829
8 450
7 738
2 889
8 270
10 892
4 48
5 848
3 400
6 889
5 448
2 104
1 749
7 541
8 869
6 813
5 784
7 396
1 207
7 889
9 545
4 886
8 847
1 891
7 35
2 539
6 208
1 443
10 998
8 243
4 999
4 490
9 704
3 670
2 529
5 319
3 629
7 903
9 21
9 954
5 499
7 793
1 720
6 709
10 245
3 966
4 727
9 772
6 389
5 996
5 430
3 876
5 642
9 958
1 924
8 116
3 634
10 226
2 21
2 511
10 636
3 349
3 65
5 782
5 99
5 752
10 116
9 49
5 417
10 79
7 483
7 288
1 449
7 504
9 588
6 756
9 635
10 58
5 262
4 662
6 746
2 789
4 823
10 671
8 710
2 630
4 550
7 181
8 70
10 653
9 346
8 402
1 934
6 756
1 419
8 698
5 654
5 176
3 911
3 379
8 532
10 591
6 214
7 88
8 156
7 659
10 454
10 184
3 281
2 355
8 167
6 284
3 421
7 368
2 582
3 677
9 612
6 343
6 640
3 586
2 536
2 194
9 261
2 648
4 520
10 682
8 652
8 263
10 12
1 699
7 97
2 80
3 981
8 642
3 337
2 565
2 382
9 489
5 147
3 812
5 51
5 42
6 733
2 719
10 153
4 313
6 920
10 81
6 732
1 706
10 654
4 70
9 430
5 817
4 310
5 73
9 600
8 666
8 785
2 620
2 754
10 94
9 793
4 905
5 303
5 118
5 793
5 562
7 386
1 557
4 578
6 880
2 649
3 233
1 658
7 795
4 473
7 765
7 241
10 435
8 883
3 137
4 560
9 690
2 421
8 742
6 55
1 811
1 864
5 717
8 302
8 837
4 693
7 57
6 820
8 769
2 100
7 894
9 279
7 610
3 575
6 983
7 3
5 911
2 327
1 146
6 683
6 451
6 102
7 112
5 844
5 736
3 328
8 781
9 706
4 767
4 934
6 264
5 96
6 291
10 757
9 56
2 566
9 84
2 551
7 925
4 743
5 316
1 428
5 862
1 255
7 975
9 213
10 837
10 198
2 154
2 605
6 769
3 663
4 924
7 19
10 354
6 220
4 754
4 273
5 465
8 185
8 761
6 76
1 432
8 192
3 207
6 935
2 298
2 322
9 631
10 729
8 229
9 930
7 69
1 247
10 138
4 453
2 676
5 582
6 469
5 361
6 435
9 801
8 727
7 75
7 350
7 682
3 609
10 634
7 426
9 735
10 730
6 199
7 848
8 205
8 814
9 973
2 387
1 363
5 931
8 134
9 904
9 208
4 859
8 316
5 443
7 452
1 626
8 405
9 399
9 474
10 529
3 129
2 794
6 364
1 425
6 653
9 417
6 660
4 403
3 283
7 892
4 84
7 395
4 212
4 381
10 221
3 136
1 230
1 882
6 27
3 624
1 164
6 950
4 464
8 908
7 390
1 583
9 341
4 533
1 821
4 635
9 669
1 167
4 244
5 516
6 953
10 545
5 879
8 909
1 583
9 277
10 668
10 33
10 801
1 781
3 384
6 628
1 847
1 275
10 603
4 558
4 649
4 858
2 590
7 245
7 212
5 53
3 510
6 768
5 209
2 159
6 938
7 349
6 369
5 319
10 202
7 90
4 638
9 470
6 11
1 535
9 415
1 665
6 354
3 79
3 933
10 289
10 488
10 421
8 723
6 642
7 986
7 218
4 46
7 904
2 106
8 403
9 855
8 593
9 651
8 580
9 649
7 356
8 896
9 214
3 358
10 472
4 763
7 629
8 434
6 803
9 950
10 984
10 815
8 715
1 760
5 815
9 260
6 404
4 395
5 68
6 623
5 979
7 79
2 918
9 681
3 629
10 565
7 814
1 276
3 451
6 668
1 535
3 965
8 420
5 130
4 629
4 198
10 96
3 868
7 818
8 760
10 751
4 226
9 341
10 881
5 207
5 821
9 759
8 113
7 828
2 816
1 697
9 779
5 817
6 553
7 881
7 236
9 855
10 767
8 472
4 206
5 929
6 193
7 910
10 580
7 899
4 616
4 175
8 320
5 187
5 30
5 642
1 529
10 103
6 511
6 370
5 635
7 158
8 445
6 695
9 745
2 366
5 485
9 812
10 423
3 577
10 534
3 171
5 107
9 997
2 179
3 476
1 997
7 708
8 600
1 476
10 396
3 291
10 174
10 971
10 437
1 286
1 805
10 237
2 886
7 222
3 257
4 984
9 356
3 1
8 124
7 983
5 581
1 842
10 346
10 734
1 546
10 541
6 976
2 157
1 598
6 808
3 372
1 801
4 951
6 509
2 545
8 234
4 93
3 755
4 662
7 982
5 42
1 573
7 488
1 849
10 497
6 918
6 905
1 377
8 661
4 220
5 534
10 139
1 105
5 143
8 424
10 268
9 381
8 212
9 186
8 925
5 555
7 844
8 524
4 618
8 8
9 988
7 150
6 874
9 817
6 341
1 415
10 210
8 345
10 404
9 280
8 27
8 351
9 517
10 139
7 207
9 463
8 88
4 265
8 607
3 498
3 845
1 867
1 669
1 358
9 414
1 997
5 602
8 855
10 163
9 610
4 245
1 74
6 866
8 197
9 350
9 367
2 61
6 280
3 349
8 250
4 150
7 224
3 443
9 571
4 416
1 128
3 490
10 938
6 329
7 735
1 794
7 225
8 590
1 476
9 202
8 819
1 971
9 999
9 184
9 182
2 61
1 313
1 84
1 702
7 963
8 705
1 744
5 124
8 654
6 844
10 210
1 96
10 301
10 696
9 677
1 822
8 824
2 475
10 561
10 674
9 77
5 428
10 235
3 206
2 23
7 62
10 331
5 365
3 963
4 373
1 325
4 505
7 895
9 761
2 642
3 26
6 867
9 502
10 254
6 772
6 248
2 368
1 615
10 452
10 110
9 665
4 565
7 819
5 704
10 897
1 698
10 663
2 138
3 775
5 681
5 783
3 979
3 102
4 534
3 802
6 142
1 717
1 997
10 33
4 977
9 469
8 589
2 595
5 630
5 773
9 519
7 519
4 133
8 657
2 992
2 998
9 355
7 623
6 87
2 663
8 539
8 843
3 421
4 916
9 422
1 486
4 946
10 152
9 646
7 826
7 135
4 888
4 801
8 506
6 60
8 720
7 92
5 346
2 577
8 748
3 158
7 72
10 536
7 864
9 467
3 822
10 830
6 62
5 731
3 774
1 832
9 905
4 916
9 343
9 630
9 28
5 442
3 203
9 34
1 525
10 478
7 108
5 644
9 12
9 969
9 504
5 306
6 450
4 920
7 304
8 684
10 978
8 160
9 229
6 151
9 467
2 26
8 277
10 190
3 806
1 125
2 26
10 110
1 894
2 171
1 642
6 376
1 392
9 745
4 706
8 631
6 715
9 756
10 49
9 94
7 880
2 417
6 105
7 756
7 876
9 577
8 631
5 679
3 308
2 984
2 371
9 802
7 516
4 502
5 755
9 137
10 38
2 738
8 853
8 391
8 887
4 772
8 244
6 367
6 884
3 418
5 530
7 433
7 503
8 975
6 363
9 161
4 867
7 77
10 274
10 439
4 466
1 637
2 938
4 910
2 459
5 585
8 720
6 899
1 780
2 757
6 557
10 743
9 879
5 621
5 284
4 179
6 832
9 218
1 819
7 878
8 545
7 889
7 198
5 165
4 287
9 223
7 649
6 872
9 655
9 415
6 979
8 476
1 313
5 524
8 309
3 679
8 196
6 461
3 654
5 369
8 436
4 740
5 147
5 867
9 848
3 488
7 139
10 797
10 168
2 471
4 737
3 347
1 547
7 446
6 620
4 338
8 550
2 554
5 193
10 285
9 666
4 827
8 366
6 178
2 560
8 790
1 407
6 556
5 557
3 536
4 909
1 447
9 443
10 908
5 314
6 896
9 899
3 849
1 219
10 651
2 250
3 919
8 664
5 377
1 592
7 551
5 282
5 941
2 639
2 172
3 171
4 94
10 43
10 10
5 116
5 319
2 350
7 165
2 725
8 532
8 560
7 331
9 932
10 995
2 663
10 700
5 815
3 411
9 678
7 670
5 51
4 149
1 195
10 807
5 364
8 995
6 446
5 691
2 188
4 802
5 952
1 602
5 737
2 215
7 644
1 480
7 748
4 95
5 405
2 851
3 206
1 354
10 604
9 170
3 340
8 719
8 907
4 301
9 442
9 317
9 598
10 148
9 153
1 900
3 87
10 664
5 70
10 988
1 79
3 33
8 759
9 386
6 825
3 187
4 638
6 268
2 926
8 824
4 64
10 447
4 665
9 810
4 322
7 507
2 609
1 972
10 195
7 403
8 336
4 419
4 315
10 292
10 863
5 637
7 654
1 137
1 651
8 924
7 675
8 149
8 953
8 505
2 407
8 932
8 949
6 61
6 425
3 795
2 135
2 866
6 713
6 173
6 391
6 238
5 847
4 297
8 954
7 968
7 933
8 476
6 279
7 115
2 825
1 432
4 98
7 270
6 73
4 967
2 679
3 237
7 68
3 259
2 230
7 832
5 167
3 205
8 614
6 564
4 685
3 565
3 295
7 39
9 145
2 574
8 422
5 773
2 962
2 618
2 466
5 102
3 975
7 72
6 223
2 592
4 560
2 168
2 353
8 363
3 99
8 249
7 85
2 991
1 563
6 338
7 662
4 935
1 42
7 742
4 486
7 568
2 84
5 179
1 777
1 309
2 784
10 733
6 978
6 358
3 307
4 2
7 353
6 198
10 906
5 28
3 777
5 495
10 363
4 257
10 306
1 635
6 670
3 330
9 610
5 805
7 280
7 466
2 460
1 632
6 295
2 574
8 502
10 26
5 380
10 631
10 44
3 801
7 267
5 361
4 394
8 988
1 145
5 36
10 347
2 279
1 140
9 218
6 752
2 23
9 296
5 302
7 173
5 237
6 490
2 773
3 640
3 563
5 718
6 531
10 490
2 137
1 605
5 660
8 233
9 475
9 841
10 892
8 70
4 583
1 818
9 935
3 175
6 942
6 611
10 768
1 719
3 125
7 459
2 391
1 624
4 869
2 403
3 202
7 928
8 76
10 816
4 398
8 977
1 311
6 900
1 64
9 37
8 204
6 873
1 911
2 992
5 243
9 769
6 203
1 331
6 107
5 866
8 45
6 172
8 559
5 82
9 560
10 81
7 671
8 192
1 906
3 522
1 209
4 238
10 170
7 246
5 910
8 370
1 790
4 382
3 296
7 464
3 344
1 381
1 855
1 223
3 149
5 761
3 152
1 448
2 812
7 731
2 220
2 558
3 643
10 312
4 153
8 21
9 736
5 337
9 380
1 419
5 372
7 198
5 235
9 397
6 679
4 50
4 204
2 866
2 888
5 211
7 760
1 214
5 393
5 305
4 519
4 871
7 659
3 374
5 68
5 707
2 695
6 905
10 868
9 482
6 271
2 846
5 13
10 150
3 812
1 86
3 278
3 444
5 494
6 972
2 797
8 153
5 938
4 588
2 214
10 658
8 634
3 399
7 902
9 300
2 73
8 890
8 66
6 923
4 596
5 94
10 850
3 29
10 897
10 57
2 679
1 868
9 660
4 662
2 765
9 246
6 234
2 735
1 427
7 72
2 422
10 942
6 512
4 636
10 233
9 722
9 127
9 266
6 135
10 423
1 496
7 191
5 739
4 170
2 204
6 610
5 833
9 34
1 267
3 982
8 387
7 116
10 886
7 800
4 935
5 279
8 257
7 275
3 710
7 939
8 305
4 888
5 236
6 24
4 83
8 814
3 430
5 289
4 744
5 625
4 424
5 992
7 347
6 100
1 791
2 750
1 483
6 804
4 591
4 113
1 64
8 791
3 189
4 970
10 6
6 885
3 267
1 489
5 356
8 855
9 793
6 941
4 791
10 746
1 94
4 122
9 917
9 629
4 733
9 886
7 625
10 707
4 195
4 194
9 295
4 802
8 222
10 198
7 418
8 851
7 325
9 565
1 588
10 213
1 244
6 766
5 40
4 915
10 40
4 132
5 161
4 960
7 1
8 762
2 159
3 704
4 699
8 571
5 401
7 873
8 730
4 795
8 32
8 584
3 7
8 849
4 393
9 511
6 321
7 87
9 989
10 360
3 151
9 885
5 428
3 181
7 684
6 329
4 401
8 271
3 993
8 580
1 699
9 488
2 676
9 580
1 826
6 264
8 85
5 29
6 560
2 864
4 620
3 494
4 486
6 380
10 147
6 842
2 479
6 185
7 902
5 882
6 184
5 347
4 218
8 620
9 594
8 522
10 364
6 709
5 566
8 187
4 684
8 118
9 428
7 563
8 480
5 416
8 466
4 97
3 577
2 554
6 29
6 455
2 958
7 763
2 993
4 686
1 472
2 638
6 81
2 544
1 28
9 25
8 990
5 99
10 63
2 63
1 740
6 380
3 998
6 627
6 165
10 687
2 154
5 504
2 157
8 661
7 223
6 854
9 148
8 743
5 78
5 269
5 119
9 626
4 542
3 608
1 61
10 173
2 525
8 924
1 988
10 677
5 940
7 619
8 934
4 247
3 782
7 150
1 276
3 793
6 501
7 783
9 702
10 677
2 497
9 307
2 41
10 723
7 143
9 921
3 136
10 148
5 707
6 452
6 596
1 488
3 756
6 75
2 876
2 788
9 685
8 649
5 512
5 470
6 829
6 756
2 300
8 517
8 291
4 290
8 808
2 70
4 670
7 25
6 978
7 10
4 822
4 700
9 675
10 863
6 169
4 73
5 239
2 740
6 438
6 382
2 342
8 28
10 862
5 419
4 620
6 269
8 841
6 369
5 643
9 118
3 496
10 153
1 542
3 179
3 951
5 718
10 412
5 791
7 43
3 765
7 823
5 686
4 795
9 884
7 267
9 116
3 830
1 967
8 298
2 740
9 100
1 191
8 663
4 432
7 583
1 372
2 617
10 705
1 592
5 836
9 123
3 145
7 643
8 811
4 178
9 269
9 842
8 604
6 689
1 483
5 964
2 828
6 774
1 485
4 392
5 95
6 815
2 752
5 85
10 759
5 273
10 833
6 694
4 407
2 844
2 646
3 943
10 223
10 844
8 82
10 761
8 858
4 545
9 836
2 461
8 543
6 277
5 140
3 901
1 349
4 997
9 542
6 670
7 443
1 887
3 426
7 393
10 188
1 837
3 633
2 902
4 733
8 467
1 925
10 596
6 876
1 691
5 204
8 368
10 781
9 468
8 785
10 811
8 94
5 254
7 658
9 550
1 734
6 52
1 27
9 678
8 206
3 659
9 539
9 241
9 54
1 838
5 849
9 486
2 514
3 494
1 102
6 570
2 59
3 403
2 655
4 486
1 388
5 971
3 882
4 711
7 176
1 559
4 847
2 761
10 45
6 553
10 702
1 242
3 576
10 856
6 641
1 26
1 539
9 359
10 515
2 848
6 490
4 25
6 884
1 321
6 651
9 479
6 483
10 242
3 587
5 975
5 657
6 377
3 512
8 52
3 368
4 656
5 437
1 973
8 985
6 944
3 944
5 409
3 704
5 471
6 321
7 699
2 440
5 315
6 716
8 845
1 844
7 73
2 101
4 127
5 102
6 981
7 80
2 289
1 683
6 258
10 917
2 223
4 612
2 230
6 295
10 838
7 356
6 876
1 706
4 427
9 635
2 407
10 992
9 637
10 327
2 564
3 67
4 374
9 896
1 141
2 305
6 178
10 837
7 758
9 395
4 698
8 400
9 82
4 411
9 284
8 365
6 963
9 362
4 107
3 144
3 333
7 636
2 543
10 848
2 88
6 788
9 321
10 732
3 74
4 21
8 520
2 427
5 737
10 857
8 858
5 640
7 423
9 270
6 405
1 112
1 283
4 840
10 477
10 900
5 788
2 599
5 12
6 270
8 450
5 429
10 126
10 40
10 453
3 855
4 791
9 425
6 269
6 280
3 848
2 810
7 247
1 716
1 694
1 555
2 346
4 619
5 163
5 74
7 326
3 511
10 806
5 564
2 753
6 599
9 745
2 958
7 884
8 702
1 599
6 202
8 115
8 350
5 296
6 997
8 284
6 218
1 831
9 121
2 244
9 979
7 527
8 979
10 999
3 173
1 31
10 169
6 63
2 910
10 789
8 386
2 327
7 341
2 28
9 551
5 73
5 368
2 118
10 624
2 328
4 989
3 659
3 339
9 140
2 265
3 347
2 437
9 557
5 663
6 882
7 391
7 939
5 842
4 493
4 544
9 324
4 325
9 879
4 510
7 607
10 585
8 493
8 376
1 78
6 174
1 640
7 673
9 788
9 684
10 619
3 773
5 554
7 579
7 205
5 503
1 821
4 979
6 17
3 173
7 533
6 920
10 795
4 836
7 357
9 418
1 691
8 402
7 923
7 470
5 375
7 758
10 42
9 838
6 313
7 143
6 481
1 410
9 244
9 181
2 159
3 106
1 897
4 794
5 489
6 455
6 76
5 644
2 659
8 578
9 455
4 283
6 311
3 332
2 120
3 263
5 529
4 337
5 245
9 193
9 923
6 911
5 489
3 222
10 159
9 653
7 179
5 5
10 273
7 708
7 81
9 412
8 399
9 3
10 334
3 241
9 945
10 855
1 671
6 295
4 526
7 658
5 240
9 831
9 16
7 297
8 776
9 73
1 425
1 289
8 756
2 365
4 837
1 536
6 301
2 119
10 809
6 90
6 738
3 464
6 45
3 388
9 554
5 731
3 681
4 531
8 548
4 875
6 486
9 674
10 744
2 971
2 626
7 307
3 790
8 725
5 105
4 681
6 885
10 709
5 864
4 688
7 781
2 486
9 757
7 254
7 939
1 25
9 370
7 689
4 590
7 320
2 254
1 710
6 550
5 152
9 891
3 783
9 375
3 118
4 945
4 977
4 663
7 894
5 849
8 330
5 813
6 726
4 67
6 764
8 531
1 812
3 298
5 679
3 353
3 125
4 582
8 582
9 758
1 334
6 848
1 540
5 989
6 917
4 852
8 652
10 50
1 543
5 173
8 619
10 175
6 928
5 79
1 148
8 166
5 357
2 176
7 641
1 715
7 665
4 679
6 773
5 29
2 416
5 280
10 627
7 304
5 468
1 84
6 873
3 280
8 368
6 792
3 729
8 111
4 184
6 519
1 447
7 270
5 459
5 86
8 234
9 527
10 278
5 500
6 21
8 10
1 557
5 547
7 68
10 286
4 842
1 858
3 698
9 762
3 187
2 853
4 937
6 901
8 727
1 960
10 336
1 846
7 575
8 831
9 322
10 680
10 112
9 826
2 482
4 303
10 550
1 157
3 658
10 28
3 51
8 646
9 921
7 865
9 172
5 309
3 477
1 846
8 228
5 341
1 979
6 337
7 276
4 611
5 373
4 18
9 427
8 820
2 144
6 357
1 43
10 911
4 774
2 868
7 657
1 336
10 844
7 101
10 679
6 476
5 56
7 576
5 430
1 772
10 825
7 408
5 285
3 742
8 447
9 579
1 502
9 12
2 457
10 632
1 161
7 976
6 197
9 273
8 868
9 613
7 227
3 587
3 266
10 55
9 680
6 932
2 941
3 142
3 694
5 465
9 733
3 878
10 574
6 862
4 864
5 721
6 572
9 407
8 458
10 62
2 125
9 193
4 899
1 951
5 963
8 869
6 213
6 123
2 412
10 679
3 784
7 569
1 525
8 911
3 883
4 699
3 151
6 726
3 918
7 498
9 390
10 707
7 232
3 27
7 48
5 362
5 749
8 393
2 672
5 340
1 276
8 695
3 639
5 902
2 92
7 22
3 250
8 393
3 205
4 87
9 958
3 874
1 446
4 309
1 877
10 391
3 713
5 640
8 649
2 421
1 828
1 924
2 135
10 474
7 530
9 543
5 646
3 268
5 400
4 558
8 798
2 609
1 707
7 88
3 405
9 93
7 202
2 671
6 696
3 981
7 282
9 590
3 392
9 623
9 673
1 722
8 419
7 721
8 990
7 295
8 417
2 686
1 839
8 953
3 533
3 176
10 221
6 140
8 633
7 482
9 202
8 616
9 773
5 237
6 452
10 312
7 601
6 363
6 409
9 301
4 344
10 50
3 650
1 414
9 859
2 853
2 809
8 73
6 83
6 198
6 945
5 165
5 584
1 83
2 155
7 812
10 451
10 750
2 820
10 677
3 480
3 652
4 361
1 827
1 104
6 241
4 745
2 867
1 659
1 208
10 299
3 774
7 317
10 933
2 231
7 85
3 185
2 922
2 485
8 604
3 823
8 956
7 821
7 546
9 383
3 6
5 433
2 457
6 821
2 675
4 630
5 960
7 947
2 545
8 456
3 367
10 314
9 826
7 28
10 797
3 462
8 554
1 978
6 431
6 564
7 370
9 25
3 521
6 616
1 156
2 955
7 376
8 410
4 944
8 239
3 746
10 815
4 866
2 558
10 74
7 373
8 469
1 727
6 864
7 231
2 755
5 32
3 846
10 101
6 627
6 131
4 347
4 586
6 86
5 3
4 369
1 397
8 350
6 995
3 730
1 66
2 194
2 694
5 734
10 315
8 754
10 343
10 703
2 712
7 807
7 819
4 941
3 230
8 706
6 461
3 749
7 669
1 72
1 105
2 907
8 834
5 671
1 657
6 671
2 334
6 630
2 643
4 611
6 236
1 49
9 934
1 852
9 466
7 352
3 353
3 6
6 556
6 887
3 91
2 509
9 126
3 511
1 696
6 605
6 835
2 259
6 844
5 435
8 489
5 766
2 177
8 627
7 606
2 19
9 539
6 330
8 547
7 725
10 593
6 581
8 434
4 971
9 104
8 571
3 358
6 541
4 353
4 985
3 489
7 806
2 828
5 198
7 417
4 792
6 798
6 345
6 229
9 330
10 156
4 551
5 405
4 487
9 401
4 704
3 17
10 185
7 156
4 522
2 503
7 30
4 791
10 401
2 461
2 537
7 115
3 404
1 845
1 825
8 971
2 826
5 432
10 404
8 925
2 518
3 183
1 34
1 950
9 174
8 828
7 520
4 940
10 761
7 872
7 634
8 542
10 209
3 930
4 392
2 258
2 69
6 84
4 272
8 354
6 607
10 613
10 615
9 949
4 535
4 644
3 426
6 908
1 698
6 728
3 93
2 552
8 474
6 786
6 993
10 823
10 652
8 875
9 677
9 750
2 652
1 578
9 584
2 689
6 800
3 996
1 636
2 371
7 634
5 6
7 626
10 147
9 380
2 195
6 422
1 463
10 774
2 824
2 735
4 353
9 825
10 777
2 938
1 714
4 507
3 335
9 899
10 972
4 340
10 50
7 104
10 483
6 384
7 484
4 107
1 430
5 108
9 440
6 970
5 67
2 500
6 787
5 483
7 405
5 157
4 688
10 586
4 933
5 54
5 661
6 972
4 865
1 491
7 535
10 64
10 165
7 658
2 23
1 202
6 858
8 131
9 249
10 343
6 290
8 156
4 8
7 151
8 394
2 322
8 506
7 430
4 122
1 321
6 229
4 784
10 698
6 289
5 703
3 382
1 438
8 906
5 933
8 36
7 506
9 280
1 546
8 70
9 297
3 186
1 281
9 714
6 975
8 178
3 299
7 884
7 797
3 647
6 159
5 379
6 133
2 711
2 434
10 262
7 264
2 551
3 180
8 440
9 177
4 983
6 391
6 434
4 819
4 550
10 147
3 6
9 746
7 633
2 354
10 837
9 745
8 703
4 574
6 433
6 269
9 414
1 377
3 286
8 804
10 919
8 57
6 1000
1 5
10 748
10 869
5 744
10 155
7 958
10 206
4 769
5 875
7 45
5 926
3 916
2 796
10 599
2 445
3 750
3 552
2 93
4 352
8 171
5 82
1 509
3 991
2 282
4 682
3 774
8 441
8 994
7 213
1 78
1 701
4 8
9 566
7 375
2 12
10 886
8 230
6 170
10 784
2 679
10 804
5 355
8 864
5 628
10 448
10 89
9 149
8 145
9 483
2 873
1 299
2 577
2 719
4 613
3 890
6 97
2 761
7 166
5 202
9 169
9 856
7 457
8 745
8 789
8 747
10 492
1 909
8 285
5 996
7 912
7 285
6 993
8 938
6 724
4 558
1 292
9 699
6 562
8 99
6 737
4 957
10 47
4 949
5 692
4 72
3 777
1 590
8 697
4 433
4 27
8 701
1 232
9 65
3 44
6 62
6 805
9 578
1 975
5 995
1 487
9 696
10 672
2 526
7 785
6 646
7 4
6 472
5 306
10 245
1 403
4 296
5 452
5 792
4 497
9 475
4 416
7 224
8 931
8 489
2 661
9 544
9 400
6 375
4 648
6 836
5 203
4 21
2 977
8 773
6 992
3 578
10 905
9 318
7 783
1 675
2 889
6 681
1 876
3 635
6 431
6 384
7 914
3 916
4 216
3 874
10 285
8 868
1 352
4 836
7 342
1 956
6 176
4 805
7 330
3 813
1 511
3 263
9 46
8 52
2 629
4 409
9 242
10 411
9 456
6 573
3 762
3 729
6 990
4 45
2 962
6 408
7 869
5 335
10 35
3 607
9 498
9 197
3 923
5 775
2 620
6 755
5 411
1 361
4 140
9 593
5 747
8 65
2 941
8 954
7 482
6 283
5 196
2 438
10 406
9 280
2 766
6 314
4 253
9 263
1 136
9 813
6 762
6 456
9 982
1 734
7 176
2 223
10 351
5 470
9 653
7 591
4 316
3 991
2 564
7 661
2 845
6 229
8 670
9 79
3 817
4 828
9 111
5 768
2 44
7 24
5 677
3 65
2 30
1 568
7 935
2 989
10 844
4 400
10 318
7 276
9 657
6 302
8 349
5 990
3 193
7 530
9 345
3 244
5 697
8 895
6 700
7 530
4 398
7 156
2 7
4 339
7 743
1 217
7 667
3 209
5 763
1 380
1 799
10 77
3 640
8 449
7 765
7 406
9 807
4 571
1 895
6 960
7 288
9 707
5 935
9 936
8 869
8 739
8 128
10 693
7 729
5 601
2 641
6 791
10 751
1 995
9 554
3 891
6 950
8 933
5 18
1 723
6 343
3 432
9 48
7 983
9 684
4 91
2 782
4 319
3 487
1 570
9 956
8 535
5 516
9 10
2 490
6 93
10 61
8 328
2 373
5 220
9 820
8 132
3 225
3 509
7 926
8 878
9 267
10 865
1 303
3 78
6 171
6 40
8 522
10 17
9 450
9 748
9 261
1 377
9 429
8 953
3 284
4 746
3 549
4 268
7 389
1 445
4 255
5 712
1 445
10 276
3 852
2 340
7 716
5 434
9 698
8 390
4 198
5 632
5 811
4 161
10 448
7 578
2 819
3 377
4 154
5 49
8 79
10 634
10 651
4 927
8 686
5 960
4 985
9 347
3 423
5 869
9 958
6 483
6 97
6 956
5 240
2 882
2 546
3 385
8 631
2 446
1 506
6 177
2 773
3 910
6 769
6 560
9 682
7 132
7 502
10 799
9 179
10 658
4 348
9 547
5 292
7 751
9 56
6 388
7 484
6 43
1 454
1 750
4 547
5 951
10 734
7 169
5 671
9 158
7 482
1 495
4 761
9 863
10 910
8 555
3 249
4 862
5 920
6 845
2 697
4 871
5 624
9 984
6 16
7 269
1 930
6 946
4 863
5 221
3 311
1 475
7 537
3 146
7 771
5 211
8 291
8 435
9 290
5 382
3 663
7 324
5 292
10 351
2 630
3 364
9 261
4 882
9 400
9 723
8 40
9 341
3 273
2 198
8 825
4 680
6 947
8 597
6 51
9 939
1 485
5 589
9 491
10 593
10 926
3 374
4 936
4 664
10 127
10 807
5 506
3 99
1 897
3 151
10 673
1 788
9 746
10 577
6 298
1 783
6 982
9 455
10 995
1 478
1 886
1 885
1 492
10 517
5 743
4 814
3 176
1 948
1 647
8 69
5 393
8 338
9 892
4 39
1 475
8 771
5 421
7 947
3 44
10 895
1 296
10 200
5 515
1 803
7 321
10 516
4 88
7 889
5 233
10 95
7 791
9 725
3 852
3 553
8 79
1 17
8 281
3 204
8 328
9 396
9 881
1 765
9 474
4 378
2 859
3 768
9 550
4 95
7 683
6 822
6 252
2 989
4 4
4 131
9 174
9 789
6 475
6 86
6 702
10 180
2 280
6 214
1 883
7 994
8 582
10 702
9 25
9 60
8 938
2 427
10 628
2 990
5 418
5 901
4 62
4 140
1 672
5 463
10 60
6 664
2 993
6 898
3 737
8 961
10 821
4 839
9 636
6 612
9 429
5 46
10 686
8 713
5 278
9 434
8 1000
6 64
8 889
2 150
5 646
3 15
5 955
3 112
10 526
3 28
10 400
5 217
4 368
6 821
7 629
9 351
10 887
2 635
5 956
10 70
10 903
3 475
8 56
1 601
3 545
3 567
7 221
6 277
9 884
3 163
7 337
1 261
7 525
7 72
9 362
8 214
3 924
1 294
9 781
4 657
1 917
8 268
10 857
2 136
8 526
1 622
9 962
7 664
9 795
4 41
6 298
1 480
7 940
9 781
6 894
9 550
10 49
2 320
10 750
2 87
7 928
4 175
10 876
8 861
5 146
2 410
9 497
9 798
10 602
10 835
6 943
2 691
6 438
7 399
8 314
1 425
8 760
6 56
3 281
3 928
1 264
10 834
9 812
10 848
7 453
8 511
6 558
6 906
5 133
8 395
10 498
6 148
9 793
7 379
10 13
7 544
9 736
8 303
6 906
5 84
10 541
3 443
1 161
2 425
2 741
2 251
5 678
10 248
8 940
2 364
6 120
5 432
5 147
2 673
3 508
6 842
8 892
10 275
7 557
8 47
5 693
10 956
5 478
10 916
9 500
7 709
3 253
2 627
4 78
2 181
7 438
4 383
1 478
5 556
5 313
1 168
10 956
6 762
4 384
9 799
7 987
9 623
9 33
3 660
4 319
5 347
5 636
7 450
10 212
4 386
8 216
3 611
9 398
8 403
7 937
7 567
10 635
9 758
2 361
4 893
10 496
1 200
2 57
1 74
4 86
2 847
3 948
9 508
8 114
5 491
7 953
10 237
2 575
2 177
5 42
3 404
10 214
4 295
8 296
6 612
10 748
3 584
6 416
6 755
10 180
3 441
6 777
9 824
10 91
3 359
7 734
5 252
7 298
4 169
1 25
4 361
6 674
6 706
9 771
10 631
1 723
2 455
5 780
9 238
8 740
10 561
1 889
8 14
7 688
2 2
10 726
10 829
8 872
1 846
7 957
6 78
6 798
3 131
3 727
7 356
2 389
10 101
4 936
9 786
5 327
7 970
10 399
1 207
7 845
6 934
3 180
8 566
7 684
10 118
1 985
4 999
5 664
1 367
6 542
7 493
10 757
5 842
9 745
2 517
3 936
5 694
7 984
4 960
2 519
6 2
10 323
4 804
9 702
10 55
4 410
9 595
2 43
1 166
5 397
7 74
6 156
2 178
10 859
6 201
5 8
7 858
4 206
9 910
10 878
9 177
9 989
7 864
5 772
6 464
9 21
8 444
3 277
2 532
2 876
2 451
5 504
4 91
10 348
1 208
5 804
10 332
7 246
6 27
8 505
7 163
3 593
7 189
3 174
3 706
4 457
2 196
4 429
9 464
2 901
1 313
10 942
10 708
5 48
2 374
8 725
2 557
7 788
1 191
5 354
1 239
8 983
6 744
1 33
7 541
2 269
9 711
8 166
7 313
3 320
1 119
3 955
8 587
10 637
6 316
4 605
9 891
5 873
7 705
4 799
4 320
1 83
1 334
7 517
8 932
2 297
6 234
6 721
8 196
2 384
7 455
2 407
10 927
2 143
3 894
8 6
4 820
3 164
10 943
3 312
1 468
4 211
6 227
3 710
5 349
1 284
8 196
6 904
5 914
4 384
8 1
3 446
5 266
5 265
3 553
10 822
8 343
9 292
9 678
8 663
1 7
10 624
2 30
5 785
1 240
8 42
10 326
10 497
10 484
2 921
6 502
3 932
4 690
2 98
2 830
8 36
8 829
4 599
2 565
3 861
3 373
2 550
5 831
5 890
9 204
8 315
7 500
2 613
1 980
5 620
10 39
10 415
8 360
3 255
7 92
4 706
8 927
9 598
4 531
6 37
2 693
5 688
5 188
9 325
2 34
10 979
8 446
1 932
9 628
8 868
10 897
6 941
2 857
1 638
7 547
7 864
4 941
1 329
9 83
7 756
8 608
3 480
6 348
1 549
2 538
10 938
2 387
3 254
1 652
10 808
4 381
9 951
7 824
2 664
1 101
5 489
3 103
5 620
4 700
9 943
2 53
9 215
6 820
7 722
3 601
2 329
9 51
9 544
2 999
10 255
9 916
6 841
2 601
8 407
6 568
9 373
10 737
4 207
4 717
2 734
8 154
9 584
8 189
3 332
2 798
1 666
2 330
9 25
1 441
1 625
3 261
7 513
2 601
10 505
3 406
9 461
4 759
10 166
6 396
6 245
6 316
4 914
1 652
7 646
5 638
5 700
8 740
6 409
4 783
4 158
1 489
9 111
7 744
8 191
4 90
2 844
6 994
9 336
6 404
10 627
4 863
5 614
1 115
3 816
6 813
9 205
3 721
4 860
5 4
7 883
3 881
3 661
9 776
2 384
5 184
8 686
1 792
6 824
10 786
6 262
9 686
5 34
10 94
4 626
9 415
8 710
7 370
10 918
7 896
3 376
4 274
7 425
8 710
10 720
2 907
1 450
10 587
10 19
5 286
2 777
3 410
1 711
8 887
5 746
5 956
5 801
4 936
1 808
8 451
3 270
10 959
4 549
3 926
5 357
4 747
5 683
10 662
1 345
2 703
8 304
2 978
8 56
10 991
9 845
2 885
2 576
4 127
1 444
6 52
6 647
5 154
3 169
2 495
8 52
10 409
1 328
10 415
3 129
1 30
10 953
7 369
8 13
5 727
1 87
4 539
9 397
9 755
8 453
8 738
9 767
10 80
10 665
8 402
1 138
3 686
1 528
10 74
