9479
102 286
238 844
210 563
789 696
286 324
51 682
729 463
195 687
975 374
553 147
839 367
750 780
390 152
299 123
651 425
601 706
375 924
844 680
331 681
865 449
711 437
750 203
595 530
427 993
232 359
415 193
904 587
169 191
621 804
600 894
389 594
595 663
375 742
252 450
694 150
101 969
195 707
538 499
950 478
527 660
664 203
930 317
774 825
5 1000
766 308
154 521
106 600
805 425
291 788
448 118
92 210
222 110
918 309
43 550
930 337
437 841
72 858
416 537
523 234
940 813
593 275
19 331
198 617
944 334
521 340
894 456
495 609
613 613
197 653
906 192
795 370
427 197
62 800
482 441
531 662
84 235
980 885
618 757
574 283
405 714
301 615
635 255
879 243
399 938
906 770
330 120
245 186
910 207
402 366
254 223
525 965
733 430
304 444
982 273
43 399
272 988
432 744
884 869
541 69
374 263
973 863
766 922
23 355
946 967
129 318
408 661
205 861
245 478
592 178
770 327
825 132
132 721
421 404
102 211
207 501
859 297
904 385
736 107
212 801
599 584
269 783
929 538
542 311
800 76
271 185
676 769
74 386
33 774
666 97
80 232
377 397
978 820
937 450
374 520
257 105
412 628
840 358
953 842
462 87
104 650
496 596
763 46
550 621
14 331
845 939
792 893
866 455
780 541
698 258
596 47
372 896
572 237
198 710
733 218
805 688
204 560
443 181
632 471
929 386
608 528
91 323
835 997
179 507
879 405
135 529
32 913
265 805
437 717
390 214
311 468
117 756
682 271
30 540
317 755
21 700
861 222
710 951
599 43
324 98
500 685
109 669
517 959
827 616
429 445
584 924
355 720
530 854
790 609
587 113
25 609
680 530
913 703
947 645
170 529
178 977
183 10
516 629
719 42
5 880
352 390
902 948
652 447
233 194
692 82
439 428
659 538
756 976
936 757
528 607
302 34
163 402
136 904
105 907
936 782
363 751
361 838
864 860
620 276
417 234
685 369
239 415
155 264
500 305
619 321
934 208
415 290
662 175
747 615
280 17
481 884
810 553
11 506
767 51
109 310
735 397
70 408
685 362
425 641
198 323
532 938
381 908
668 717
133 514
799 270
392 560
202 615
97 664
320 68
263 399
424 367
167 556
921 709
70 490
489 639
459 359
258 352
628 878
896 190
56 427
272 564
146 507
407 251
436 368
591 583
658 3
165 708
745 212
437 92
49 494
776 442
34 107
576 226
804 64
932 514
175 878
55 580
169 527
428 142
966 766
996 292
652 758
613 205
48 734
900 325
742 912
664 334
709 489
926 350
291 210
411 168
479 291
609 529
456 607
797 937
115 223
261 231
990 554
472 61
332 209
803 416
322 561
950 266
979 631
933 197
614 42
304 448
422 537
78 982
212 902
726 215
850 744
483 882
733 456
831 180
115 792
498 751
384 486
743 108
968 313
363 22
846 732
23 244
405 779
199 567
402 559
575 687
30 9
202 185
645 568
601 254
826 120
59 708
893 93
581 486
945 314
676 755
554 566
502 947
448 606
888 896
51 555
91 142
782 636
917 371
164 846
320 269
196 932
820 412
684 687
386 596
69 903
299 931
211 533
655 468
429 266
620 742
284 39
797 524
825 954
277 683
429 360
46 505
718 483
301 155
95 417
757 647
154 126
540 184
318 288
561 901
627 107
864 290
781 617
91 228
213 522
537 973
942 219
998 962
236 487
66 271
844 715
138 236
737 196
863 567
540 737
474 634
381 461
962 150
486 60
543 110
910 446
412 965
565 292
670 767
309 357
348 121
69 228
411 236
629 287
907 966
132 876
282 393
943 108
99 546
199 177
893 257
661 960
820 621
268 487
845 646
118 742
885 936
466 756
870 210
446 170
190 63
48 416
364 468
891 171
996 483
886 104
557 152
956 465
512 654
789 929
495 461
823 57
247 770
621 205
29 442
488 948
459 645
749 133
835 971
463 724
484 275
270 9
187 469
291 179
809 711
161 967
298 426
346 547
99 273
165 845
269 455
153 928
533 887
753 194
860 484
613 532
540 198
835 96
9 998
119 361
372 798
989 537
941 634
85 838
910 842
777 495
306 359
454 600
518 521
992 234
512 133
727 955
757 509
961 154
590 887
772 612
165 599
107 407
467 936
470 811
600 190
40 97
435 293
520 15
654 565
930 401
83 436
967 792
710 500
603 539
553 87
324 229
623 597
473 822
30 70
61 154
607 698
814 211
569 571
902 333
329 826
330 642
733 697
598 930
53 488
415 906
163 477
277 533
333 100
234 864
383 863
509 16
852 191
626 125
621 243
618 546
717 572
77 380
115 653
503 307
160 959
943 52
802 830
632 48
787 598
717 941
979 70
896 375
360 686
357 240
728 230
58 819
446 290
731 436
402 203
555 658
868 495
594 466
856 88
98 375
692 264
880 552
784 387
538 888
39 397
596 359
858 507
172 362
309 229
637 210
476 402
86 291
341 351
611 269
949 535
15 745
369 957
868 938
494 355
151 450
874 540
868 959
294 386
759 582
311 799
789 480
482 688
340 981
575 954
491 768
959 93
208 330
199 329
757 415
927 30
558 172
275 843
55 450
901 249
280 235
620 600
118 384
709 354
890 811
210 31
510 525
714 974
101 268
992 405
79 247
704 673
528 565
721 768
232 702
898 187
451 641
853 280
568 475
882 612
791 577
294 129
920 925
50 863
164 589
563 850
617 820
756 92
908 108
99 799
802 448
241 137
347 836
297 599
171 195
616 151
247 545
787 467
15 134
448 561
612 251
157 925
549 687
236 181
923 226
114 420
183 637
228 584
234 937
511 341
634 381
458 207
623 513
750 167
370 599
453 815
692 316
362 403
220 855
461 856
79 37
502 500
297 588
323 631
910 915
274 499
844 580
90 682
220 772
742 301
720 299
514 948
746 403
15 123
821 40
356 711
750 874
898 781
753 434
393 278
912 166
832 121
198 243
95 626
848 329
950 435
427 852
908 791
80 550
998 249
113 598
61 77
112 839
889 404
536 835
81 929
389 637
949 466
138 84
607 696
732 746
989 909
102 67
713 45
285 167
619 608
915 501
838 751
977 54
236 817
238 655
919 133
122 549
439 788
881 727
352 232
17 877
152 408
738 628
240 767
715 228
205 169
426 978
547 494
573 386
559 218
831 557
750 461
926 460
87 222
161 148
717 604
514 155
848 475
172 646
530 873
933 532
50 853
988 500
819 301
956 154
108 131
227 935
300 88
337 234
694 19
624 172
322 122
530 790
216 704
349 528
411 369
671 154
745 282
668 245
917 890
1000 372
854 292
472 14
804 943
652 166
645 82
391 388
163 741
697 45
626 244
418 265
919 241
684 215
367 44
570 638
408 275
44 718
586 399
356 510
159 92
107 500
164 60
272 718
643 978
93 45
986 844
784 160
882 454
372 317
366 804
489 905
106 31
161 169
881 860
418 613
843 959
992 127
350 541
528 775
611 755
518 277
762 740
244 947
286 749
758 866
480 111
370 699
361 369
68 155
599 917
275 342
276 134
363 349
442 269
519 725
62 213
526 873
326 793
762 746
462 309
103 955
83 528
104 431
371 660
886 211
154 534
635 412
46 928
971 908
237 107
631 691
569 905
327 424
281 815
421 735
141 634
459 894
834 660
913 841
357 207
299 687
66 130
213 201
512 734
88 303
831 332
6 873
343 564
585 529
539 849
566 527
180 869
449 373
479 702
496 104
760 435
877 510
40 334
925 476
638 752
129 733
102 993
778 104
403 240
932 790
630 464
976 798
492 252
725 816
284 824
270 747
218 22
46 45
25 478
212 875
950 719
214 994
402 983
296 671
862 164
344 546
386 776
540 465
187 994
200 59
155 414
386 825
390 925
76 924
137 639
750 632
958 157
926 3
962 984
422 53
281 466
437 812
604 29
84 238
82 147
357 914
349 71
461 824
833 285
32 555
601 618
199 710
492 20
743 698
762 725
102 939
502 622
735 391
100 590
174 721
577 625
434 822
917 338
907 810
511 494
514 463
251 439
495 567
363 371
61 906
530 399
576 598
367 504
601 258
539 232
913 841
425 150
955 889
29 608
370 142
352 754
87 484
766 976
794 282
706 829
949 425
710 602
582 486
229 226
370 915
991 380
446 623
256 528
111 709
891 601
593 394
414 19
110 327
987 824
667 228
456 622
477 69
930 893
496 853
725 502
274 971
331 463
454 434
399 716
204 626
472 842
505 336
333 831
551 135
8 390
377 178
259 94
54 459
507 554
380 896
85 754
996 688
127 290
937 821
692 786
598 916
583 197
7 99
539 522
453 561
82 580
943 971
294 793
895 730
930 398
853 792
497 504
630 642
581 706
933 777
211 361
196 690
482 155
615 526
180 456
226 454
871 672
902 15
13 299
93 332
222 903
844 464
589 605
867 609
846 865
112 20
786 40
864 273
727 511
652 491
949 124
511 435
291 451
60 841
630 677
51 584
586 362
175 696
287 616
774 582
959 956
958 844
360 891
169 341
114 665
69 968
471 984
659 656
694 343
113 461
247 603
834 899
953 95
727 190
497 893
231 162
858 151
256 810
808 835
754 250
270 700
243 716
831 118
1000 919
345 344
676 569
169 573
992 664
240 477
85 67
602 782
63 146
724 319
815 275
475 492
75 480
2 765
857 34
735 227
393 663
696 95
494 771
904 472
730 187
844 274
477 554
694 373
64 629
199 294
626 656
184 296
573 553
238 793
996 450
362 594
475 681
625 241
893 408
864 702
771 37
284 507
178 739
114 476
96 581
740 217
892 98
593 842
760 499
192 779
185 14
306 429
404 697
973 556
648 230
750 606
594 460
450 953
197 284
345 276
821 696
628 602
676 458
777 301
480 112
704 151
796 297
577 505
964 210
92 47
50 774
908 114
510 333
575 685
57 655
530 21
8 168
947 171
565 148
260 774
35 852
80 833
952 341
717 1
722 770
958 298
13 499
227 235
766 532
683 731
141 218
491 850
799 106
24 711
893 823
139 311
84 427
650 422
20 143
375 825
269 732
950 322
507 996
738 242
295 888
275 8
634 634
450 42
188 903
580 104
588 637
133 186
774 1
832 966
71 197
765 790
715 932
819 171
712 177
582 680
181 394
279 337
718 894
820 393
437 477
397 320
967 234
276 373
568 832
992 61
439 897
422 570
182 819
504 737
582 135
539 269
888 904
683 276
644 828
962 765
46 760
392 955
981 741
110 235
102 828
657 949
481 726
233 306
197 822
964 515
755 162
506 921
381 680
848 749
917 571
996 211
24 618
374 609
593 446
234 115
282 389
774 860
355 237
272 352
169 951
510 746
576 10
421 587
139 280
737 137
607 94
658 207
924 76
291 454
4 334
620 176
212 593
291 607
526 59
267 441
99 999
48 897
341 47
171 578
754 586
807 34
414 420
23 882
954 34
56 7
853 527
234 633
945 282
672 447
499 997
809 978
246 13
457 73
603 455
681 435
453 597
561 128
752 605
206 2
225 428
174 221
862 989
941 933
184 140
844 559
109 462
845 942
198 240
170 407
374 47
849 246
678 6
978 614
444 360
944 562
315 853
153 328
614 473
408 547
925 569
431 104
506 819
428 159
342 112
105 664
216 402
345 668
391 584
575 413
848 111
718 840
758 190
786 82
924 308
236 562
371 810
238 159
591 875
977 580
127 652
859 880
247 827
510 370
874 687
404 998
651 577
179 111
373 572
547 577
399 550
269 825
325 741
720 57
526 620
527 480
596 846
750 54
113 462
503 900
714 554
170 608
281 109
90 921
364 846
771 993
488 654
841 54
642 880
933 172
785 770
812 165
675 479
434 819
354 783
839 721
670 177
622 224
958 66
441 404
925 512
963 466
477 772
942 661
754 559
938 865
714 896
817 882
830 404
325 596
469 796
732 172
764 426
41 518
400 726
171 647
238 867
348 683
334 394
498 982
609 590
157 118
831 35
476 235
963 115
381 596
88 337
231 58
305 64
815 374
532 401
403 88
485 285
560 187
161 241
380 730
972 480
456 609
698 655
23 561
848 538
700 451
835 100
149 623
464 442
65 455
433 262
513 21
108 37
921 561
204 73
294 37
728 425
785 43
628 66
264 543
775 602
11 987
168 13
395 625
552 306
490 369
75 176
889 232
503 107
371 560
992 438
871 931
353 930
48 968
316 488
916 676
592 481
883 415
772 787
539 593
620 543
968 388
535 45
270 780
365 647
497 219
116 402
64 896
549 837
728 822
326 360
722 733
219 54
646 293
115 113
122 467
313 173
142 782
206 366
695 306
303 334
317 153
202 276
767 656
543 42
406 630
675 440
781 489
47 458
950 284
907 861
890 187
204 818
217 424
338 126
811 468
957 968
617 797
268 264
641 847
457 578
911 801
250 285
686 104
691 262
371 517
389 695
422 964
268 204
389 19
723 510
235 669
653 364
251 78
495 227
212 936
597 886
671 265
143 149
479 292
883 108
876 440
43 631
86 923
707 910
357 473
332 837
297 747
856 22
609 696
308 79
781 668
608 466
240 227
814 229
301 861
442 468
519 597
746 988
828 587
435 436
34 644
326 162
940 170
460 591
864 835
663 930
352 874
843 333
352 416
441 752
916 961
77 920
649 770
939 745
383 725
804 712
714 163
278 134
26 50
872 76
939 176
716 918
664 566
431 941
990 208
111 769
521 342
681 372
782 252
914 818
765 499
21 646
289 122
57 740
847 302
232 360
767 352
407 975
91 402
27 764
6 397
192 490
426 72
835 295
445 879
855 19
868 963
38 251
629 500
836 683
340 579
622 169
319 863
160 605
67 596
511 775
896 324
6 973
994 798
520 40
598 569
725 39
880 425
551 549
143 203
484 496
20 645
988 346
197 622
185 485
890 456
790 22
345 596
124 42
605 221
565 292
434 297
568 156
894 283
336 215
18 387
110 387
628 327
590 354
311 368
547 876
81 529
253 832
879 156
207 754
175 190
213 795
47 425
698 579
278 91
906 785
462 226
99 144
675 166
327 773
477 310
62 804
358 223
756 284
429 806
88 701
96 925
100 153
116 47
421 84
902 478
354 254
760 297
889 247
237 164
1 791
905 768
832 524
774 978
352 745
334 320
852 891
805 384
915 410
814 73
554 331
932 425
273 834
310 877
963 145
447 748
660 209
397 998
155 921
564 565
451 635
978 357
701 658
595 108
149 815
439 772
969 674
2 983
69 23
448 246
215 103
269 862
669 807
566 465
5 375
850 244
213 842
43 759
110 64
657 140
734 269
245 406
859 456
391 213
924 10
482 310
664 738
692 756
466 689
134 39
412 853
392 15
666 426
177 403
603 888
472 498
247 401
896 31
775 656
925 107
885 916
288 595
233 417
263 814
538 335
252 331
245 619
8 764
406 465
311 748
615 930
80 131
933 822
360 308
540 614
773 300
524 787
246 299
985 223
375 258
247 717
10 355
21 864
963 362
691 162
670 783
562 882
264 88
768 820
10 975
707 425
204 375
15 720
170 892
966 434
549 158
298 156
852 617
968 566
481 759
752 945
360 767
819 750
745 76
937 45
774 750
465 210
972 601
235 345
668 133
835 867
315 189
634 583
397 73
283 319
32 182
97 191
626 406
833 38
964 673
228 185
626 231
585 860
274 676
361 65
469 935
560 688
955 83
971 224
656 191
850 399
513 365
335 318
204 435
888 210
504 472
335 750
26 407
437 261
689 783
641 972
748 337
252 329
87 573
34 463
370 631
899 684
994 504
102 228
193 996
859 225
39 449
908 940
392 563
637 750
140 275
713 247
916 573
814 936
409 374
548 419
468 522
637 390
417 153
577 743
295 38
767 605
647 961
774 315
22 990
201 167
512 796
534 754
514 717
575 368
45 139
229 26
46 962
687 809
600 355
667 573
504 335
751 699
301 504
26 557
34 289
336 59
529 120
874 819
986 114
203 748
190 29
196 376
235 32
386 212
935 710
208 874
248 147
479 894
105 630
456 36
343 471
562 716
51 287
868 731
554 211
776 803
595 629
860 878
791 905
241 369
377 768
759 483
431 941
850 572
737 872
866 370
25 531
219 54
683 340
180 485
493 423
555 51
503 859
885 814
578 388
312 325
183 675
88 790
350 722
411 746
872 888
910 397
461 356
779 485
996 307
989 550
466 684
337 439
296 727
598 756
858 921
917 82
167 335
940 291
306 700
695 567
830 53
445 765
618 578
583 421
472 47
332 808
134 868
596 505
212 235
733 385
987 313
11 403
729 779
690 53
923 62
610 367
541 881
807 723
943 544
874 860
430 978
224 285
927 985
19 268
811 182
987 198
975 560
554 940
725 734
213 476
109 957
168 217
884 220
517 99
577 521
819 250
457 163
984 836
436 127
589 558
81 594
428 899
170 261
364 531
87 818
197 552
323 809
693 561
247 621
809 401
381 222
907 62
478 207
510 95
526 288
297 256
510 407
723 579
207 150
112 726
301 925
638 739
30 840
524 350
221 246
561 700
473 402
732 687
185 229
574 849
610 818
433 355
719 657
18 318
935 662
153 557
799 871
490 135
426 674
628 147
537 649
568 350
938 461
603 159
172 454
320 661
517 966
295 810
887 23
620 893
487 596
914 755
255 32
789 511
12 882
90 472
877 233
632 618
679 98
462 241
377 708
27 110
23 381
263 116
403 564
403 359
661 101
700 140
866 455
936 304
854 143
324 368
161 738
111 168
946 534
561 996
956 302
835 875
998 156
713 167
733 307
296 738
674 212
592 937
607 195
25 352
485 160
376 562
802 167
961 226
153 381
7 624
533 500
787 607
894 43
646 687
470 29
557 685
947 598
937 671
682 416
670 654
30 464
297 770
980 792
691 582
787 908
696 155
441 388
498 539
55 44
898 317
235 571
108 828
184 220
575 356
588 819
349 423
866 684
692 696
270 785
575 834
227 173
407 816
581 610
626 594
617 504
623 196
133 519
340 666
794 426
997 732
825 549
519 206
121 278
890 778
694 273
919 382
449 2
307 339
937 626
394 919
661 275
676 966
294 750
488 848
820 538
591 967
189 379
220 490
214 500
885 249
527 850
282 582
680 232
816 624
690 894
937 165
446 766
150 360
485 597
472 58
20 670
894 160
785 203
43 476
900 644
440 25
684 886
927 299
990 289
333 509
380 377
97 905
367 576
740 551
494 559
416 911
132 489
138 112
229 252
771 223
107 155
859 249
982 782
125 100
642 581
772 401
56 612
126 324
40 40
602 519
847 938
335 462
38 948
99 880
496 557
88 149
467 466
776 716
734 55
373 489
498 236
320 273
54 607
99 781
187 768
411 133
602 229
285 56
737 221
274 9
539 424
59 970
875 742
975 882
294 480
642 93
259 892
112 413
503 722
554 546
549 427
25 896
467 54
239 543
353 927
956 906
807 773
934 565
988 262
342 593
644 809
760 82
238 188
61 381
287 551
718 507
53 790
2 951
340 828
802 289
745 52
6 218
136 486
56 172
692 91
551 270
563 897
553 871
317 357
69 767
342 319
527 385
81 395
854 218
859 645
649 59
474 40
213 900
289 998
765 893
416 11
170 327
997 333
752 376
446 910
961 348
76 812
198 15
101 647
107 532
559 155
512 109
585 23
15 696
378 495
334 409
553 186
809 495
882 150
812 243
792 478
637 939
214 109
646 388
459 923
862 820
24 624
423 823
249 149
77 981
202 376
1 167
974 768
102 423
791 407
5 564
289 409
572 868
409 862
932 509
567 798
541 796
938 851
35 901
646 311
306 700
231 726
938 836
480 323
812 125
41 285
267 720
670 96
665 141
640 226
903 163
560 160
391 609
102 757
819 266
163 361
298 770
972 668
591 790
733 174
911 593
830 884
529 316
412 35
699 767
199 808
154 211
313 520
421 560
200 133
32 1000
867 647
234 204
143 25
56 7
607 465
965 347
160 337
705 746
70 240
666 416
7 414
64 788
109 572
709 660
572 1
942 499
215 88
303 489
48 339
711 274
380 297
809 772
621 59
356 613
753 901
521 324
328 321
271 294
659 750
697 109
666 343
838 863
334 631
929 411
941 736
934 484
808 166
44 6
235 227
28 874
220 423
428 481
386 182
682 878
542 538
633 380
610 991
797 761
880 756
142 694
347 559
445 287
595 575
593 830
426 620
60 568
927 867
574 896
23 742
541 678
373 546
53 723
87 858
405 780
678 261
649 915
414 337
502 521
687 140
478 320
534 91
271 987
317 277
640 273
988 539
369 90
762 813
188 507
547 915
437 766
461 639
813 886
944 493
929 959
839 103
118 197
592 73
299 903
579 927
177 284
210 190
596 867
662 381
521 396
188 790
898 269
306 189
543 120
225 960
393 320
219 650
688 956
527 983
245 627
521 218
715 503
649 331
106 97
491 82
291 988
854 518
963 819
466 286
736 510
184 47
715 73
767 671
705 872
508 775
896 119
803 144
529 172
260 480
472 347
836 330
536 462
619 627
64 917
785 418
299 602
609 321
751 962
826 767
298 75
625 819
610 296
441 315
145 63
558 332
778 723
214 815
121 483
855 523
651 920
454 715
973 23
407 329
610 541
535 671
785 46
960 159
543 781
477 996
830 919
9 300
152 242
26 473
570 406
67 730
815 32
907 573
105 888
955 390
387 846
649 874
129 930
491 448
799 83
51 455
485 207
924 184
90 777
517 413
61 784
855 317
279 704
907 521
991 817
714 469
327 799
300 253
72 426
100 661
118 910
60 926
212 97
671 119
494 569
662 822
258 925
903 539
243 340
103 756
135 38
308 679
212 684
355 528
552 848
367 625
851 715
428 137
197 412
528 913
349 336
316 285
194 592
692 343
147 415
228 635
124 33
973 512
851 221
373 912
313 682
365 237
70 493
822 587
404 730
156 262
812 761
51 449
686 871
489 80
985 783
785 998
304 735
355 183
674 492
233 286
637 667
373 757
248 975
608 868
970 979
953 738
553 622
70 9
562 567
801 734
840 419
158 476
438 15
456 447
642 360
397 541
199 975
851 450
611 777
435 922
245 435
739 237
480 777
610 416
926 617
817 970
997 879
82 640
950 726
107 820
130 543
10 524
729 92
929 511
828 826
606 999
206 87
141 930
152 835
927 694
792 411
511 697
593 634
987 392
150 427
914 906
252 132
202 536
433 286
889 115
900 767
802 507
695 591
396 900
858 309
132 477
408 377
525 999
688 467
762 402
734 342
49 931
459 763
145 679
717 893
313 44
421 565
845 848
505 865
809 560
617 67
179 174
400 565
291 313
814 13
225 91
567 346
865 265
282 41
743 118
717 170
267 22
926 640
243 515
327 929
757 664
197 657
653 102
455 147
345 23
42 742
812 299
472 860
280 721
822 510
367 145
104 684
476 866
672 414
682 763
523 987
142 87
907 632
647 978
753 243
789 184
345 610
196 134
813 602
870 868
488 246
226 929
60 441
831 644
855 191
472 389
928 572
70 598
502 588
443 933
498 964
597 962
225 159
380 812
188 970
850 232
793 612
665 250
599 36
114 853
359 127
318 764
318 787
341 670
430 865
679 52
802 121
93 5
59 631
496 655
784 931
822 156
229 237
840 476
142 541
636 444
298 645
186 463
808 664
233 799
552 105
40 824
985 65
796 834
917 760
339 347
128 30
397 249
79 371
11 496
794 274
678 61
545 853
434 869
617 969
530 682
51 57
466 804
364 973
781 463
607 44
124 728
130 534
778 340
588 677
368 824
259 414
702 702
230 965
910 164
467 346
264 775
491 333
159 826
695 178
509 589
849 899
786 173
332 249
723 803
890 178
987 658
660 620
83 835
140 558
115 899
8 749
196 245
225 70
90 201
797 923
533 256
83 965
126 639
552 296
913 241
160 183
681 400
515 843
816 220
185 654
992 42
824 75
510 307
566 110
962 44
719 158
690 265
572 452
623 535
459 571
680 397
926 958
618 712
617 458
69 186
748 608
891 115
436 708
940 9
53 348
690 288
353 215
481 107
204 243
439 41
359 509
646 30
907 784
351 350
742 328
797 939
723 795
447 880
55 967
312 692
201 474
841 517
900 1000
445 415
332 416
468 248
676 653
408 928
707 513
952 140
2 31
862 605
499 370
283 183
874 569
95 519
260 193
212 792
960 194
272 222
557 621
149 935
310 694
944 662
76 120
148 27
254 497
255 268
355 319
645 826
16 681
218 236
302 152
712 35
50 559
567 441
597 341
358 873
637 475
922 807
344 549
886 898
101 957
991 884
718 187
116 945
576 552
36 757
84 60
758 801
345 657
351 707
953 476
317 461
595 499
450 118
577 471
621 508
461 776
332 487
544 34
616 194
832 294
881 849
835 69
941 57
774 138
939 226
991 356
792 489
770 146
965 630
316 314
202 789
865 914
325 362
213 859
732 824
795 714
590 538
55 207
859 878
331 252
154 801
155 253
310 432
70 556
179 976
532 937
122 661
975 116
117 832
723 447
876 165
493 793
253 708
940 276
734 15
36 819
534 807
288 538
574 256
616 660
293 402
359 16
894 217
765 65
21 238
339 253
173 739
100 515
951 76
358 172
767 390
262 950
441 90
959 113
903 327
2 377
772 946
537 674
486 196
393 155
949 739
981 318
31 205
237 565
365 440
533 478
127 742
818 959
656 629
54 133
602 590
413 83
707 844
440 276
95 908
470 421
237 736
597 265
800 672
485 844
792 953
364 516
881 874
500 8
225 331
60 516
688 781
76 238
326 695
274 63
662 243
472 823
459 73
50 689
995 845
75 50
731 619
897 796
392 152
703 508
525 962
319 140
960 850
475 616
133 686
241 469
783 461
832 28
427 345
422 541
134 44
236 879
977 111
623 409
19 42
204 18
941 783
375 600
528 840
320 227
354 195
407 65
101 991
554 34
233 913
148 805
193 842
599 963
295 979
743 902
512 424
492 901
535 786
860 425
399 185
94 404
453 289
655 644
533 280
86 98
283 397
428 899
81 467
217 538
269 9
128 368
866 898
287 739
276 281
842 173
525 278
723 868
311 817
989 291
501 422
167 869
545 853
141 979
137 325
19 944
155 231
484 298
230 441
314 641
278 294
882 375
550 303
475 781
663 965
14 609
243 38
885 488
797 521
303 820
544 794
778 892
268 282
567 543
97 384
968 381
840 205
752 281
719 93
920 626
839 582
13 235
318 337
261 31
921 242
577 929
456 150
680 462
206 321
242 105
466 385
839 839
344 911
253 879
748 236
887 94
429 997
514 366
400 174
857 145
302 462
460 240
810 618
673 261
749 924
150 876
14 236
797 562
88 522
915 422
180 425
74 210
752 989
43 6
179 697
935 153
802 755
152 72
229 769
808 786
779 38
310 898
740 618
551 596
754 13
602 245
402 474
22 49
165 736
913 406
397 613
742 294
776 119
857 392
716 686
221 722
731 2
123 932
871 568
904 401
312 688
32 646
110 441
166 657
267 940
600 581
292 351
617 426
135 443
48 954
960 463
132 249
844 259
809 23
219 466
61 953
627 592
964 820
991 456
256 272
605 44
938 403
6 121
757 799
433 520
953 917
950 359
753 151
774 853
615 71
706 722
960 41
241 145
440 246
65 449
139 136
662 728
86 917
857 786
45 986
326 489
756 883
528 278
456 85
939 234
979 369
683 82
278 80
302 256
258 196
669 671
263 289
159 71
858 224
291 985
279 398
677 851
958 279
59 623
658 178
951 521
925 740
268 317
865 294
757 674
87 572
818 28
860 569
980 202
624 977
419 943
348 999
915 713
323 135
848 508
179 925
751 618
228 135
818 226
879 695
871 540
741 637
209 406
471 323
690 645
131 363
492 615
608 356
345 625
755 395
885 720
860 203
919 892
350 475
743 346
724 940
335 201
611 224
258 198
412 506
402 336
814 702
620 281
179 994
736 354
995 633
426 350
357 151
172 718
653 912
147 901
283 719
615 900
320 946
203 702
435 633
854 856
328 182
707 607
735 538
869 246
488 518
429 265
79 122
227 646
752 37
967 22
827 989
658 401
681 492
418 199
804 569
590 871
196 745
511 300
704 733
155 338
866 201
700 943
408 711
681 940
459 54
732 126
709 683
285 730
189 823
445 943
857 67
236 211
984 918
706 258
610 746
453 722
839 469
215 656
528 288
987 236
582 986
83 30
130 1
739 508
115 165
967 959
653 230
71 690
294 939
291 845
996 440
184 119
999 240
247 393
797 689
792 886
253 863
109 24
78 85
7 331
441 654
454 779
663 293
851 510
844 419
606 505
275 837
423 3
885 554
788 746
194 619
158 741
494 720
118 996
269 38
290 553
517 18
836 869
463 716
615 632
275 233
279 439
319 611
927 387
677 211
392 393
694 66
858 714
537 743
483 166
432 807
826 862
49 968
656 457
492 589
654 654
416 607
202 580
316 959
389 385
236 392
60 643
400 119
205 518
45 944
838 990
561 860
947 439
480 701
986 462
864 705
20 852
986 693
87 954
144 209
160 933
944 6
357 730
893 123
949 454
906 488
80 316
77 391
89 298
241 560
467 361
321 967
934 783
432 523
5 610
910 903
253 444
595 602
564 873
424 800
662 150
878 499
267 883
666 854
516 883
899 59
964 639
908 263
965 946
149 994
357 120
63 473
380 330
874 912
89 444
699 975
824 65
570 36
319 496
736 554
96 838
800 918
448 845
330 817
131 622
795 698
158 336
538 276
487 489
821 275
355 770
894 642
269 533
983 505
581 598
632 364
189 357
244 100
280 652
203 780
573 197
110 200
724 230
77 552
816 347
87 420
151 933
600 41
890 865
97 569
265 563
232 955
901 638
37 853
822 941
925 607
771 123
577 834
799 620
236 704
427 221
2 852
423 683
980 75
860 738
601 8
443 296
624 777
127 361
914 178
353 376
796 770
338 125
20 9
2 513
66 646
975 978
794 39
663 451
204 673
456 303
550 815
323 683
106 787
291 152
793 930
499 121
46 539
137 744
802 711
465 345
157 849
50 700
908 381
628 505
74 953
877 296
398 828
620 358
932 291
372 479
115 989
252 712
367 934
704 573
868 393
501 720
739 70
45 206
861 98
495 187
873 843
969 321
173 362
751 600
598 462
666 313
481 712
196 11
353 832
597 411
970 605
957 803
226 455
373 421
971 159
763 793
974 248
380 257
980 652
557 223
206 509
509 964
727 766
161 678
754 11
926 748
128 122
454 238
820 259
525 442
641 381
395 672
787 502
507 208
393 556
953 401
42 541
291 544
767 165
847 40
914 696
141 116
565 547
543 491
250 727
176 566
455 466
956 859
574 579
42 933
184 204
106 621
272 678
890 228
712 10
747 458
136 465
245 276
341 206
549 657
901 266
893 495
63 275
575 489
913 654
278 801
597 144
268 134
390 456
768 109
376 484
422 586
856 790
634 384
374 796
650 117
642 435
22 373
746 45
160 511
378 22
925 456
119 866
587 770
672 605
409 603
265 174
990 328
627 30
22 209
1000 865
566 873
595 160
800 612
270 155
25 465
726 487
606 936
47 166
973 967
305 752
67 438
480 550
901 136
891 106
747 428
681 552
232 524
210 901
897 839
983 700
799 897
552 8
81 262
660 64
973 827
546 355
580 795
724 321
988 793
844 822
606 788
281 927
982 311
840 215
220 362
131 318
120 774
211 100
93 517
93 849
24 283
863 42
157 14
713 47
606 316
57 486
436 90
572 251
718 142
732 218
223 295
768 775
561 44
549 854
505 159
351 382
309 242
894 612
263 814
861 242
694 189
541 530
102 220
364 119
179 565
137 344
277 378
868 167
595 177
263 743
880 508
543 77
731 47
674 462
853 42
993 838
846 455
286 76
794 585
652 70
711 82
336 861
686 833
694 900
880 792
807 359
2 151
420 535
229 13
278 597
689 639
531 907
817 522
886 575
506 479
852 240
220 414
129 188
315 338
769 44
452 628
197 368
174 631
775 760
977 757
716 113
857 762
627 472
414 987
853 527
914 966
79 4
605 928
664 748
730 583
488 691
721 572
385 19
39 625
474 78
533 488
779 93
28 201
596 673
786 832
571 628
117 29
294 662
474 292
33 574
825 85
119 811
825 223
124 200
126 938
845 136
221 336
700 835
220 606
538 108
841 706
212 50
54 678
245 23
68 90
139 448
18 422
658 960
912 971
177 926
97 846
350 137
31 883
437 392
612 103
947 850
511 456
663 669
606 724
345 80
313 652
142 414
611 237
565 292
662 592
745 827
166 554
315 740
828 677
590 209
798 14
879 878
334 367
191 201
948 690
298 128
275 535
70 717
133 853
727 904
801 842
859 449
684 73
102 93
280 521
109 493
918 361
718 787
645 210
513 402
877 448
165 514
40 587
507 597
783 234
559 628
539 215
500 128
395 509
958 931
745 767
852 626
55 957
222 580
384 675
32 795
25 684
855 166
180 621
740 27
854 410
57 717
356 251
914 198
541 320
679 528
53 22
741 246
994 303
712 636
104 385
794 189
388 909
923 570
398 871
573 639
556 415
288 963
482 151
417 169
322 223
801 948
999 297
19 760
564 729
340 792
922 83
238 283
463 621
218 877
341 774
735 551
838 777
317 622
991 189
489 175
182 873
912 915
828 264
119 970
608 145
516 405
157 92
27 328
306 967
750 805
532 270
734 869
203 103
324 929
399 52
174 268
825 141
450 752
155 934
547 419
683 912
674 885
363 859
822 415
815 831
350 866
306 169
514 420
769 379
394 66
761 930
801 577
567 636
660 243
765 663
946 133
661 978
152 943
315 308
606 265
236 696
337 497
865 331
380 687
580 668
242 759
598 774
476 880
762 580
674 90
260 498
343 497
603 179
237 479
146 935
288 422
1 583
819 693
135 709
498 102
211 751
221 742
293 163
990 700
353 815
10 865
244 698
275 728
426 304
703 303
563 945
181 793
823 263
246 73
413 677
520 147
21 542
824 327
583 418
974 453
901 845
221 813
214 884
676 539
681 380
252 546
210 365
700 850
6 392
661 246
206 98
971 25
328 93
901 443
380 144
53 443
265 842
660 798
735 274
563 99
308 247
181 158
924 659
796 96
329 599
417 413
538 357
27 469
858 908
494 805
982 536
441 945
172 539
367 392
300 948
730 674
423 236
69 194
438 180
230 521
127 343
499 455
617 142
91 354
28 927
544 407
899 168
419 961
505 73
55 515
30 313
791 805
888 637
911 336
907 635
398 269
406 824
179 160
801 122
146 659
977 842
126 170
909 569
353 32
699 194
599 987
237 710
915 307
980 704
954 350
133 428
850 64
572 960
941 88
161 798
567 7
549 743
140 241
230 480
296 594
363 598
131 971
625 132
234 471
308 505
144 94
848 78
772 687
86 371
319 291
323 970
331 114
553 635
600 951
834 856
559 556
826 462
355 978
301 207
105 592
477 654
421 318
3 72
488 530
487 836
202 391
10 159
581 614
566 324
975 746
121 809
286 973
202 72
599 333
604 331
474 101
442 46
586 29
887 875
94 216
219 303
897 797
339 636
914 991
557 399
145 108
733 939
726 286
918 840
58 886
945 491
249 88
424 840
644 992
761 193
66 699
54 529
475 781
267 845
191 60
385 901
860 41
668 745
165 88
917 105
17 747
497 627
659 605
169 33
42 947
341 8
347 825
14 315
767 789
206 82
342 112
626 474
390 37
348 620
351 28
483 862
444 262
512 502
543 231
47 780
252 177
932 509
533 342
863 102
101 91
371 636
787 714
794 427
993 551
477 866
72 517
726 624
525 129
16 686
742 106
910 730
775 911
901 114
248 850
852 201
636 729
91 603
395 567
652 337
697 12
663 988
35 19
203 193
128 270
754 653
199 407
300 904
732 157
946 258
388 167
657 131
269 400
642 447
490 444
798 148
181 423
904 291
634 985
705 172
816 597
86 812
128 971
677 272
935 744
533 506
687 318
390 26
854 862
898 75
93 525
999 307
763 97
396 345
943 904
565 914
121 840
806 846
516 502
972 762
555 486
537 514
329 447
157 632
354 975
889 531
737 179
866 252
738 182
614 587
699 991
100 782
410 247
149 230
283 99
918 39
201 257
600 486
574 964
426 147
400 536
483 132
295 51
931 571
806 140
753 261
554 171
296 532
891 608
35 689
7 913
967 304
726 316
665 963
510 872
167 825
458 277
71 157
267 260
185 343
876 657
352 424
599 367
512 732
815 942
918 103
326 106
99 138
409 498
510 331
16 551
44 807
469 404
271 166
413 837
789 972
54 311
347 400
531 980
259 739
625 895
173 714
962 318
101 329
499 38
350 785
212 895
730 597
362 497
806 855
990 906
524 552
521 385
787 35
94 269
431 48
769 621
587 355
169 54
826 876
827 928
581 297
962 437
109 180
81 790
756 732
77 664
529 865
238 789
982 22
855 505
394 409
829 211
363 448
622 518
59 119
30 111
299 910
550 269
6 484
788 975
965 127
950 642
786 725
849 899
953 224
503 913
151 55
915 254
257 44
301 723
443 177
896 172
615 72
299 889
81 600
538 983
553 821
564 111
141 412
196 964
857 392
596 34
297 812
948 482
193 28
918 470
356 832
543 605
727 913
812 676
325 481
815 690
483 812
311 781
77 336
817 459
200 961
754 581
355 264
122 812
174 898
936 38
891 115
781 479
499 363
909 194
240 693
601 881
933 952
20 819
192 672
488 40
56 376
951 361
960 102
332 200
765 783
941 435
395 879
111 234
949 352
50 727
328 661
563 44
234 430
490 721
860 113
486 311
844 878
676 590
687 190
988 280
90 48
23 895
314 449
90 542
314 406
326 864
907 745
160 492
826 383
507 522
748 431
431 701
879 886
263 1
50 576
324 126
54 148
790 883
425 599
81 516
44 241
754 156
348 672
176 726
847 305
733 365
916 23
727 650
972 491
585 973
975 754
38 718
847 328
918 309
410 673
480 877
47 772
831 17
434 414
433 272
304 8
112 228
160 208
588 537
807 741
559 29
105 794
126 905
328 797
791 764
2 57
478 254
230 559
633 545
645 872
916 440
732 75
730 78
82 780
529 482
488 263
214 996
530 724
919 755
919 929
501 83
48 666
685 407
945 718
567 853
303 201
634 839
130 822
427 217
30 925
342 201
58 999
492 685
347 196
315 670
1000 988
169 463
385 151
177 784
413 635
325 431
380 522
843 612
899 76
893 238
731 755
6 771
71 399
264 721
841 938
243 611
313 62
454 521
720 818
291 673
347 894
36 125
590 106
742 830
277 747
416 933
531 138
130 339
971 599
265 222
384 282
36 895
75 705
60 782
892 693
136 81
684 440
252 852
677 740
653 62
708 457
13 824
335 462
957 624
866 398
140 463
97 997
187 446
285 469
177 326
253 636
815 87
44 916
187 450
315 700
902 349
36 648
616 650
990 760
976 313
308 478
437 421
787 739
745 226
340 282
455 250
857 905
863 962
648 769
146 318
977 1000
431 916
567 642
360 24
579 722
179 262
864 100
587 822
537 215
278 141
305 6
364 579
963 640
841 711
375 781
202 879
189 241
312 749
618 829
660 949
872 324
182 976
120 31
703 947
228 253
433 81
648 572
708 371
122 473
228 725
955 945
87 16
119 181
376 534
312 934
804 776
4 951
112 607
87 800
628 399
142 213
800 813
706 344
425 434
431 924
524 849
169 693
961 364
337 711
653 665
215 705
367 251
345 62
501 667
900 601
650 935
817 108
841 885
880 12
593 832
4 434
957 947
195 839
813 540
876 227
639 87
735 633
639 56
537 276
812 331
957 33
1 82
22 459
357 754
280 288
620 813
727 167
335 316
145 117
593 721
887 640
454 425
392 861
534 865
835 327
996 118
786 763
802 978
550 103
551 722
845 845
337 278
172 326
168 297
828 939
466 564
241 188
775 869
105 371
826 63
628 169
348 47
476 95
522 349
729 835
991 939
977 163
171 231
701 114
516 979
157 848
746 958
304 214
559 521
597 376
720 876
161 857
422 8
590 279
710 591
452 479
546 522
82 472
243 244
284 340
678 267
215 158
821 26
137 33
635 29
465 762
883 7
258 831
575 967
140 346
838 313
134 231
64 398
312 658
227 725
462 268
233 935
681 699
249 846
787 539
606 2
261 847
534 812
799 432
130 48
217 375
530 164
546 188
250 49
465 724
853 783
482 392
788 693
172 122
547 128
137 795
297 407
395 550
186 465
429 589
326 855
348 440
413 970
692 257
433 224
85 973
379 776
835 754
62 675
384 462
659 382
850 292
126 350
919 748
465 202
446 149
939 218
357 991
525 551
905 599
728 220
31 36
374 538
2 828
169 186
924 288
361 460
156 482
132 481
728 121
122 803
966 90
673 953
483 843
272 130
13 218
180 123
676 132
141 755
491 925
40 452
577 54
38 314
185 34
770 647
498 362
573 904
626 958
537 794
916 590
178 806
778 368
672 652
737 924
645 445
869 948
447 760
224 648
790 731
625 101
989 811
420 390
563 885
172 435
805 112
901 664
619 527
510 186
309 366
703 853
30 100
64 175
96 821
979 997
875 374
823 804
504 83
770 423
750 187
985 615
844 554
861 761
968 296
43 977
566 421
107 8
434 411
298 751
513 263
928 442
55 905
575 109
201 620
949 609
554 496
413 445
688 625
658 463
978 931
673 483
43 654
411 136
596 774
877 408
24 44
778 262
225 71
620 223
516 474
691 365
142 729
883 121
542 732
352 312
373 765
875 784
305 516
557 582
524 519
389 91
467 676
853 333
883 955
438 472
525 830
830 27
189 739
188 813
952 667
969 834
945 925
543 989
781 371
852 150
820 619
224 641
280 260
793 788
113 404
297 505
704 962
57 617
972 194
372 45
388 343
96 889
337 764
837 756
736 392
497 170
140 333
576 616
140 410
105 418
608 798
822 597
446 917
222 154
591 679
103 271
600 106
628 138
891 497
431 51
54 576
589 356
818 719
827 199
849 938
193 246
663 546
811 180
794 6
314 9
25 773
23 328
846 391
786 256
695 399
335 968
920 37
692 911
878 158
596 169
562 955
376 594
913 887
914 351
744 794
35 197
229 412
507 792
227 205
405 802
807 929
388 883
241 591
508 427
251 385
776 992
492 966
539 225
229 112
750 945
601 286
449 1
715 625
956 462
508 519
765 734
962 147
369 50
514 580
776 849
677 538
601 929
73 799
447 28
67 278
616 238
543 832
760 807
269 821
872 530
879 278
776 957
959 507
654 760
753 226
618 710
754 604
90 392
528 514
439 522
614 754
651 961
175 538
278 588
721 143
421 327
661 503
31 444
812 523
853 358
523 664
882 338
735 862
454 818
267 305
874 161
172 735
868 577
57 963
405 374
211 10
364 879
651 132
297 624
670 526
85 240
262 254
857 253
90 92
872 158
639 317
906 932
818 824
573 165
489 879
160 968
221 167
847 4
963 373
248 15
617 491
425 707
534 529
588 545
162 535
239 305
484 474
387 71
947 292
199 131
872 884
128 150
865 415
82 269
496 959
416 921
939 856
849 853
352 505
413 592
484 524
24 386
92 120
65 209
499 604
954 235
996 858
973 269
277 897
932 675
21 67
339 545
826 242
610 893
552 831
207 190
931 431
973 81
418 340
257 868
645 823
27 257
154 18
953 935
278 503
643 745
504 882
728 973
884 543
15 436
509 999
444 914
854 274
894 311
318 655
538 550
845 416
392 309
913 21
102 741
103 224
460 996
554 986
82 341
223 570
686 474
242 409
551 91
841 822
271 45
252 359
878 286
767 412
82 123
536 89
290 36
105 972
902 226
497 619
161 252
151 712
125 1000
1000 619
625 462
162 476
738 766
120 647
373 203
1 980
503 948
936 290
414 724
183 77
562 103
369 25
751 195
747 544
12 261
402 318
725 579
47 316
250 327
164 66
257 263
628 880
37 589
248 679
765 680
617 228
823 952
590 37
154 451
294 278
954 878
604 909
350 957
390 243
44 138
843 523
503 830
798 941
201 996
938 959
663 315
277 799
258 13
334 200
380 768
415 246
342 542
961 794
959 52
877 659
562 58
336 136
582 784
1 198
706 198
113 441
739 633
915 229
7 477
605 818
546 936
810 378
635 652
15 284
740 775
833 661
247 895
838 43
163 177
226 85
960 920
88 433
303 295
878 981
512 890
518 762
249 584
425 459
346 797
775 92
313 114
407 471
353 745
212 127
360 835
582 389
20 288
242 478
458 122
665 556
186 133
495 735
408 923
869 854
400 131
661 212
66 285
156 547
694 440
691 151
125 443
651 250
729 755
153 721
437 204
328 951
901 333
831 181
614 50
381 69
415 591
649 69
360 280
497 700
932 707
625 320
322 379
897 589
615 816
684 589
395 746
350 314
437 754
613 854
798 37
484 377
257 940
604 438
127 858
108 557
963 299
907 606
976 430
16 615
430 996
400 876
409 829
277 103
182 477
61 387
213 306
349 390
901 346
214 770
162 93
657 673
794 903
666 881
970 486
708 261
771 559
157 326
822 153
344 470
863 406
958 914
204 696
750 898
447 437
801 362
112 733
494 624
505 899
480 597
361 190
909 216
638 414
659 44
964 11
603 841
574 894
280 191
655 811
495 649
779 721
822 21
825 667
359 428
433 240
759 12
865 626
37 452
87 653
663 109
804 413
172 345
95 501
53 830
806 453
716 685
29 852
348 925
468 20
670 96
466 312
384 314
834 662
521 897
864 357
351 209
446 28
989 24
592 590
727 964
188 643
312 719
70 196
447 744
957 841
439 811
875 763
807 4
749 121
311 124
163 146
440 767
376 605
179 836
48 129
690 991
39 698
967 753
48 117
878 10
370 593
516 950
996 879
578 76
560 590
270 44
712 460
901 844
436 286
687 29
587 896
284 984
733 406
442 3
989 447
177 471
515 200
380 924
617 130
155 420
130 824
152 615
668 288
223 758
889 542
44 311
574 313
57 181
574 159
430 241
853 399
668 564
283 685
499 975
334 842
518 202
242 17
13 813
546 920
591 165
859 214
284 660
967 460
48 345
107 88
115 89
512 832
419 617
960 128
934 577
909 84
667 161
303 46
740 32
361 305
815 935
993 950
514 653
662 449
789 500
86 680
116 38
900 953
711 556
89 678
366 783
489 838
589 121
460 741
852 350
803 578
385 89
838 415
16 596
945 738
540 683
841 270
651 674
933 568
557 446
176 796
774 812
328 370
24 558
174 827
998 846
347 148
716 466
924 359
498 129
591 879
791 382
110 962
869 693
842 73
505 976
869 991
485 754
896 763
31 644
477 738
912 257
385 346
999 695
648 46
910 638
244 454
623 708
580 926
177 47
9 765
363 321
168 233
665 352
990 564
17 471
768 715
229 618
993 832
29 656
575 668
359 49
742 398
524 280
75 473
384 899
493 784
590 324
762 183
845 594
968 844
298 927
38 772
662 402
258 239
264 188
997 558
856 67
691 636
453 159
989 136
91 559
373 367
169 2
469 432
396 492
577 826
981 602
884 653
775 682
19 950
699 389
359 601
554 131
272 991
81 652
646 468
168 53
93 241
903 919
377 424
374 798
379 693
727 64
154 310
990 704
100 569
182 821
817 842
144 886
384 892
531 157
963 794
523 721
184 481
668 15
515 163
394 769
160 270
87 61
73 109
755 277
679 588
488 756
156 909
210 918
62 988
162 558
728 656
19 147
21 644
659 76
141 761
926 565
208 614
457 837
451 679
653 775
311 430
646 604
320 184
302 281
744 833
508 792
779 827
734 506
592 893
286 952
597 17
755 478
903 126
630 544
718 490
112 72
872 524
106 906
569 787
767 553
774 534
312 220
575 428
673 756
43 101
271 459
559 26
538 52
453 329
686 172
384 444
668 855
619 974
253 783
193 506
793 856
114 700
953 485
279 666
30 393
705 384
316 499
516 462
184 886
345 785
10 926
525 835
899 465
210 535
427 468
224 431
451 87
392 342
227 235
307 357
601 444
297 835
581 719
332 110
612 556
685 906
258 395
734 362
594 900
297 277
921 210
862 913
413 579
848 544
406 107
628 872
575 592
196 452
15 349
143 203
578 684
136 847
28 226
257 289
609 1000
621 479
502 863
629 374
209 788
562 793
438 852
888 673
324 453
479 555
815 919
222 381
393 108
107 761
97 113
795 422
562 52
866 289
640 612
897 606
476 432
158 601
734 798
330 375
665 851
538 171
461 653
452 792
901 233
581 702
188 913
54 575
853 118
76 806
808 359
210 491
349 509
973 823
82 153
934 121
534 227
85 893
264 418
260 235
943 386
333 134
271 723
985 160
646 16
292 934
120 907
661 205
631 838
776 362
903 202
463 135
31 605
79 423
217 304
780 135
650 855
718 551
611 990
815 119
525 862
388 642
481 952
652 939
686 379
450 719
677 590
633 465
936 449
400 398
32 618
324 921
379 416
599 976
694 288
867 529
321 723
296 314
962 95
601 682
561 50
335 605
225 357
913 474
753 441
767 430
444 50
271 438
898 477
339 269
124 803
712 543
283 120
442 149
848 364
800 723
120 832
980 218
655 424
420 377
811 535
73 749
988 835
392 604
523 74
644 822
973 591
716 404
863 686
467 902
952 608
204 367
521 231
524 62
823 641
131 45
281 202
650 712
788 54
307 639
917 902
188 119
305 62
267 596
439 295
133 588
157 157
70 297
802 564
628 678
297 845
268 18
893 148
998 28
137 224
775 342
64 776
375 256
113 855
138 370
559 905
503 749
593 728
40 967
57 400
390 916
444 704
711 659
348 505
29 982
952 300
247 981
574 702
566 145
896 925
755 272
325 423
596 389
377 887
181 734
442 201
464 984
70 930
360 57
79 706
700 742
210 59
532 244
786 988
814 161
646 702
624 566
267 735
731 35
424 324
128 83
932 744
380 295
207 598
99 490
2 487
271 144
354 103
237 261
90 845
48 436
836 42
246 43
260 117
98 335
969 165
90 759
576 320
91 233
79 136
248 656
469 995
414 205
264 159
513 895
660 288
138 615
546 918
870 181
349 790
71 535
307 237
815 159
259 773
902 513
979 628
297 560
749 338
209 191
534 603
834 873
104 146
452 258
435 259
903 470
949 664
111 355
967 330
467 50
693 586
909 228
549 839
329 872
362 793
155 623
636 318
763 482
657 189
201 5
965 337
795 756
613 681
106 174
899 602
775 199
655 60
656 615
939 478
304 670
409 668
384 24
325 687
492 553
300 769
369 332
693 103
426 865
161 778
819 939
743 136
62 580
320 279
370 693
122 207
146 184
421 561
364 746
423 886
254 962
393 867
589 309
370 944
533 246
205 531
51 699
789 528
195 786
947 180
875 779
547 272
188 172
971 289
802 995
767 538
377 374
46 776
747 88
796 817
54 27
488 171
514 677
646 676
833 672
550 455
763 516
939 585
415 778
856 725
999 405
749 548
177 560
55 730
224 784
996 824
110 683
156 820
615 710
528 493
792 312
506 821
221 843
769 433
158 133
311 215
697 414
487 172
376 701
786 319
145 316
121 709
440 411
786 559
52 955
823 956
591 722
449 267
604 146
679 722
621 103
28 906
52 761
868 614
76 745
51 331
932 817
721 30
893 72
999 851
738 528
23 977
27 432
782 828
542 156
28 378
122 408
266 560
444 61
726 901
610 260
303 278
772 439
919 197
669 959
381 904
732 371
65 84
688 265
118 525
697 492
271 679
470 523
700 595
252 101
356 213
32 387
723 459
82 509
153 749
683 815
510 380
848 633
310 150
889 604
951 56
130 329
26 487
254 521
308 89
122 710
187 937
134 828
350 466
61 909
622 28
799 473
986 446
40 424
346 593
882 477
677 670
757 622
147 300
806 85
700 752
44 35
561 826
150 815
577 500
678 849
799 188
573 930
462 556
753 731
859 689
367 299
555 596
166 956
205 517
815 152
365 274
663 527
563 882
34 722
150 442
247 445
876 84
266 331
926 33
639 382
989 42
777 482
489 90
159 638
422 567
909 956
817 180
593 250
996 134
659 382
101 689
404 357
101 296
636 851
341 2
754 394
666 860
456 668
574 309
632 754
364 480
622 191
596 453
275 714
993 575
203 412
548 144
128 746
714 103
736 671
914 38
787 350
888 199
271 95
567 839
777 41
411 999
18 164
787 394
212 759
352 601
937 257
18 396
981 86
562 647
704 541
534 74
924 7
558 113
675 202
419 880
649 166
310 475
948 321
22 440
893 628
178 48
135 410
154 99
763 223
324 180
236 594
689 501
113 853
74 657
145 502
296 878
292 666
20 661
154 721
875 184
530 536
641 387
719 989
274 974
887 748
464 327
474 643
614 307
265 878
93 69
391 868
718 69
467 634
202 930
729 569
530 513
19 611
501 24
548 114
26 102
598 242
370 869
172 678
308 489
703 413
55 483
549 811
990 76
619 207
405 434
15 475
335 228
687 877
801 885
972 546
829 257
815 863
213 743
658 348
664 15
214 194
279 87
105 233
856 986
174 994
551 845
156 871
43 753
839 179
941 363
869 52
304 464
176 111
434 529
795 613
165 165
608 665
161 354
239 275
826 302
402 488
914 429
985 916
341 308
321 813
403 172
836 796
974 654
763 183
234 992
870 808
341 84
559 904
38 518
49 899
624 222
139 311
117 259
791 340
71 235
805 389
589 396
303 878
838 520
327 263
796 679
192 837
297 952
302 478
460 822
276 42
543 476
212 832
68 809
715 554
783 734
392 969
176 121
353 809
535 35
690 8
692 95
748 125
23 624
286 847
162 671
800 453
897 1
192 483
110 296
953 804
464 649
989 662
9 506
116 777
402 134
27 456
659 29
962 841
657 321
320 116
924 344
387 301
352 72
566 498
408 711
622 827
956 966
31 314
363 38
356 467
517 50
690 446
731 658
413 926
912 999
702 970
452 234
68 582
551 779
316 583
622 283
910 640
69 310
629 381
217 525
293 936
27 839
104 549
537 409
501 922
157 67
696 72
473 380
875 529
510 871
79 394
623 995
342 604
638 875
585 533
601 315
479 914
224 384
29 417
336 291
248 672
449 231
414 378
206 306
577 561
943 482
25 514
233 984
787 650
299 830
744 404
926 290
38 64
578 14
224 963
76 708
372 363
219 776
630 888
802 740
80 538
937 644
313 749
731 118
438 698
144 552
661 88
877 185
570 436
967 795
352 653
289 660
847 906
409 231
472 12
782 918
761 82
201 973
833 891
229 302
711 255
257 9
957 113
430 200
630 63
772 697
795 768
233 444
426 898
414 958
95 189
564 60
158 406
714 287
961 486
968 366
46 618
269 97
737 410
164 623
162 631
284 243
647 830
781 410
497 266
945 154
904 915
828 361
185 843
881 779
951 657
14 407
341 88
396 531
903 382
841 704
400 163
244 483
627 314
82 757
756 51
224 841
200 186
309 450
829 694
573 604
557 566
948 687
577 618
28 763
15 372
295 601
307 696
968 222
549 901
665 943
461 20
232 773
433 250
919 328
878 849
912 24
705 129
276 379
644 668
557 323
500 364
408 759
829 681
154 321
697 493
308 384
568 659
144 123
895 594
358 388
425 913
71 208
608 486
399 378
237 672
628 648
146 714
253 778
574 963
216 944
509 56
939 422
282 165
160 849
332 986
419 592
456 273
309 732
580 374
725 227
792 230
362 71
902 741
469 868
669 755
933 9
459 117
807 883
386 577
321 129
701 116
27 512
724 721
877 41
186 220
251 270
514 440
777 276
188 480
419 744
963 614
953 517
288 667
47 361
212 788
597 697
651 831
816 405
807 470
352 803
589 902
782 1000
680 539
936 45
648 147
740 385
403 359
129 447
535 19
487 409
23 495
888 54
361 933
625 423
153 260
585 532
907 484
568 49
547 9
402 630
634 267
982 313
990 188
548 559
777 255
231 884
931 589
958 499
351 238
950 732
603 601
687 352
499 375
508 397
222 217
35 516
667 556
983 902
283 658
640 356
606 767
933 606
150 362
88 413
153 494
86 279
142 351
224 956
965 663
172 708
682 798
496 325
30 918
441 394
718 878
790 608
57 339
828 531
84 783
894 278
646 138
294 473
917 933
547 834
464 780
935 681
917 749
557 545
666 113
575 418
131 53
405 464
49 243
487 428
590 183
683 462
642 773
869 385
790 873
493 367
325 439
448 151
508 157
90 858
571 782
521 813
877 28
675 627
770 786
238 699
494 655
853 644
994 105
456 958
7 749
374 208
386 343
817 59
554 823
749 599
318 955
154 147
370 212
794 418
231 279
154 807
489 430
468 722
351 297
397 435
467 576
834 914
224 22
72 820
168 629
750 669
693 675
592 620
174 313
647 469
586 956
386 956
600 716
291 395
843 747
513 479
584 827
774 37
483 339
400 797
267 961
212 620
276 592
214 267
823 746
149 536
348 226
410 29
269 116
839 198
48 730
404 656
1 893
751 980
768 946
542 518
608 107
868 473
764 317
969 620
455 178
435 463
817 46
824 993
67 465
82 162
720 102
160 317
504 332
872 69
313 79
404 476
583 446
725 288
215 904
204 974
53 16
372 789
970 116
135 882
788 668
459 414
304 438
288 1000
566 112
664 264
414 541
507 699
523 81
328 256
651 93
547 748
763 723
972 50
991 626
629 247
607 536
961 831
760 583
138 357
126 749
1 372
877 875
965 495
439 669
984 749
593 649
555 29
611 958
110 280
388 866
615 808
679 226
909 326
883 414
920 360
417 895
895 421
86 682
6 5
25 630
860 360
746 196
529 691
997 28
39 607
189 52
459 463
901 34
581 302
928 122
498 462
427 472
399 107
161 354
323 832
829 779
963 84
344 982
246 903
546 742
977 763
865 375
464 903
602 185
126 547
992 5
765 976
684 1000
97 30
984 974
124 576
309 125
499 8
544 647
255 85
353 578
654 158
949 558
101 378
545 801
432 356
338 567
623 695
947 854
434 285
940 193
746 833
210 446
653 162
812 130
432 666
132 931
222 842
139 53
255 786
233 625
269 453
629 863
186 519
314 800
175 496
345 175
527 968
882 791
305 95
94 248
662 672
328 371
941 238
649 264
950 437
770 846
61 437
901 110
491 735
118 752
19 200
421 150
321 510
758 980
924 190
89 729
898 34
436 861
327 514
11 607
290 132
828 985
605 661
421 156
672 63
538 714
51 380
80 184
115 604
453 9
755 963
796 549
615 652
113 525
447 246
356 318
184 855
31 58
471 119
277 836
749 7
268 806
936 406
252 45
219 290
123 600
8 444
123 616
197 298
80 799
332 700
206 871
363 311
177 819
234 681
672 594
224 449
940 13
379 806
161 842
55 723
597 293
999 757
758 278
504 920
382 856
515 444
817 654
766 738
589 85
971 248
790 287
65 600
234 343
83 629
288 639
639 129
743 550
571 791
937 919
340 526
262 844
168 919
678 533
794 892
23 591
63 449
297 615
425 655
313 120
474 1
790 912
912 809
569 329
39 964
349 201
470 927
869 51
186 140
536 110
188 41
478 222
129 244
222 560
32 592
889 4
213 71
674 801
593 197
185 175
219 874
34 103
491 600
128 716
570 862
890 322
515 568
779 212
351 337
773 523
340 920
461 82
637 373
637 543
69 288
300 217
810 27
292 533
689 887
546 571
570 275
670 872
506 362
356 727
153 158
736 562
417 844
832 276
968 253
614 504
587 319
41 969
834 192
769 393
395 213
182 888
224 363
110 961
885 578
70 241
794 104
912 123
678 224
293 842
758 142
905 456
374 941
438 923
319 90
27 656
342 741
321 302
586 772
779 438
844 474
538 977
415 249
619 897
453 1
246 789
670 116
914 830
648 350
570 341
801 715
437 713
18 441
628 11
100 504
538 107
458 862
543 839
249 701
693 193
906 53
314 427
760 200
474 855
325 196
918 405
849 103
945 984
338 110
601 654
959 373
163 688
623 949
834 535
676 695
566 227
650 392
925 219
397 113
994 571
655 441
754 898
27 80
313 418
417 369
598 32
583 83
594 793
390 370
5 758
984 454
203 251
620 807
261 786
696 463
364 844
424 547
596 571
497 764
400 180
299 226
733 43
650 416
51 914
999 835
401 549
427 839
334 974
819 513
400 197
555 596
465 541
179 573
937 560
785 458
520 612
342 819
91 776
46 91
816 341
23 338
205 588
668 162
27 311
875 270
204 691
244 725
498 996
47 631
32 576
23 529
160 347
265 884
805 43
251 225
158 298
472 731
199 524
52 760
203 381
392 915
378 96
399 146
919 612
281 562
285 82
962 317
486 627
723 682
736 775
739 560
502 522
629 622
843 464
156 849
624 537
90 232
784 755
162 45
649 981
253 534
460 706
335 947
664 533
65 685
245 438
25 422
590 888
764 990
748 5
947 321
650 461
564 513
576 2
994 837
699 113
919 138
601 419
656 896
846 764
744 7
875 430
563 59
670 910
509 904
577 661
46 996
425 544
926 246
659 711
524 430
352 58
779 793
214 353
146 890
167 271
369 275
980 83
548 894
312 166
384 691
791 674
868 762
71 397
287 140
489 204
137 178
387 140
504 116
998 395
202 24
415 116
339 502
717 454
305 778
132 931
499 128
479 906
501 537
682 868
819 209
416 257
749 716
580 940
269 477
702 683
905 694
248 596
597 116
109 300
880 255
551 712
425 983
102 215
545 451
785 935
648 112
792 612
366 365
833 210
483 279
748 636
882 89
605 68
896 594
66 933
401 247
334 208
837 846
355 763
739 750
667 613
510 789
183 788
633 643
445 121
401 749
686 113
752 328
993 648
901 268
508 348
85 211
599 805
107 533
737 901
467 718
475 589
354 749
891 497
847 192
988 666
663 698
480 960
634 537
208 677
471 223
935 495
786 184
101 909
834 535
681 331
695 176
44 526
25 396
108 271
452 313
667 777
912 265
934 190
133 481
412 55
198 896
896 571
166 477
713 481
484 659
687 377
7 546
614 144
174 562
169 102
910 462
474 603
487 447
466 503
835 956
396 41
430 145
322 29
597 651
831 223
56 154
502 938
777 675
426 360
981 826
312 617
433 511
994 5
945 351
140 516
284 73
835 337
589 712
860 471
94 947
657 418
61 646
354 788
91 434
413 475
233 18
614 958
261 202
916 356
885 933
255 781
347 750
19 615
612 417
573 244
75 591
338 356
474 978
146 408
486 288
291 15
256 89
544 13
243 568
683 725
461 710
910 856
285 14
585 970
89 376
474 58
707 708
792 36
976 717
499 677
625 323
534 774
152 115
172 922
996 951
877 662
564 435
306 688
993 918
395 819
220 607
2 903
351 462
902 147
351 874
18 537
782 589
4 22
210 20
860 191
541 985
515 928
985 582
269 91
722 417
579 568
447 157
940 290
303 645
172 855
766 43
757 539
529 170
841 201
708 221
920 386
780 454
174 429
963 627
482 937
700 97
841 51
298 598
97 836
970 899
526 48
819 904
390 293
942 389
528 428
597 188
32 726
454 67
416 890
843 753
868 586
984 366
886 721
766 889
135 55
533 56
622 318
124 195
360 44
352 480
778 620
752 915
587 227
658 332
740 448
877 173
897 307
789 371
861 182
524 989
591 518
644 961
853 786
358 387
723 884
923 224
434 729
974 653
165 418
173 304
498 800
993 695
520 783
231 129
557 387
849 232
614 644
360 995
250 794
256 622
92 318
980 562
149 749
22 482
75 674
706 401
502 53
601 259
324 166
596 854
881 921
402 563
167 690
168 316
448 141
545 44
562 971
746 235
662 423
772 924
398 361
889 63
79 312
927 154
972 960
872 333
230 644
891 487
364 373
842 493
637 312
309 831
382 25
733 219
341 365
732 91
442 507
473 34
44 707
86 838
470 943
982 163
381 446
270 66
699 903
513 633
335 256
857 958
506 885
595 628
379 26
421 728
1 382
914 914
932 834
725 433
55 763
961 530
760 847
21 131
623 40
501 944
657 85
686 729
982 100
777 762
112 402
444 583
18 133
808 743
842 492
7 244
920 765
768 293
912 974
920 412
448 929
106 558
116 494
200 613
740 562
199 805
556 497
714 972
244 112
671 459
359 600
60 621
659 410
21 322
494 739
642 724
270 540
287 113
641 269
277 442
438 873
617 337
339 266
459 958
441 343
440 180
587 201
23 180
751 798
809 265
720 600
936 841
689 249
372 658
553 539
207 755
19 325
704 863
663 649
197 473
54 979
508 485
322 407
596 267
291 487
753 222
654 879
134 789
814 210
410 890
478 897
434 226
282 264
495 256
488 315
365 883
74 674
15 132
121 21
155 922
748 730
44 786
193 675
140 895
843 332
309 756
276 934
875 316
334 746
302 947
941 411
402 769
519 428
858 55
840 599
133 798
628 20
620 227
584 242
41 399
897 812
469 234
274 257
149 923
242 505
578 596
810 967
898 945
153 705
394 206
84 146
111 170
679 189
278 119
163 655
223 394
397 810
925 807
168 587
630 291
893 823
554 160
841 442
602 850
954 164
330 240
900 456
65 909
723 694
220 121
205 954
450 377
566 710
419 33
530 205
581 261
99 13
324 110
222 839
423 860
665 488
468 529
627 487
149 773
328 32
980 591
900 356
240 172
449 813
283 984
334 308
534 103
235 866
873 988
754 756
117 519
568 777
119 189
911 643
54 827
920 958
510 177
74 926
209 802
800 333
131 855
730 480
826 25
29 33
530 279
946 630
7 960
788 987
996 222
886 881
676 743
445 225
513 792
587 324
782 707
432 901
591 286
434 662
587 634
256 273
17 493
706 552
999 1
941 129
111 395
378 631
805 310
849 303
642 443
918 547
990 769
121 984
53 993
537 706
822 140
743 99
227 408
478 299
21 828
919 490
698 411
243 615
817 43
590 259
659 867
606 557
42 263
798 206
209 84
966 24
84 226
238 378
157 151
132 996
884 665
200 922
196 751
851 952
754 748
50 703
790 576
429 538
793 107
849 612
866 640
56 891
36 339
609 838
411 651
232 450
51 270
165 867
587 840
768 125
847 605
569 332
458 147
658 476
493 282
44 58
38 950
756 635
687 468
645 49
939 689
535 195
927 461
919 398
947 96
457 90
940 239
448 818
889 502
532 339
303 123
995 556
690 983
462 360
309 999
755 1000
980 981
553 459
969 596
431 598
600 550
397 313
392 799
581 932
717 465
186 358
903 953
118 29
424 567
541 872
81 170
853 223
463 41
443 819
342 102
148 909
17 564
336 851
55 520
338 559
944 267
714 546
483 333
669 257
975 63
960 534
739 465
466 862
564 97
874 739
809 208
242 577
910 936
94 845
930 417
405 558
102 158
814 783
358 734
782 401
126 336
412 530
240 258
453 28
731 929
138 362
878 577
716 765
940 567
59 926
277 897
743 146
98 991
570 284
957 363
501 13
744 740
60 58
959 789
517 678
769 587
275 651
247 10
300 930
729 676
48 726
469 62
583 689
459 663
760 55
376 511
873 110
810 579
267 65
435 3
538 327
69 484
689 900
505 841
204 367
654 378
277 504
156 988
6 530
293 305
536 656
245 629
416 79
775 742
613 695
996 999
296 186
255 917
954 373
906 548
790 908
908 734
402 511
590 99
551 753
476 286
789 981
280 974
756 151
444 826
995 481
109 565
840 414
376 69
563 183
346 814
432 686
250 242
461 528
135 8
475 416
969 886
627 193
792 915
19 58
848 487
90 657
750 396
707 596
152 972
732 866
81 591
825 66
913 619
64 412
785 737
514 523
797 908
629 977
168 150
199 476
230 708
277 124
867 882
650 319
963 168
902 41
753 83
655 963
450 881
984 743
924 681
878 968
5 197
532 928
508 386
215 271
805 649
919 358
529 357
238 716
938 763
712 597
476 815
197 17
752 387
995 445
712 316
574 876
344 985
524 171
96 970
583 595
126 611
48 357
966 368
487 1
861 322
994 610
674 903
806 164
104 432
600 932
649 69
274 896
212 584
90 207
618 191
215 613
366 305
850 895
387 939
738 208
622 22
29 402
226 364
695 990
888 552
750 808
578 245
620 248
216 752
16 683
557 450
495 190
150 952
780 124
413 881
976 164
598 302
326 962
612 875
720 678
267 321
920 845
759 948
608 999
630 273
231 725
231 5
572 319
39 419
715 35
143 681
423 783
650 164
538 49
207 217
232 548
799 65
470 422
19 163
642 472
591 708
895 1
290 42
759 750
253 690
298 52
930 324
805 291
207 574
970 409
837 60
513 293
751 545
414 672
981 662
284 512
243 873
583 582
353 868
876 712
14 547
989 682
509 500
985 99
983 717
854 808
257 159
115 171
432 323
667 500
219 580
953 688
808 121
220 586
175 311
579 631
886 253
993 310
878 491
112 383
358 530
201 790
638 940
137 886
435 310
990 707
620 385
738 847
496 118
742 12
659 730
636 707
567 128
192 176
633 943
200 331
923 618
95 556
531 564
934 63
304 985
568 765
426 145
161 841
111 695
923 756
966 998
825 25
4 996
175 89
49 281
176 220
530 49
443 767
743 517
230 879
143 324
713 834
583 484
115 205
95 507
398 358
436 343
820 941
848 996
258 94
487 831
492 681
34 789
308 210
257 420
182 295
942 126
490 109
388 217
860 103
688 873
132 594
605 682
150 266
189 969
173 968
642 323
58 875
994 632
739 607
362 940
667 469
363 899
979 955
672 281
492 416
852 236
455 684
757 156
12 205
88 267
992 772
952 438
537 204
559 397
688 489
624 80
718 109
215 889
854 845
853 68
686 172
648 840
41 634
711 540
970 523
112 663
117 39
17 317
549 310
629 883
180 204
393 430
118 540
453 232
266 915
365 897
425 323
556 704
947 89
81 140
107 646
781 910
829 39
998 422
778 637
256 537
970 790
689 880
957 513
319 246
410 789
424 599
929 408
764 566
534 354
935 793
856 471
600 836
359 52
63 858
849 232
327 950
147 926
166 803
708 919
175 264
358 141
580 720
60 562
798 957
705 291
438 247
971 267
498 908
42 45
911 978
35 443
541 968
426 310
477 690
9 63
989 374
845 720
63 717
735 441
78 991
108 681
710 118
323 735
757 799
90 121
223 886
238 825
881 722
713 357
551 258
858 706
775 770
653 972
645 302
606 787
84 280
496 477
355 762
429 149
725 850
790 252
658 504
857 271
630 869
941 901
332 728
496 761
565 790
685 74
515 543
395 523
133 106
533 983
745 439
814 193
547 546
109 693
90 562
398 441
114 651
796 495
154 810
758 67
512 955
632 844
962 910
280 873
280 394
188 984
646 10
104 264
918 697
977 86
319 537
647 290
677 866
34 214
238 547
943 542
557 35
801 35
443 558
493 677
503 841
285 352
490 629
670 207
673 863
60 618
627 448
985 318
367 153
794 254
427 647
61 889
839 527
50 597
807 77
443 593
776 996
95 844
381 939
356 477
623 893
620 581
64 457
49 985
126 673
653 196
978 490
213 505
102 839
236 89
6 36
783 446
130 788
283 869
132 737
974 784
332 734
324 484
596 841
71 903
954 374
193 590
651 690
962 770
857 257
640 359
177 573
28 399
719 31
739 276
872 172
240 120
726 580
414 678
548 666
592 961
808 646
451 404
720 686
944 855
606 268
291 458
947 41
331 963
666 446
213 782
174 247
977 191
780 474
593 572
17 175
541 267
746 809
751 160
143 44
397 121
573 500
427 396
678 303
910 738
859 124
468 822
251 687
365 669
913 721
973 662
303 385
213 616
80 795
717 268
889 148
78 871
926 210
282 602
650 265
776 715
540 523
612 666
954 787
677 914
703 67
444 743
710 330
333 695
227 494
336 837
87 306
250 435
370 553
861 467
683 170
226 630
528 476
482 875
100 514
256 765
926 859
624 248
551 375
276 401
767 838
465 829
345 994
28 913
64 155
91 702
922 473
340 183
290 689
790 912
96 697
591 605
634 368
713 81
320 769
756 953
953 919
340 943
925 488
980 222
499 666
394 80
613 884
101 291
966 38
234 53
758 283
68 202
675 8
219 369
177 855
188 827
513 343
67 186
203 663
154 714
929 479
193 769
548 771
709 399
651 20
984 100
224 563
427 708
131 190
917 892
924 840
618 16
121 250
909 189
465 438
259 936
789 931
64 183
46 817
34 455
838 474
497 35
106 175
430 684
418 329
230 163
304 735
288 104
438 271
987 752
745 153
321 142
733 108
382 702
874 215
467 619
959 890
627 869
261 915
587 255
711 185
734 576
985 714
486 196
776 62
698 460
8 879
303 886
801 755
612 276
713 520
495 81
298 399
712 978
467 798
432 8
421 354
644 161
18 24
551 341
512 632
78 145
983 548
363 163
148 972
811 937
35 482
305 941
552 384
872 836
197 284
614 632
248 690
362 123
367 211
709 479
526 843
863 85
722 163
17 434
228 157
187 286
676 545
583 625
692 466
356 298
816 67
681 825
838 50
366 597
248 45
160 458
565 658
293 125
897 560
855 780
741 628
771 107
558 446
112 590
810 908
234 219
417 56
659 961
921 653
677 928
706 145
992 53
634 760
576 131
550 843
936 309
86 609
610 67
720 114
806 789
420 243
272 357
549 617
706 819
901 948
332 87
86 732
151 208
852 169
710 414
969 422
117 157
801 960
829 277
344 543
754 26
489 297
655 694
742 715
917 589
977 9
497 56
874 662
935 284
949 423
65 608
758 877
990 197
379 508
561 17
710 291
713 603
436 558
390 21
21 692
143 468
853 77
184 552
176 167
257 589
918 312
125 38
804 666
313 634
329 669
212 383
327 254
989 789
893 929
959 978
36 341
536 122
561 934
720 649
868 224
973 189
789 365
440 29
521 43
12 993
187 532
799 78
757 87
878 530
51 85
12 741
744 549
551 32
113 948
829 568
23 195
398 606
364 567
41 116
977 19
744 530
64 560
30 625
536 644
645 321
172 694
839 84
860 851
280 588
906 261
510 121
450 141
846 742
7 652
319 672
730 481
891 962
376 357
485 574
778 187
170 906
812 40
760 928
815 32
127 841
952 495
847 224
898 393
455 720
985 691
282 263
948 745
263 761
844 61
908 553
668 746
787 271
987 776
849 471
959 356
592 641
992 761
453 740
677 877
36 127
774 261
917 275
1 78
707 623
470 935
622 771
443 920
564 305
744 152
965 771
972 535
848 240
420 944
859 850
381 228
487 533
318 139
206 192
460 301
469 576
447 84
231 41
55 219
678 904
131 574
949 827
337 960
690 769
943 316
851 798
796 999
662 609
924 317
211 275
233 548
86 125
771 865
735 883
12 90
831 684
829 813
333 106
827 53
400 360
153 266
597 525
744 724
573 227
917 101
188 958
804 84
110 835
141 816
949 439
865 148
895 595
118 244
3 981
903 55
616 939
345 752
285 249
416 176
625 757
71 245
933 695
53 810
929 293
688 852
685 720
5 11
130 850
835 428
19 595
706 562
460 96
570 981
23 157
645 100
67 790
355 22
484 486
742 632
806 766
486 692
190 496
595 84
604 369
452 541
149 296
85 183
592 92
216 583
223 838
955 743
429 215
919 849
385 206
712 133
593 726
820 291
730 824
640 924
708 606
65 291
741 296
446 389
91 793
618 561
462 622
446 316
191 718
385 940
833 712
826 312
150 422
980 89
876 221
538 397
407 462
726 890
501 346
953 11
75 56
549 424
113 1
218 884
717 739
158 425
34 45
768 509
944 248
954 462
68 653
575 669
694 707
467 957
70 753
194 4
405 687
861 162
9 148
574 911
848 995
894 304
847 204
838 706
629 751
667 577
895 623
105 718
743 130
179 385
336 61
750 253
242 446
250 709
428 863
93 100
168 306
578 582
893 707
929 627
498 818
99 630
979 353
799 496
596 15
385 560
559 571
185 343
777 985
32 6
804 778
481 320
230 769
604 306
343 457
496 615
907 639
640 791
875 837
577 98
23 715
350 83
980 740
647 537
176 186
702 438
844 60
495 597
354 828
495 48
541 822
83 255
360 176
694 905
70 262
915 63
359 780
263 392
234 322
182 354
370 151
145 463
95 767
282 809
660 242
140 358
975 16
99 773
606 245
584 67
708 295
914 309
218 603
808 310
27 543
801 458
583 632
756 606
113 343
438 922
10 608
634 213
588 666
459 339
780 157
385 939
551 162
94 378
107 819
413 553
396 89
613 834
757 558
781 363
553 408
747 64
411 877
416 427
959 719
946 757
559 16
636 35
217 795
219 729
283 677
198 837
627 257
742 566
889 36
502 454
923 972
922 975
820 32
790 297
726 605
434 88
181 160
269 643
400 303
166 681
778 987
423 248
207 348
180 383
52 221
175 124
789 117
514 793
602 277
333 167
68 590
642 969
436 151
629 433
149 662
627 727
422 392
606 648
80 303
89 771
67 1
538 3
101 983
658 958
110 39
651 689
615 330
677 520
351 106
123 269
712 885
177 612
747 597
291 102
196 115
6 509
423 701
468 378
391 162
145 960
885 551
993 542
208 376
296 267
643 403
809 527
459 47
398 62
418 594
11 436
107 85
86 504
185 567
972 935
626 470
80 794
308 616
145 532
830 983
589 580
820 857
351 18
402 483
731 869
602 183
701 127
18 214
355 769
98 880
460 234
254 120
978 683
698 585
574 247
880 928
830 190
430 639
46 422
201 578
66 692
757 384
84 864
894 750
46 376
44 195
433 879
698 45
837 843
59 601
952 850
673 666
159 52
223 717
929 586
791 890
59 601
272 28
379 657
908 486
662 762
450 962
277 732
781 455
809 881
316 493
566 728
553 945
579 302
749 657
889 716
662 556
426 831
406 430
81 909
62 108
750 460
37 24
462 731
689 53
955 978
679 732
60 616
284 796
584 608
101 255
525 726
319 528
4 917
297 379
72 4
944 371
419 883
228 328
287 698
251 350
661 627
533 158
293 363
970 10
349 493
224 755
614 154
193 441
716 509
225 465
857 397
882 201
567 703
43 154
27 615
181 405
445 913
764 593
406 382
316 616
849 92
253 69
213 792
885 342
249 179
228 859
423 641
897 459
899 543
55 864
403 715
991 813
13 506
920 548
54 470
9 106
649 507
89 221
853 405
287 489
963 843
564 865
291 89
143 401
755 157
23 615
605 894
29 215
808 427
980 132
921 987
987 466
960 738
781 94
449 7
217 647
638 22
281 147
999 574
268 578
194 435
544 557
386 620
336 898
703 100
528 1000
743 201
670 913
872 956
205 651
339 601
113 296
708 66
502 270
884 446
405 617
385 710
814 219
591 293
772 865
412 140
622 709
180 114
746 793
695 739
529 30
329 169
971 284
618 570
594 120
643 605
403 591
820 114
276 840
146 70
666 66
617 267
380 417
864 500
104 599
937 128
49 957
852 385
555 96
683 847
645 104
275 782
514 955
931 996
625 395
307 241
392 428
392 821
970 323
836 515
916 974
787 627
798 123
758 135
483 919
77 761
438 174
349 323
597 659
751 20
839 943
35 203
521 774
154 741
757 315
823 163
681 84
530 11
583 159
146 589
805 690
492 707
936 237
891 435
207 577
432 914
598 165
832 522
269 241
67 289
794 531
213 449
804 946
280 898
475 306
722 128
470 341
360 534
902 666
330 40
218 277
997 385
6 980
425 41
59 817
65 943
190 557
447 681
490 167
929 935
635 108
776 787
225 143
923 597
370 235
383 853
612 428
394 20
482 713
599 436
420 131
758 40
538 544
92 980
878 263
759 63
223 500
849 44
30 269
178 841
816 835
183 663
492 44
98 153
249 312
367 494
534 654
649 240
414 228
399 390
987 529
966 307
539 519
115 74
203 373
13 863
174 893
399 643
245 683
951 330
426 544
294 333
502 827
72 711
517 721
429 405
390 774
910 578
830 761
484 428
762 221
292 237
372 306
588 929
203 502
332 68
268 692
783 114
424 601
116 766
572 883
252 854
200 135
475 636
286 750
132 999
900 260
500 318
520 286
2 805
298 971
895 993
772 780
778 782
45 678
924 50
262 145
819 916
880 687
808 983
19 279
923 453
981 124
204 370
532 444
441 400
101 214
511 313
664 590
458 907
181 658
401 547
640 435
891 590
241 284
155 664
761 164
435 61
887 140
208 626
217 248
994 968
321 590
212 4
56 538
598 205
163 445
374 34
84 243
596 443
293 719
789 332
656 961
15 889
135 515
927 316
960 160
279 541
279 726
84 534
3 845
24 842
178 593
402 912
282 760
643 195
929 210
219 912
352 138
947 140
269 364
381 14
353 913
437 786
57 320
211 149
983 775
933 625
15 429
988 829
586 162
67 1
138 172
685 765
282 567
983 279
399 319
412 926
371 712
94 720
302 109
636 467
228 301
168 849
753 64
584 375
212 893
357 349
450 806
426 455
483 559
735 642
109 256
653 683
975 232
75 205
573 436
679 236
168 383
724 167
596 999
580 411
656 32
910 818
878 269
846 518
379 491
340 738
421 287
255 662
267 980
338 950
434 12
70 106
511 988
133 828
343 356
702 713
99 353
573 852
907 520
672 430
633 703
865 364
919 206
923 547
705 34
943 837
863 134
728 203
709 577
529 319
139 29
141 498
84 276
914 253
195 770
154 899
625 808
411 846
637 353
849 685
218 176
84 410
39 950
711 845
961 91
309 226
148 470
353 673
233 629
303 155
812 569
244 323
851 59
518 465
94 3
338 509
234 804
304 122
245 671
984 550
196 433
725 659
196 884
249 204
160 26
767 169
94 613
417 585
862 213
529 731
684 93
915 900
894 718
386 846
639 11
769 709
182 93
480 863
621 521
397 115
946 140
113 859
587 700
212 868
37 543
174 539
498 505
261 987
331 3
182 833
375 745
555 940
544 463
983 505
746 619
845 725
89 205
123 546
105 235
657 740
927 487
307 246
367 119
746 963
484 338
994 35
208 188
581 914
491 789
191 648
212 924
564 473
186 878
442 19
57 645
490 398
315 543
862 797
236 435
517 411
210 508
59 344
567 746
751 8
669 793
250 393
285 705
572 690
653 711
867 71
894 769
578 707
440 233
718 296
249 531
530 352
662 448
627 797
545 341
236 42
322 1000
815 935
11 879
375 557
393 871
158 433
708 231
15 328
629 661
654 205
462 782
169 333
310 320
916 182
67 104
524 567
157 598
3 142
397 91
119 508
668 472
317 210
642 795
283 949
843 139
661 705
251 26
927 156
511 224
382 819
744 5
17 125
467 314
280 29
572 803
767 978
674 655
510 74
399 425
590 967
634 346
254 678
852 132
603 228
441 581
54 427
889 935
569 897
418 723
343 279
304 146
88 384
95 861
489 206
227 726
407 231
924 136
525 887
138 176
936 913
653 92
31 942
133 482
456 960
868 480
559 859
259 92
870 821
807 763
968 489
102 878
830 646
721 982
317 346
230 665
33 330
171 94
984 496
174 106
549 644
625 208
9 110
636 874
46 698
734 852
480 47
896 984
962 219
928 408
188 123
447 79
870 173
490 225
790 723
167 685
437 626
185 650
141 425
693 123
121 935
286 505
750 662
930 579
970 714
266 711
692 243
126 361
340 840
777 558
655 275
836 809
956 944
444 916
942 728
279 293
646 642
699 60
100 102
541 930
894 34
129 762
567 643
925 693
372 503
698 38
538 924
357 633
548 675
781 57
391 301
350 866
293 499
627 836
899 801
565 227
199 501
416 333
777 535
571 211
600 379
940 235
727 560
158 438
897 51
676 500
80 373
188 98
982 600
171 263
288 33
616 315
532 859
968 495
966 714
74 269
13 999
247 356
282 177
549 769
765 668
302 749
168 448
879 997
641 77
538 117
462 425
76 822
627 676
176 359
946 740
610 355
591 965
882 362
297 962
469 871
651 918
651 379
521 98
966 792
184 513
795 937
10 984
368 318
318 29
853 38
787 306
119 69
325 837
934 348
674 291
25 997
322 747
802 577
583 421
594 691
495 622
288 947
475 56
938 951
479 610
659 975
26 571
775 564
922 882
744 415
377 774
310 835
238 770
344 893
212 999
341 234
41 636
460 338
956 979
573 585
561 651
242 921
330 10
133 800
446 405
965 905
642 578
136 944
285 734
90 289
941 506
997 715
285 699
381 304
186 790
666 633
671 683
176 312
523 603
930 905
224 989
21 86
744 661
623 857
373 943
232 523
21 374
561 102
300 189
990 55
870 735
181 264
396 965
971 706
892 890
660 361
849 269
195 983
999 293
898 830
21 394
434 639
568 413
926 660
255 271
713 631
595 290
418 513
759 460
725 432
933 985
10 290
619 943
9 295
402 196
701 881
134 647
266 762
744 612
999 500
97 256
829 989
147 59
276 458
209 173
700 469
283 345
632 20
482 415
377 261
358 600
78 113
590 516
57 250
692 266
678 181
740 591
87 314
952 432
947 264
239 647
257 298
347 192
334 983
897 355
678 166
776 795
999 966
842 36
701 161
898 737
599 832
214 307
801 912
585 121
855 58
207 319
640 14
420 900
157 599
752 388
802 331
894 24
892 402
389 385
572 287
954 929
660 925
876 193
932 665
185 263
898 928
622 346
383 570
868 84
977 627
231 984
160 595
80 142
241 666
944 849
609 330
313 713
837 785
722 9
914 968
255 641
489 974
208 216
387 338
689 134
200 194
588 49
908 946
638 879
797 956
756 561
612 726
246 495
18 739
489 312
584 546
654 618
892 472
329 899
651 272
848 916
163 553
893 268
45 83
919 551
259 864
192 218
812 774
660 850
547 574
993 116
78 479
775 461
782 784
675 799
119 474
106 696
390 611
651 102
661 566
864 629
869 107
200 665
510 734
314 314
953 381
954 747
228 952
262 203
222 900
846 631
