100
163 180
77 13
110 361
90 232
8 346
242 398
110 128
26 285
14 391
246 305
183 253
114 41
256 49
287 59
279 63
237 170
138 27
24 167
57 37
297 200
297 38
196 362
280 393
51 163
122 133
259 147
110 391
110 335
330 120
265 285
140 385
189 92
275 218
158 167
148 217
277 110
174 347
272 372
302 346
92 20
233 105
33 74
186 348
99 165
285 264
88 358
157 181
39 126
9 378
93 91
123 362
292 291
277 340
44 21
101 9
338 235
321 17
158 224
173 32
337 30
246 346
179 107
329 143
148 5
297 342
212 397
199 146
211 386
47 69
320 233
325 244
22 219
162 222
223 56
299 129
56 343
296 170
219 143
292 133
117 253
244 59
144 96
284 273
207 318
315 219
315 24
282 265
191 110
212 49
87 396
81 162
204 169
75 85
60 98
176 181
206 214
23 32
178 332
110 153
45 12
