100
256 71
769 308
183 462
72 580
748 175
172 147
210 526
93 54
308 360
630 209
580 237
268 211
674 285
591 541
571 215
94 292
120 138
3 108
611 605
58 19
722 41
491 135
745 500
90 257
173 482
601 64
100 253
667 281
446 72
588 522
687 8
65 517
300 429
580 389
235 311
718 155
11 143
330 412
373 72
159 142
126 302
110 507
386 440
372 581
565 604
223 451
177 57
640 116
179 358
605 367
202 582
303 139
92 112
626 387
112 481
18 541
588 244
164 320
61 520
428 94
661 283
476 362
33 350
705 154
88 278
668 391
544 319
399 136
401 299
50 569
493 595
674 542
11 554
469 249
557 257
31 538
58 513
264 552
46 481
425 36
765 306
158 323
773 17
522 388
463 475
39 264
586 459
298 413
442 290
171 54
67 72
522 10
500 550
85 129
274 244
206 233
679 343
450 343
737 47
407 605
