100
697 620
386 313
166 20
375 337
439 512
257 827
385 732
87 364
302 777
148 563
614 252
293 102
466 803
394 708
658 475
450 762
204 89
707 89
234 147
435 755
652 865
300 120
384 668
444 141
167 678
484 505
623 440
770 646
731 891
614 201
215 363
795 669
310 24
443 327
787 63
398 665
164 609
246 443
123 4
466 472
402 318
608 241
559 330
550 128
24 109
198 571
352 425
47 816
579 422
319 601
684 700
510 411
412 72
532 434
620 903
257 353
388 793
125 304
562 389
801 680
331 107
343 538
175 98
122 532
51 249
68 697
129 694
439 484
163 780
509 378
29 251
216 730
334 467
252 733
80 734
348 786
354 241
6 236
482 509
814 384
218 304
678 464
447 368
81 489
601 154
773 92
392 201
301 13
180 327
725 724
211 852
299 381
422 317
758 154
492 323
595 329
338 324
715 122
766 770
520 280
