500
743 1369
984 1747
1882 1810
96 1498
821 527
965 1625
1002 1707
849 93
1566 967
690 1572
520 1166
1858 1775
103 639
505 380
601 388
1471 147
828 1817
1287 1335
1911 425
1966 1282
1323 776
87 665
497 1823
174 1785
1762 1397
234 346
1701 573
922 1237
794 1064
984 23
1271 1028
914 576
745 1810
783 1840
2067 325
833 1102
1166 815
1627 343
1859 1660
1478 1743
58 439
104 1733
1853 1260
1952 1444
1165 1636
1761 1301
1413 529
1300 481
85 1054
425 899
329 801
197 1074
849 1422
1387 1390
1515 81
1553 1760
331 1318
736 1757
492 950
150 1718
1525 1411
1515 407
684 312
1123 324
362 916
1511 1371
1444 92
433 145
1853 365
2072 1104
1058 1733
568 144
556 1809
1722 293
1094 1282
585 1541
538 844
628 1610
980 1651
6 521
1741 1705
993 1303
765 1054
410 1252
857 1811
2169 579
1372 1375
1460 986
1080 1407
1299 1340
356 1758
977 1782
223 896
956 1007
1575 1779
1630 244
600 1180
1556 487
691 1561
616 1813
2040 926
1554 562
1713 809
692 900
2073 267
1769 22
1980 1861
1912 1642
226 799
503 501
578 1276
1769 1577
747 1414
1727 1633
423 1580
599 599
751 766
2020 1521
911 1878
1385 1229
1740 369
1257 1489
2010 336
1836 966
2086 1104
720 706
539 1096
1050 887
626 19
923 879
1745 1106
1256 1404
953 360
1943 882
526 1293
1542 1093
1059 491
1758 1400
419 1232
1035 1577
1207 35
132 462
2118 559
1195 585
1926 934
645 1040
1626 1101
1776 1720
860 171
375 360
1923 158
430 185
1758 259
1417 1744
684 1496
16 875
1188 568
717 191
1404 1376
1800 888
1107 453
359 1284
1526 101
1727 470
496 432
2155 1400
2013 65
1761 448
2129 50
1607 1702
1926 851
624 1411
538 285
2 642
1031 1335
1380 1598
779 217
1109 586
870 116
1032 1765
538 169
1350 1262
1984 1468
424 51
1988 855
66 1643
559 1727
2169 219
910 574
1890 421
1898 1393
1655 111
230 301
565 307
344 393
1937 223
1382 1047
1000 893
1017 1232
848 944
1660 1148
476 1376
1963 1764
1828 826
1056 1726
428 1880
1905 1110
959 1761
335 524
249 544
1717 527
1364 1650
1302 1829
495 1287
1047 1744
1183 1458
695 1051
1816 1215
1712 1068
16 457
839 369
1937 369
1863 642
12 851
1425 573
1755 432
1993 1037
771 1862
929 59
1904 1873
470 1167
1279 542
1310 333
1561 361
1833 1758
478 1046
127 1457
470 1763
977 694
369 1406
1144 211
1061 1103
1256 1764
1493 377
1270 1821
2080 1886
2105 1398
1040 297
1153 924
552 548
977 1329
881 1365
307 616
1289 459
1654 1255
1575 602
2103 870
1597 1260
186 758
874 1616
901 917
445 672
104 925
1731 512
1973 1723
1104 1813
1835 225
1232 1122
1365 1146
7 1067
451 795
1384 931
271 131
456 1518
1494 1227
1291 729
357 1569
433 1168
616 1047
415 1158
2146 76
2140 469
341 661
1153 1871
820 1257
1689 468
434 957
1808 1622
328 920
1789 1865
758 1104
1683 854
837 206
1720 171
1214 1751
614 1195
1235 52
972 427
1455 1765
711 1277
1031 1356
652 1636
1524 1508
1939 1464
308 532
2013 1491
932 703
240 1473
1666 1152
1911 1479
757 765
625 354
1512 674
48 1417
1920 1802
900 1372
2125 1057
467 1478
251 1304
2070 1342
1440 1217
2064 1882
459 450
562 1647
936 656
1588 901
1703 491
1965 692
116 1597
1898 1607
466 747
371 1554
1344 1405
236 861
1218 62
189 671
1027 1226
1418 1798
1405 687
664 352
1954 1680
2135 490
2152 158
2046 1590
1574 81
1539 1772
2015 784
1175 428
1912 636
49 1843
237 1168
742 355
648 1597
1494 1420
1439 810
1912 795
523 143
2082 995
284 991
651 1100
1429 395
1453 501
1381 211
1262 675
2065 173
399 71
184 1392
1848 1280
37 1756
582 1137
1733 797
511 115
560 179
1923 34
638 1689
1899 1664
1833 285
2037 84
1567 762
908 526
763 270
1138 321
106 1444
805 521
1083 974
96 1098
836 1269
2043 234
638 1598
1776 1849
1377 1469
1770 700
560 1719
730 536
1917 289
1104 676
1556 1384
867 1318
444 1739
1218 1144
745 820
1789 837
1611 1394
1331 1538
1637 705
964 1404
646 455
573 1878
1814 1343
1602 571
1249 759
1960 1131
198 97
19 1804
25 1276
713 1584
2137 678
1230 72
1251 1134
282 211
777 1231
1579 486
1295 408
1463 1551
791 962
1454 649
721 1458
1530 1741
967 506
1584 1718
838 1785
1121 601
190 713
964 355
2 1315
1952 798
1345 1556
1147 1090
446 151
2021 1135
1236 1352
421 1259
1513 704
1320 45
105 1636
254 1779
988 769
1277 703
1857 1607
1272 1762
625 760
436 43
211 949
498 290
598 826
308 882
1251 1575
940 1064
236 1238
1983 1733
965 723
1550 683
781 543
1897 1008
2134 210
833 1481
408 689
208 1550
30 1155
1293 703
113 15
1055 1152
970 357
1577 1318
720 1250
196 1295
604 856
724 153
2006 1677
137 635
856 1875
2110 171
1223 1753
1312 869
828 185
1734 1174
2046 1292
2042 635
124 1045
1348 214
673 867
354 625
232 1738
1886 496
1939 1871
1379 1331
1724 608
1954 1353
216 1106
827 1330
