500
622 4316
2186 4693
4519 61
2625 4140
4059 887
3039 2621
4397 2272
1735 1342
2304 698
1586 4168
1149 4219
3647 4617
2166 3277
385 663
3251 615
1623 2024
1022 3056
904 1057
2952 2385
1669 2888
2785 3823
3258 3547
3725 28
2619 960
1709 4625
392 2700
3691 2545
3951 753
1460 4303
3245 3990
2231 218
3754 1960
3575 639
141 3349
4352 134
4036 3170
3019 1626
825 325
2181 4574
1050 2129
4204 1700
527 1929
1961 1840
1241 1559
1003 30
2170 3346
2349 1600
321 1290
1048 294
1435 564
2523 3527
2384 2326
130 3101
7 758
2758 4230
1994 2788
2396 224
1453 1118
1681 171
4458 1441
2504 4202
1872 1201
3981 3585
1229 2069
3685 2313
1191 358
755 3766
1946 90
455 3936
2486 3021
1813 3505
2395 112
656 1659
3678 2352
4385 173
1875 2562
2124 680
584 689
1065 2195
4079 943
300 4484
1838 3505
1383 2359
4216 1767
2837 1153
282 4335
2215 1550
1906 4451
2720 4530
1530 1676
1016 2365
1871 242
2780 1726
345 2518
2724 303
396 156
3520 2874
3469 2954
3179 2665
2380 2399
3408 3611
1271 2197
2737 3524
1801 197
1027 332
3176 3846
2001 2176
1317 498
4508 2139
1973 1762
2498 1609
2789 3851
3736 306
808 3491
1926 3104
2694 1895
2057 3406
2388 2912
1905 846
3693 318
3400 2056
3324 174
2594 4196
4063 249
4437 4396
3898 2304
8 3137
2671 1431
1761 2444
1590 2053
2532 2856
4474 3388
3026 719
314 823
923 3321
106 3649
3002 2291
3367 4139
2243 1788
2859 4352
6 2478
986 275
1032 1759
3038 3429
458 355
789 1975
617 512
3830 2344
1333 3143
4312 492
3379 76
746 2508
2116 4408
2623 3380
3518 2776
4310 3291
3049 3942
4414 2003
1386 2827
1951 2160
3351 2379
3655 3476
976 4373
236 1608
397 589
3032 2132
1697 3454
3426 4184
131 2953
4490 1439
3656 3633
700 1134
427 466
4377 2192
187 2897
2096 3615
2409 3799
2680 2120
2343 330
1778 4297
561 3241
923 1392
2949 4691
974 2617
1271 2488
483 4510
2055 3363
3489 3043
1745 4502
1935 1131
1872 3749
1763 3763
3864 934
794 4633
3132 1120
2572 1933
1681 1948
2522 1531
3140 4421
313 295
1761 2602
1488 4249
481 2107
1355 2374
2259 1714
2261 1343
3287 4017
1317 994
3533 4461
2188 194
2740 117
339 2382
2183 4728
952 2300
79 1429
3327 4380
2727 3362
2687 4330
2176 839
1999 1277
2516 2291
991 1072
2484 1738
677 2346
1970 1798
2667 4541
4511 367
3120 257
2485 4256
4364 1537
2218 3016
1615 1791
2323 1058
1216 4011
3790 1035
33 1426
644 771
1714 722
1407 3490
2500 85
2490 2542
1379 417
2836 3072
365 3802
3714 3148
1566 4284
1980 4631
2516 2915
2552 805
3989 3088
993 1238
3410 3652
505 3872
996 1927
3406 310
2557 974
2207 4129
382 3843
714 2972
367 1344
4450 639
2593 4224
3336 3872
1546 783
1537 2768
2825 1549
2247 3748
3823 2565
4357 3993
3959 1165
3291 3615
3308 715
3461 1063
37 2953
2652 127
1184 1369
3335 4052
1664 2646
3318 537
1211 2705
1087 3920
3483 2330
1817 1738
710 1828
3856 3574
1264 2697
608 864
548 2599
2360 3539
3300 2911
4406 738
10 1018
3850 2217
15 1586
3718 3885
4458 2432
1803 1033
2842 2535
1488 2149
1036 3529
1594 1781
2301 1476
1499 827
4207 439
1683 2220
2645 276
1852 1929
1909 3519
202 4739
1617 1723
3128 4101
3162 2920
1419 3570
82 595
1889 2516
2078 1001
3005 4120
661 2262
2190 3390
458 169
2107 1009
3507 4637
2888 2483
3856 4521
3072 3150
135 3127
3123 335
1180 3748
999 2767
466 4649
1787 1345
4467 263
3909 2979
2964 2523
3058 3293
358 8
1608 4207
1839 3795
387 4163
60 2628
113 4377
3769 2813
3917 3174
811 2003
1618 4602
2666 2527
4100 2614
972 3741
2583 1053
374 145
1292 1249
20 2389
3458 1794
1223 3877
2629 1265
3390 1451
3854 408
2624 2115
204 511
1850 541
136 4250
1022 1907
2054 1541
3580 3963
4442 1503
555 3137
83 828
4306 1854
821 2908
1407 2054
4470 3153
65 3212
2704 2193
935 3643
3303 2964
3905 2192
2419 3234
2315 908
2787 4539
3038 2988
3531 625
1658 2849
4417 1313
1100 2294
842 2257
772 18
1245 3594
524 3192
163 116
2816 1742
3227 2854
2604 4518
2205 1444
3391 4067
4037 1483
330 3205
4388 1753
47 349
706 4679
2125 631
3314 2013
1332 2146
3879 3154
2201 3069
942 3022
3491 3198
1458 1952
1019 3251
227 2131
3738 4049
3246 3193
895 4234
3413 268
3849 1846
4280 630
1044 3508
1949 2293
1082 3195
1369 597
4524 4351
3078 1577
3836 2471
1835 2941
1297 928
343 987
2740 2103
668 574
3659 143
3724 3924
4410 331
3825 3722
1876 2696
3177 388
1929 3301
1499 243
1686 2026
2308 4185
2457 664
752 1404
2936 4117
630 4441
2078 1422
3880 347
1243 3635
1378 2923
861 4470
4441 2099
1337 3693
216 2453
4212 738
1668 4131
1617 4769
1169 1948
1696 1586
4164 1496
2362 3787
1521 566
2362 292
3185 3491
4316 3240
925 3986
779 679
1166 629
739 2036
1960 210
798 292
797 1816
3615 236
4142 2244
1880 3314
3435 299
384 2123
1837 1730
2945 4619
3097 2107
2785 2880
1069 4618
1699 3056
3357 1609
3336 435
2457 2949
3554 1074
3816 1319
2530 1583
2210 3888
30 1703
1703 2223
4081 1582
464 4228
22 1919
3948 1552
523 4495
4313 3169
4229 3989
254 2541
1046 4328
1889 1267
416 4362
4498 2173
2109 2770
