5000
4516 26
6805 534
5955 291
5844 146
1494 307
1675 155
7918 514
6905 137
8220 446
7814 388
6112 123
6793 455
2101 27
3217 19
6318 87
243 347
2909 635
7553 13
4517 417
5814 220
7884 91
2585 628
5183 288
2167 481
1367 55
4816 504
1800 30
7974 257
3842 358
4726 432
3821 227
3828 332
904 295
7472 36
6611 501
6719 535
6385 430
1991 611
589 470
1856 13
3842 346
5424 271
6720 381
1038 347
3371 24
7769 180
22 257
7967 380
2825 443
2820 208
6548 97
6405 359
1914 225
7444 183
7531 409
7063 145
3262 311
6875 6
4843 517
3466 472
6139 506
7056 507
6612 567
5153 652
4732 501
1644 266
6649 240
5727 179
5834 151
895 430
4864 426
4016 562
3940 524
7131 628
5347 352
4278 292
2880 457
8086 198
3685 413
1825 450
32 235
5250 356
1904 419
8131 469
7526 161
1843 596
2550 260
7232 302
8290 140
2250 613
6055 213
2262 454
4234 254
5530 575
8027 352
1065 403
3242 501
2230 144
7485 40
3036 9
706 607
5631 535
2078 331
1398 206
3709 70
2338 323
3531 515
1726 447
2831 475
2596 104
1004 309
2013 462
318 425
8092 215
5513 453
4904 230
6644 586
6860 411
126 533
5367 184
3304 179
1441 85
464 591
7990 375
6900 38
4388 333
4867 213
3668 457
1826 161
1698 430
5249 185
8010 86
489 610
1654 547
4543 199
6617 436
146 497
4887 42
327 281
6441 326
5678 555
4920 210
2979 343
2861 525
3714 127
7314 85
4777 611
2431 292
5525 191
7457 52
6161 319
2567 73
1502 464
3925 412
3556 195
3682 467
7465 332
4840 486
3781 5
3258 76
6890 467
1095 203
4202 634
6729 45
5500 348
6809 499
7268 143
3227 582
3859 390
1772 590
2465 484
2078 375
5913 50
2420 127
4747 266
2248 323
5224 604
2045 424
5895 92
7208 341
29 452
3278 233
7808 151
5904 519
6872 611
2050 411
1511 188
3099 143
6579 252
7775 188
7366 541
5509 29
3586 198
4900 28
5342 390
2276 225
2928 621
5919 346
5499 509
2192 598
3808 380
652 197
7404 121
3124 249
549 497
1249 90
7216 104
3233 211
7999 377
2572 166
1947 484
5131 391
6582 53
6394 443
4893 435
770 562
3120 171
497 402
5648 499
3008 61
4340 203
4041 350
5531 35
2792 535
924 364
614 436
1804 623
2684 647
3752 232
517 141
1895 288
1806 58
6454 478
279 240
6691 580
4820 623
359 594
7175 8
1607 20
1873 569
4429 122
1587 492
6863 324
6770 469
8068 402
4195 364
5655 123
262 315
827 190
3871 10
5009 537
5082 248
3263 266
6354 20
2981 393
868 249
7301 154
6948 399
3823 337
3225 623
4722 103
4791 244
4297 414
1111 430
7637 456
7919 104
876 534
5163 78
3843 479
7227 423
8357 576
5727 213
7361 119
4704 648
4965 68
4669 20
2345 255
985 93
7602 231
5035 458
3264 377
1530 419
240 639
5841 474
4583 229
2667 44
7903 240
6140 575
1671 351
2864 598
4349 593
6263 120
1573 279
4528 585
7907 7
124 44
2527 230
7618 478
5319 182
3472 471
4425 208
3272 123
4006 610
5719 616
2054 468
3716 117
7488 627
4662 82
371 372
7978 504
4180 123
1288 124
2912 221
3072 543
113 121
5375 628
24 6
3999 633
1118 558
2193 113
7357 77
7583 627
7453 414
3830 71
4284 511
7358 122
6862 614
351 316
1931 330
5276 31
7107 272
6619 3
7616 516
4771 243
618 229
6377 123
5900 138
7786 454
2592 391
333 518
1812 414
1305 516
4522 181
7946 323
4580 307
7168 115
223 447
2522 567
6617 11
7799 632
2474 20
6466 438
4021 560
3992 368
7464 129
4892 292
230 584
7843 414
3912 600
3447 86
5073 383
3769 268
5503 410
4960 632
2004 268
928 310
6132 152
4743 630
5630 19
830 99
1333 596
206 226
2897 13
7214 24
8054 451
2759 327
3918 521
2424 616
319 36
7092 555
3626 304
6522 444
3527 655
7364 116
8049 648
3814 216
384 533
7378 66
5598 602
5553 432
2037 37
1682 198
3578 215
6939 520
2232 507
6674 55
2153 602
2700 100
75 25
5473 269
2546 336
3277 600
826 52
159 122
689 506
6600 307
8202 400
2461 536
3831 180
1511 336
2613 135
1880 58
2703 352
4764 183
5817 641
6370 533
3862 390
7686 510
2974 48
5717 61
8034 645
7704 642
908 454
5050 511
3171 265
4766 229
331 565
3883 135
4056 595
7425 391
3036 103
8067 126
5495 401
835 334
1075 645
6266 208
5157 26
5721 130
4830 531
5388 11
7284 37
5463 214
5847 45
1741 494
6912 413
2554 546
1619 314
843 491
8353 602
1723 372
7183 434
5452 140
284 5
6971 289
7651 170
5448 545
633 154
6655 244
51 413
3775 36
3221 603
666 541
6816 397
3052 17
4569 292
6298 343
1397 614
2051 126
3443 636
424 517
4248 473
1653 218
7039 182
1126 487
8109 353
5966 13
5733 160
6944 613
3674 167
1523 24
6814 66
2597 189
2675 160
1948 491
6905 250
7301 34
1493 398
4427 477
1614 287
3377 224
5290 482
4278 421
1446 112
1563 302
6092 305
8192 567
7292 644
7149 262
7451 75
6083 195
2159 187
1512 76
4606 526
6128 600
2522 618
797 197
7495 636
3609 49
7683 92
6786 388
2331 323
6602 436
1573 435
6262 603
1202 563
7981 233
6562 238
3669 337
1077 215
7563 71
4405 57
1106 327
639 138
6565 432
501 72
4544 129
6108 195
4396 222
597 14
758 428
3820 199
339 143
3956 342
2582 274
925 378
3112 268
7899 216
8352 559
3695 129
5671 139
631 290
249 25
1680 342
1236 432
6409 405
7552 234
6170 582
3206 256
3851 228
1927 396
4944 62
7633 538
4010 492
534 457
4651 172
7556 398
5800 359
981 228
3452 202
6694 92
2063 503
2092 390
3393 402
8158 385
682 226
576 635
7868 368
6178 4
4041 287
7784 5
6763 156
3741 75
7364 144
5716 116
556 539
4144 344
6536 16
3837 543
6010 604
2013 511
6076 642
25 322
3154 20
1723 162
2993 261
3698 560
1384 185
2490 302
3670 612
3435 385
2239 239
3120 262
4828 130
1851 615
1817 415
3210 440
5386 510
2178 304
7733 651
4517 52
6166 172
4034 250
3062 621
7411 72
8257 114
464 62
1928 614
3827 566
7578 530
5634 604
7299 199
3970 236
2757 592
3272 641
1750 562
136 412
4 524
302 358
1009 412
1893 131
1255 357
5108 551
6966 110
1844 520
6981 592
1023 333
7842 636
7628 151
7736 118
2190 107
7878 538
548 304
8285 30
1218 558
7140 538
5 621
4703 272
3479 422
4255 625
3500 396
4514 227
7165 363
1340 165
6814 621
7756 423
2496 301
1393 653
6854 74
2738 348
4837 146
3629 445
7223 187
6550 123
2143 89
2449 388
1453 273
3069 126
2419 236
7202 613
625 70
7945 57
3507 525
3475 230
3245 105
2495 556
2437 211
4951 343
4467 484
2366 547
7489 289
6983 552
5355 564
1106 380
6723 285
7128 290
1900 189
5821 97
5738 40
3874 571
4201 507
2872 571
1337 582
4235 230
6669 645
1674 101
4894 346
2404 500
6768 228
4723 106
4031 58
500 54
2632 34
478 594
1139 365
7877 135
110 571
2987 634
7552 577
3204 237
1324 274
6433 399
1673 173
83 543
1101 518
736 228
3757 103
7808 294
1726 394
2102 91
3664 450
5458 180
1718 562
1147 445
7705 387
1318 100
5193 286
4643 641
7582 519
8114 73
7359 651
4653 147
5061 229
6063 388
312 557
1237 655
4553 638
5978 84
2174 327
4736 137
849 94
691 305
3521 446
6780 434
4861 306
352 218
5671 164
668 542
394 615
6217 506
5613 330
2005 287
3596 582
2511 630
3001 274
4808 563
2172 268
689 604
3928 103
1570 571
7764 87
4765 298
1505 595
6112 523
2675 439
2370 186
5684 429
6412 484
380 283
7098 538
283 462
4953 69
2239 467
1701 402
5694 514
7747 577
5146 86
3613 287
8025 223
2865 254
3412 58
3963 181
6462 641
6541 254
7551 549
1341 493
732 16
734 220
5038 85
6116 564
7424 625
6068 477
2279 209
8259 629
1111 223
6879 585
450 285
7250 230
4867 251
4495 439
8001 443
523 473
7948 546
7828 642
550 460
2558 379
20 612
2364 425
7076 236
11 510
5648 98
7114 113
6288 486
6020 220
4315 119
4232 571
5269 259
3014 273
3698 151
3889 138
7872 651
6011 454
6600 278
1012 183
2347 508
5500 605
3108 644
3762 254
7467 568
5242 170
7022 161
5024 191
5062 315
6034 7
27 257
6385 404
2845 255
3366 373
3141 32
7298 144
2852 392
3021 645
7675 300
2698 377
6238 122
5344 262
8160 281
5591 623
495 565
5875 572
1645 521
5604 337
464 291
1132 654
4288 126
509 108
470 77
7948 25
1402 169
2715 265
4817 510
5329 337
455 68
7941 308
2199 503
7434 596
7429 73
2088 222
8089 532
2696 416
664 638
3380 508
5683 499
6895 574
6607 437
7461 631
5639 618
849 334
1928 193
4 278
5802 520
3464 134
336 280
5143 178
2670 619
7386 127
2471 592
4067 436
8141 118
5158 469
8098 531
8035 329
2293 193
7789 62
3801 477
3422 121
2588 309
543 51
2993 6
3980 228
8323 467
646 262
2535 103
7020 301
8344 645
4804 81
7166 54
3697 123
333 86
2469 349
7856 139
896 234
6231 558
5970 5
5534 462
4417 254
4026 193
7128 278
763 283
7931 54
6695 24
1499 626
5433 332
2583 533
1603 546
383 512
6213 638
5470 105
4393 459
6551 66
6185 329
5959 419
7576 115
1294 450
5371 485
7807 235
3209 319
720 648
6674 558
3837 362
5172 320
6455 104
4653 287
4507 404
1979 47
5578 198
1357 513
4903 570
1961 595
1373 275
5100 525
4012 25
4099 371
8100 65
7738 443
3997 411
2734 334
578 596
1630 280
3654 293
3847 464
3979 287
5747 245
4629 411
4931 640
469 328
713 365
814 158
2194 620
7737 569
4996 635
5917 308
3954 404
7078 462
1302 454
5819 366
6571 576
1637 234
7427 35
2958 443
5566 357
2308 590
4576 467
4335 241
1991 211
7363 205
4886 167
672 23
1714 297
6873 535
1388 247
7464 578
920 272
657 38
4582 594
1161 584
2051 282
645 126
2853 146
2802 344
394 439
3730 3
3529 521
6169 94
400 594
2775 590
3818 266
3252 455
6063 614
3638 259
2229 624
5000 289
7163 136
5464 552
2024 414
3392 346
4785 315
2222 192
5334 489
4912 255
1759 336
7251 113
6814 137
5836 575
3740 440
1702 37
3639 114
4514 166
1168 582
778 365
3017 205
219 350
5913 631
2987 249
2572 81
5704 291
7842 414
3102 372
2909 432
5196 425
30 55
5796 619
2246 640
5143 103
1287 491
2136 335
3192 235
7467 543
439 567
4699 188
1125 233
6154 468
4931 187
577 300
4109 169
5990 91
2356 523
7588 28
1901 222
5163 357
5660 128
6643 615
3549 600
2538 571
4316 452
8087 293
7763 106
6663 305
7546 72
6057 635
2984 589
5723 24
6062 134
1697 44
4184 259
2204 640
40 526
536 539
8204 37
2493 366
5441 101
5990 573
4412 623
4711 570
1213 87
8335 345
5883 596
2722 633
63 577
1121 13
4613 305
172 626
177 296
3378 239
1910 119
4082 132
7761 535
5 283
2191 626
2777 582
5189 15
846 331
2779 155
5327 589
3201 450
2134 207
4581 424
2543 63
7871 221
7772 501
7336 522
8058 300
2598 544
6502 3
7175 383
4148 435
608 303
7096 518
3211 295
777 355
804 271
1430 470
3805 411
2615 183
5267 533
6533 214
5200 540
1500 288
1311 18
792 274
7503 521
2570 602
7327 114
4566 283
5210 161
558 237
32 112
7816 13
302 520
7728 456
7634 282
1455 7
4817 515
5319 402
2162 70
318 2
1203 30
445 62
7393 385
2488 603
4792 388
1093 653
6639 243
7735 519
4641 118
2840 30
3445 495
8210 474
3955 296
4393 412
7377 524
2216 360
4824 16
2113 264
5403 623
4681 579
3767 616
8193 38
7948 306
454 615
4441 157
2943 386
3301 132
3491 401
2689 235
897 419
3991 602
272 141
8312 452
7126 356
1125 281
7486 474
4899 158
3066 273
5391 239
1709 200
3382 612
7093 344
4222 548
680 554
5070 285
1200 487
2773 486
1062 96
1140 600
6228 256
2063 639
6104 76
863 214
5546 544
6532 561
7614 351
7815 142
6452 250
4792 625
3097 131
3287 549
986 551
4498 220
7034 359
7250 224
3649 31
2850 619
1704 417
2108 169
5424 74
6024 458
4678 533
2638 647
7301 609
7660 260
2432 634
49 480
7769 279
4754 200
6001 387
3832 44
2800 457
5315 553
2253 277
5388 230
1744 567
7763 48
3882 152
7559 117
383 428
6140 486
6074 644
6696 288
7523 532
3378 434
580 327
4596 166
4490 388
1506 597
5375 160
1445 350
148 414
4778 552
403 32
1915 413
2324 374
3099 396
1443 253
8065 244
7488 10
4184 398
3381 475
5404 466
6973 540
7294 531
7297 62
6327 598
1687 582
4126 552
2907 410
5959 140
1855 584
8049 226
3828 471
6784 365
7388 274
3110 80
3337 619
1280 371
5929 199
1634 55
5172 554
65 574
1828 364
6714 557
4583 102
1553 612
5973 364
4080 265
7393 469
6096 647
4135 488
1310 641
3767 637
5290 500
4608 273
7944 474
4655 378
2818 531
4031 81
2536 629
1629 403
25 211
3500 355
7493 347
6134 431
8198 453
5359 581
6023 374
5151 186
195 535
7801 377
1661 175
4435 447
2782 25
1131 130
2577 280
7949 277
641 629
130 434
4418 330
636 148
7666 65
4817 619
7669 271
6185 558
3492 295
778 557
5531 605
2034 568
3018 457
2102 112
974 82
7026 334
5051 289
5468 445
3407 569
474 468
4876 143
3134 142
7179 138
1843 553
3227 630
8121 374
154 630
1097 295
5657 200
4674 393
2773 536
3578 281
270 557
145 570
4666 396
707 354
1432 337
3494 533
3216 492
3168 430
3867 144
4565 166
4858 422
2852 467
6071 127
304 625
8245 451
1635 536
5089 86
6112 445
944 429
1738 461
401 584
7598 311
1454 545
8319 169
2936 105
7366 356
7459 269
5686 559
5709 194
961 35
8237 557
7031 121
4161 198
3325 90
778 545
6127 110
5129 89
3342 563
5190 505
407 353
7268 626
5522 522
4557 322
746 254
4279 173
2896 611
5795 380
5164 222
4836 286
6680 410
7968 139
6853 421
25 304
3336 412
2060 553
7379 160
8118 17
361 372
4121 304
3836 357
1284 644
6411 504
1267 543
2906 171
3305 280
8074 377
3728 636
2444 114
2731 76
7050 302
5129 488
4285 266
1202 606
3353 538
2505 418
4893 327
4664 447
5688 136
73 511
5847 237
7638 561
6451 540
5216 197
5603 514
360 356
4374 41
310 198
6287 128
2653 465
3272 542
4067 387
5440 360
6815 52
1775 265
4581 467
6929 71
7744 260
1311 381
1352 639
3785 338
7473 345
4979 234
3029 452
2125 183
7927 417
484 323
1828 258
2230 512
1228 135
5820 573
859 385
1215 23
1511 40
802 354
8345 543
1453 317
4579 332
286 367
6518 400
8108 43
2044 175
639 591
5169 647
8204 330
3742 475
907 572
2238 133
2542 48
4132 247
1726 293
4 148
4435 482
2374 68
5253 584
4168 94
8115 404
4104 149
3945 148
4586 146
5064 383
1054 112
3841 353
358 386
3018 182
8206 387
3994 618
6299 427
434 594
2023 349
8111 547
5408 3
8112 597
8206 455
191 207
6244 18
7854 118
1025 97
1964 456
4957 647
4553 227
689 19
1570 200
1801 126
231 21
2167 107
5648 642
2223 497
5789 393
5588 605
5905 146
940 451
156 621
1330 115
5560 364
524 163
3282 188
6532 405
3823 333
2608 508
522 330
5823 106
7873 555
7046 42
2435 481
4854 284
8187 177
7856 81
1551 40
8237 296
4954 379
2840 91
2749 242
1079 624
2646 345
2372 638
4481 644
1526 451
3578 621
6608 543
2623 468
664 127
6088 404
6182 299
4400 227
1520 44
2357 579
2067 428
7460 542
2050 110
7199 360
4169 237
2331 541
1118 481
8282 64
2480 288
5917 123
1141 54
8353 170
5143 215
8166 443
4553 580
4097 391
1869 224
902 518
5676 494
3589 60
1303 439
2529 461
3116 258
3115 33
6104 395
600 577
3660 587
51 336
5280 163
1194 290
2626 391
6057 478
7649 395
7047 463
6835 548
6675 29
2951 311
4507 298
6661 487
5135 305
5923 319
6339 488
6243 393
5827 153
3754 502
292 204
2446 298
1573 198
3500 627
5304 404
5484 543
657 25
8058 42
6117 173
4348 624
1256 333
8273 636
994 139
55 428
7653 452
4584 179
1111 631
6127 242
540 645
5027 345
2092 630
265 443
6146 522
1606 534
7622 176
4358 253
493 154
3169 493
4509 45
8207 207
6802 10
5269 508
3584 531
400 49
1697 352
3283 413
2345 330
2567 38
6174 156
1285 236
3173 112
4154 158
2456 443
6754 202
6474 643
3553 517
6190 192
7407 90
1745 515
7475 274
2953 486
5941 422
232 491
6886 607
5213 139
2667 155
3787 652
3268 37
8160 197
1057 494
287 31
7123 645
4424 275
3209 399
7668 146
930 345
8216 138
4353 568
1391 350
121 602
1596 296
1869 510
3092 527
2830 41
2879 165
748 620
6682 542
2343 212
3440 429
5822 357
7768 119
4676 587
6772 494
439 357
6310 593
8292 213
7708 220
477 278
2521 302
6577 227
4588 379
1302 367
777 504
420 603
2406 390
6497 129
64 547
1311 29
7756 74
1810 97
2521 418
3996 452
913 142
5854 160
4302 91
3585 489
51 73
5557 185
5831 104
5650 308
3192 573
6999 619
1098 131
4893 260
4005 80
6289 637
2669 23
6186 236
3295 575
4291 212
8269 626
5319 270
339 296
6325 540
7115 603
2549 186
5155 537
6417 199
4230 91
842 260
7113 104
910 575
1630 286
4728 154
6424 288
6847 525
5005 526
6670 113
3659 370
3619 359
6614 273
2577 311
5410 193
4764 385
1857 574
1414 498
5481 256
7153 380
6707 332
2653 560
3831 9
6995 335
6808 485
924 118
7407 601
8168 39
3804 562
812 572
1338 220
3787 301
743 542
7209 119
2467 190
6568 330
4561 354
7386 360
4837 369
6137 199
8282 112
5510 631
6370 644
4201 626
7097 144
3625 583
2345 142
3335 212
5690 112
3227 398
6318 481
7033 483
5891 382
2834 443
3832 557
2988 241
1031 451
4998 103
3867 221
7944 621
1445 174
2757 120
4423 571
3836 358
33 620
5108 184
4292 523
3481 142
6562 95
7105 556
4017 529
6422 346
2648 563
711 612
4571 163
2299 106
5661 337
4064 578
2595 345
8168 421
1758 403
2869 25
3944 381
4688 142
3909 562
5828 633
790 362
178 6
5475 157
586 113
6259 242
895 331
2001 402
3384 367
2210 23
3289 635
2543 249
6363 516
3472 610
7689 566
4024 447
8263 615
848 428
937 298
7044 430
740 22
4682 524
7966 565
4165 262
2527 5
7303 16
3498 220
3743 465
5842 629
374 356
8343 433
724 607
2455 63
6990 151
6752 466
7300 95
5202 176
6910 259
7286 540
6201 94
5909 8
7395 200
1393 130
1282 210
7161 32
2049 155
6631 392
587 578
8225 183
7595 292
7853 332
6045 431
7467 378
1747 202
4361 45
3774 7
3765 334
3835 239
1003 283
6386 618
3434 578
6215 610
1656 134
5529 354
1312 452
2999 197
619 579
1117 319
19 506
7864 337
1972 255
1250 194
2668 442
4727 557
3920 257
4610 70
496 447
3543 620
6710 461
5966 645
2796 384
1883 522
88 108
4487 313
5793 504
322 334
2828 484
7601 233
7549 429
7742 572
7298 578
380 268
7234 13
8005 482
7274 215
7554 644
849 210
102 55
3592 619
2646 333
69 56
2711 594
5341 198
2484 516
6914 583
6503 250
2130 620
4045 69
7088 500
4296 234
1104 12
4133 371
8238 284
5097 597
1423 274
7064 359
2077 585
3613 190
14 297
7942 37
2759 524
210 642
3564 651
4907 326
2922 37
3408 49
1915 383
4706 429
3963 192
5599 260
162 653
3198 383
1725 336
572 317
1796 265
32 432
7016 410
2564 185
7693 447
6063 341
4136 328
187 466
1354 428
125 76
1865 243
734 647
2502 209
275 349
6364 374
91 265
1214 261
2380 210
8036 71
5524 321
7418 95
491 65
1156 384
5111 412
6593 380
1719 530
4336 186
5781 522
2193 335
3241 644
4021 460
5201 284
7542 28
2733 160
6086 558
3758 214
7829 629
4981 128
286 268
5026 550
4989 192
6065 86
8325 77
779 630
4936 465
7033 140
2937 241
7684 643
5529 386
5513 298
5066 178
7998 53
611 524
60 40
647 160
7671 17
3276 290
7728 319
4660 437
4386 310
3705 578
1553 91
4016 65
4624 321
5358 278
7112 217
1541 131
1879 405
4955 364
6152 359
3178 25
4310 272
4416 277
6432 244
4335 558
1504 157
8029 207
4250 243
4198 633
6749 478
6119 125
550 399
7699 327
4890 158
6805 524
7853 157
7285 261
4953 404
6631 580
933 6
3698 424
5293 495
5053 120
4179 49
5221 549
5706 193
4828 347
2204 96
3637 579
7286 19
4027 446
7854 561
1877 168
1467 454
3700 109
2882 72
3356 83
7756 187
5146 648
545 49
4406 195
2164 43
5797 51
6032 166
6588 305
1505 323
3160 409
7373 316
6112 164
7700 2
5176 469
2092 72
5707 149
5438 554
606 273
1907 382
900 444
5554 104
6850 294
4682 343
2133 112
5884 590
3362 207
3193 98
7662 458
6330 626
4786 362
850 255
2807 141
1950 303
7123 359
1070 333
4265 163
5641 637
2879 109
3252 504
6317 203
1100 394
1241 594
2412 495
1717 404
4913 242
5917 426
6455 393
6561 567
491 43
1091 52
2553 158
5679 295
3382 464
2286 28
2339 234
2581 284
585 14
6223 180
3178 282
4651 399
8125 48
1536 637
2576 448
5978 190
3785 343
1546 166
3825 534
3363 69
8181 307
3696 404
2048 48
3245 583
5463 260
2685 427
1751 226
564 437
6022 19
1996 540
7611 113
3245 368
7248 500
2500 51
1588 48
5788 559
7428 150
5371 424
8082 348
7766 515
3280 183
2119 553
4688 612
4890 400
3423 35
5246 397
1097 216
4769 304
3954 203
6555 505
363 406
4017 293
7994 383
1373 609
5286 410
4518 222
4500 218
6596 566
866 478
4093 371
3977 343
5543 20
4611 497
154 488
8328 72
6411 234
4449 534
3721 410
4941 630
7605 573
4428 563
7872 380
4793 326
272 379
6563 592
7340 313
3250 57
6485 329
4513 375
4709 389
4922 158
5291 42
4321 517
7970 591
7136 210
660 111
1733 602
1113 635
7168 29
2211 346
5403 567
1853 286
5098 399
5013 384
3595 50
3304 502
6603 74
6318 585
4565 53
5705 505
3349 113
7243 558
6522 540
775 499
7636 307
4532 249
3348 75
6556 374
1035 43
3120 509
5495 605
1528 62
2245 158
6762 221
1202 263
5533 648
1325 8
639 486
3614 302
7785 634
6787 298
3662 335
5486 417
3948 236
6500 189
8071 181
824 197
5413 509
4787 207
5968 354
6969 519
6916 254
305 216
453 95
2193 420
4846 341
1763 534
2676 56
5610 175
5974 395
2302 125
2581 236
6774 13
4118 623
6876 546
995 3
1104 621
5675 497
3331 159
6468 242
6697 449
4605 401
5407 258
20 306
7241 458
990 511
6281 289
387 395
240 5
2236 47
8285 251
7334 310
557 288
1763 160
7564 281
1061 185
3859 317
4219 222
3161 227
689 18
2324 316
3010 596
8285 511
4771 100
7244 621
2774 272
5386 120
1202 406
6289 113
2256 243
3363 150
876 282
5870 522
6036 443
7768 586
3318 310
6119 169
6322 135
3485 301
3046 325
4575 327
7974 181
632 602
4225 528
5455 229
2422 256
4824 409
6443 518
6852 368
920 589
5380 167
3541 574
5703 628
1489 315
5069 510
1353 271
6362 8
3975 443
4080 226
7271 215
5299 485
5234 498
94 400
1646 337
4242 386
4670 140
6377 29
7977 64
3412 178
2542 556
6798 433
2540 164
1113 51
4621 134
4673 578
7923 229
3877 47
6247 205
516 204
1644 531
8224 233
5954 64
3382 593
6075 307
2955 514
5463 193
4416 448
2122 453
6770 198
304 460
3487 245
1454 290
7528 538
6360 161
7553 374
2656 290
5400 469
6958 183
2272 230
7581 600
3696 64
667 305
7685 103
3369 179
2778 561
3214 494
4711 599
3910 186
7154 308
5191 452
972 112
7164 417
3694 440
549 446
2568 71
692 607
8264 385
4173 466
4365 371
5165 344
2368 152
1213 2
3886 181
4739 464
7206 427
6667 167
4962 142
3459 119
7712 544
7631 478
2918 412
244 111
5685 625
1067 41
7644 596
5966 168
7557 533
2648 416
5314 173
924 134
6701 178
8180 342
5955 302
1293 289
5939 300
7004 586
6384 580
4093 541
4647 429
1397 2
33 96
1358 505
7131 117
7563 14
1469 574
5845 289
3854 216
7432 159
2182 540
4483 138
5564 587
449 633
3865 579
8052 293
8180 342
3036 521
948 152
5509 216
5070 593
3318 583
3314 162
5244 600
1062 286
4093 654
6320 41
22 533
2864 34
5172 423
6503 157
1615 615
391 458
6009 316
7053 41
2173 546
6734 247
3765 596
785 451
4224 177
2221 297
5608 205
4404 234
2104 236
2631 299
1517 155
6036 142
2247 546
7772 615
5041 70
2212 651
5541 322
6708 654
238 133
4459 158
6598 434
2689 50
7059 230
7988 428
3458 332
5389 466
587 77
527 625
3351 564
1101 346
5495 163
7935 299
3462 160
1299 163
6480 351
6997 340
2345 168
4474 395
5437 439
6872 593
2503 87
5698 494
4083 483
1836 187
7039 335
7135 124
5387 96
1485 211
7534 319
5250 650
7590 582
6417 32
916 578
3034 648
5510 174
4592 189
6621 544
6869 80
3798 262
7467 333
160 572
2898 502
256 34
3897 357
5697 150
3921 52
7802 10
440 112
5424 531
1303 544
7313 655
4443 367
5536 572
2248 643
3208 327
3796 133
210 219
4983 82
72 85
8220 655
1314 513
5433 362
4676 442
3061 110
6343 336
6573 51
4179 154
3117 187
3134 163
6617 399
7529 134
3643 215
3549 569
1758 311
2201 309
5813 591
1203 214
1471 406
6395 46
1935 300
6565 160
3708 203
6503 186
4726 635
3913 304
7805 639
6034 137
4660 499
4174 525
5286 448
8150 309
4924 461
3118 591
8202 324
7489 103
4364 237
7349 430
3253 457
5120 477
5720 539
7976 398
6927 638
4456 266
738 631
370 521
4021 99
4034 346
4066 284
4969 342
5545 210
7524 600
3861 380
5611 258
7841 226
7274 386
6924 502
2036 545
3289 524
2746 175
7249 75
6786 70
5310 405
6298 240
6738 584
4455 488
2631 3
7905 101
4604 187
4558 22
1711 625
6876 459
8219 63
2922 54
2157 246
2454 94
1593 96
1376 415
6213 84
6821 443
4649 53
7270 223
7304 404
6071 52
2290 51
1143 40
2407 349
5961 331
6938 390
2090 272
3937 358
2607 26
3908 614
474 599
4947 336
674 110
3083 90
4682 234
742 258
3481 37
5883 642
7097 488
2093 409
3264 330
3971 484
641 471
3327 21
7942 459
4039 482
3785 366
5646 335
6729 222
682 124
3923 151
5755 460
4218 477
2945 244
1300 405
2396 645
691 4
530 123
686 193
3376 247
3376 376
2290 146
1780 628
1819 28
3165 349
969 159
6203 94
170 570
4758 531
3802 354
713 572
1214 122
170 567
8282 452
6090 256
4455 132
469 589
6800 71
5921 37
7693 69
1759 605
7260 115
7351 191
2170 487
8269 351
8244 385
4518 459
8182 250
5460 605
2339 387
1771 28
5869 359
2315 395
753 311
5166 415
5563 357
2790 42
4895 460
6556 379
135 5
6766 569
173 105
222 226
3848 648
5608 303
1136 96
641 171
4123 484
3632 184
6423 401
5179 403
7806 312
2393 269
6752 331
3782 103
4768 321
5207 123
2227 610
1455 651
5611 307
4356 87
1842 292
7185 608
545 607
1164 34
3396 8
5207 391
6019 186
5110 547
91 248
3422 174
5199 152
80 134
7132 225
3910 201
5230 473
3395 78
4254 274
3315 96
1673 340
5950 29
2442 381
3972 160
1837 107
8205 611
5861 646
1480 173
5095 260
1343 246
1829 345
5343 476
7545 289
1403 185
673 358
3366 333
3908 374
89 376
5318 429
4961 378
7811 210
7690 458
3631 602
8329 230
3022 434
1657 291
8334 551
2866 400
2561 43
5878 406
1041 268
145 354
107 309
7843 175
17 244
957 234
6646 103
1985 578
150 135
4918 419
7090 626
5792 34
4442 493
3033 391
6505 366
315 328
2257 562
3787 334
3203 140
2614 425
3198 593
5864 640
3235 233
5110 336
7510 494
3685 305
5666 593
4128 258
1686 500
779 511
8172 357
1453 593
2906 238
2602 88
7040 355
4306 190
7703 115
1109 615
6677 320
5816 654
6036 327
8315 596
9 85
6164 357
4379 385
482 631
2431 164
414 307
2131 473
3566 243
1334 16
4590 459
7388 396
5593 118
7486 195
2876 249
3760 72
7798 505
1753 230
281 306
2766 112
5694 412
2131 103
6046 192
2414 7
7698 652
199 114
1410 539
5561 50
7945 287
5710 538
1548 312
5819 365
3731 491
40 646
5413 166
7842 240
8247 22
2332 504
4247 573
8106 83
6321 556
2220 284
6528 11
7215 171
134 101
441 576
1469 591
6124 186
821 166
3878 280
3128 137
1894 549
6735 94
4226 124
5772 232
1701 281
6355 203
1243 293
4343 461
3607 188
5494 536
2409 335
339 31
902 159
866 628
6017 574
4125 40
3947 405
6665 285
7915 191
2448 635
6011 274
4014 561
3025 642
2786 381
1330 560
4944 16
2229 524
5130 207
4272 364
92 130
5532 345
1144 563
528 641
2760 376
2497 248
7374 269
2035 62
3460 537
2875 641
6117 635
7619 19
2210 407
7929 97
4430 232
2281 327
1103 539
482 370
4795 516
7218 568
2100 365
490 588
3698 519
3445 136
1591 128
594 522
3837 472
7557 486
8076 31
6821 338
3203 284
3544 131
444 159
3140 245
4724 559
4415 95
6103 32
6950 122
8144 59
1921 520
7631 125
4132 489
4257 184
2146 41
839 178
5725 480
5403 113
4638 456
7658 110
2103 342
6588 255
5717 82
5789 194
1806 120
4054 603
3275 284
2361 490
1071 334
454 288
1026 56
3096 411
1143 488
7021 645
4751 192
6099 93
764 493
1126 363
2252 535
4078 554
7046 186
4641 463
6688 329
1672 459
8226 404
5635 181
4505 378
1830 248
4370 397
1312 623
2818 593
4948 168
7280 168
7254 343
5731 339
3006 130
7528 4
3444 260
7888 123
1440 407
5 231
5489 250
2395 187
7353 167
2370 322
7749 275
7974 525
2569 535
3319 345
1281 36
6338 320
4284 93
5508 284
7768 38
6268 329
2350 580
7345 203
4804 80
7213 59
2384 157
6042 101
4977 133
3154 414
2070 329
2205 466
5488 30
6927 274
4599 314
6620 433
7981 388
529 356
5405 273
813 256
4817 641
6314 306
5072 205
4019 147
3105 224
1189 329
5008 71
7124 352
2645 393
7390 97
6288 569
1405 635
2693 205
4460 603
3141 585
924 283
2577 251
1014 535
3842 19
4351 276
6764 647
2517 512
8224 213
1911 558
2639 606
3508 213
6802 237
6618 77
24 610
1374 167
4963 310
5402 625
1963 568
7870 466
7072 525
7320 458
524 78
1828 295
3244 65
6434 107
5107 13
5756 352
5563 53
4054 186
1176 622
2925 621
6387 445
5266 622
4006 270
927 144
5854 370
7676 291
5046 581
3478 632
4628 556
6876 528
4708 417
2085 126
881 549
7738 16
2096 326
7039 78
3917 326
2170 25
2204 274
8171 321
5256 53
538 152
5036 405
3760 4
7304 544
1291 249
6142 569
7637 151
5704 144
3577 448
7463 115
5128 516
5495 514
6462 611
7007 298
3309 528
690 499
8129 466
1644 147
4338 48
2442 601
6166 641
288 492
4796 24
1901 136
6521 595
7402 363
4667 434
3841 124
7935 377
5453 57
927 244
1795 29
7581 612
5886 640
1299 192
7498 430
6963 547
1962 337
6407 476
5906 589
1456 200
1489 491
3000 621
1446 459
1963 215
7893 29
3299 233
2449 609
1328 630
4418 390
8021 438
4607 547
5747 53
1171 568
3086 10
2245 169
1011 6
6918 46
6724 290
5163 570
4616 505
785 233
3152 325
3063 460
6483 433
5944 572
6230 309
757 221
117 358
985 184
645 274
6389 397
6491 65
8254 583
649 338
635 444
5957 293
6698 213
161 435
5427 258
4915 612
5970 167
2328 645
4290 361
4873 537
2328 142
6442 560
223 325
1998 151
3612 42
8060 495
2981 588
2504 164
7869 232
4502 455
4599 89
6113 140
6628 195
1069 102
152 94
3134 216
5840 606
6301 53
4588 144
7789 623
1837 171
2390 24
3547 440
411 269
4312 495
7657 54
2516 438
1852 165
3261 158
8224 452
7405 150
2440 230
570 103
6222 320
7794 203
5527 627
7604 17
777 41
2502 442
4032 8
7828 180
6936 392
2532 565
5564 582
5372 154
6637 372
4248 200
1598 385
5209 109
1122 448
2061 523
876 87
1836 217
7388 435
5165 199
2922 257
1337 180
7591 132
187 207
377 96
3361 201
5191 607
7280 460
4602 98
5598 581
2595 358
3488 443
4973 580
7374 249
4841 433
7243 573
5707 57
8054 114
5752 61
5700 269
3015 570
2221 247
3623 567
3430 583
3790 642
4811 515
417 188
2169 105
8031 353
1366 527
6512 381
4620 607
2934 270
6240 134
3672 346
3940 206
5120 592
2148 544
3202 83
563 125
1450 541
1570 303
5586 376
6688 527
5270 16
1468 372
8310 612
6137 655
1171 645
3582 257
3327 155
2900 28
3367 586
1710 590
5579 265
4478 613
458 301
5629 462
1998 502
4268 374
8319 150
4544 214
2750 133
1778 567
6000 249
2189 314
6230 374
3574 155
7683 425
7052 334
1351 320
3923 592
4103 453
622 140
4903 648
7482 183
7915 402
5217 652
4499 550
4428 330
3656 223
7919 38
5158 366
7486 560
1991 108
8194 605
2467 551
5601 544
5123 618
181 448
470 413
5557 647
1147 345
6861 295
7494 119
6200 265
1738 504
3473 254
2491 82
7711 57
4740 210
8316 422
4185 34
7543 271
780 28
8255 629
5018 296
5128 203
6260 129
3546 581
680 144
5604 608
4361 344
333 522
5781 543
1551 165
2700 307
6600 375
7735 392
6685 613
1037 108
2741 486
8076 333
7251 402
2492 35
6503 156
5938 290
2647 503
7774 93
3234 233
1940 50
4122 35
1563 209
144 77
998 258
3800 503
5915 186
512 132
1496 471
7301 280
3202 126
5712 463
8335 628
6066 629
7430 260
7931 419
4689 628
6030 195
5438 526
7726 566
4798 270
3639 607
3515 362
4257 367
2018 7
7121 628
992 379
2924 459
2144 636
4542 59
2061 567
1793 275
6989 617
1524 378
5369 33
2694 15
7808 375
6206 41
7383 428
5981 611
5032 423
1003 205
5818 592
1618 401
8110 133
5132 247
4037 55
2561 388
6253 239
5551 76
2205 551
4057 130
3075 610
1504 628
4907 531
1505 505
8165 18
7125 385
711 516
3036 292
6740 500
7545 111
7455 366
3180 535
6695 426
6894 636
3430 360
7745 483
2299 219
424 84
4889 14
5850 517
4081 375
1100 124
8131 490
3873 14
3676 74
5592 249
5146 362
2494 167
5474 315
2446 174
6459 193
1458 291
6584 491
7761 93
5840 40
3211 233
2369 69
7999 85
5211 308
1902 548
3359 228
1037 465
6162 360
714 240
2342 604
3711 329
4791 231
2554 88
6869 178
1712 419
3925 582
8046 471
2640 355
4049 585
5980 429
5775 193
3813 625
6707 330
4640 351
7763 237
2504 167
1869 348
3703 492
1744 537
7689 573
4524 612
3988 84
5206 284
1152 453
7653 355
5090 454
6230 613
7403 95
4117 297
7385 510
3808 438
5639 321
8017 368
274 121
8031 153
116 336
5813 560
4334 344
4921 283
6564 211
8107 309
6438 343
624 229
823 559
3538 304
7035 601
2851 586
5167 454
3730 462
4085 328
5037 354
2516 8
2000 85
4199 513
2448 429
7989 391
1909 262
3575 79
8044 625
3368 146
350 169
5979 464
1758 622
725 220
6965 20
1886 649
3789 403
236 298
6043 248
4944 177
6100 252
504 401
1531 489
1493 642
3182 463
4633 12
7199 90
2370 327
7884 554
8009 162
4809 128
4052 390
4497 502
7866 194
6822 378
3494 168
7688 423
6748 3
3266 636
1439 487
1542 115
4655 634
5188 422
1009 204
8095 380
603 497
3664 218
3115 314
6512 54
4491 381
1430 167
2300 387
4078 479
5153 42
2175 145
3687 82
1541 4
747 80
1769 319
1350 145
7262 646
3599 51
2669 134
3629 223
8260 568
4275 586
3508 316
5079 548
2777 579
8113 239
6572 383
21 241
7879 437
1126 340
5727 20
8134 494
3895 454
5586 308
8190 327
7204 560
6070 276
8293 379
7789 489
8297 427
2285 379
7141 280
6931 643
7281 211
3600 61
2563 553
4125 632
409 284
4360 75
5260 163
7093 135
6686 608
3139 73
2063 584
4421 345
7532 281
6084 273
4522 399
7348 15
5792 547
7495 333
5347 55
364 530
7306 345
4527 557
7523 384
3166 364
586 278
3632 610
458 320
4202 629
4250 104
4553 535
3977 435
5782 253
1779 30
6911 206
7770 104
7855 260
4802 123
6550 106
1744 230
2833 107
2897 385
8358 471
1791 68
8023 169
1433 240
3331 191
4780 434
6174 24
2515 493
2448 428
1740 354
8109 480
4167 109
1807 77
4960 357
6761 444
2651 610
2567 475
2279 315
4533 349
6796 282
6201 161
5273 550
2826 549
887 24
1652 191
4788 157
3077 426
5753 425
7035 311
2670 260
4961 323
718 268
1580 180
2158 478
2549 227
4306 398
1781 53
3286 176
1177 316
6578 48
7192 229
6483 161
2035 509
1107 537
1164 300
7703 247
5235 218
4327 127
5374 459
633 397
6689 477
1676 106
6879 126
5302 52
5226 155
7953 351
7018 35
6588 370
583 269
3698 618
5196 144
1207 295
1444 44
8192 230
374 193
5809 289
3505 491
1304 186
1866 607
7942 248
4476 322
8139 369
4704 136
1143 307
4690 471
7627 136
4608 438
4453 122
7896 159
4521 195
5384 186
1970 382
2163 370
2982 256
539 16
5627 470
3934 317
7138 508
7768 157
2946 652
3822 384
1489 557
3493 510
8276 635
4367 391
2541 129
6445 590
8201 527
4488 438
5646 477
5717 551
2108 104
7454 267
7287 148
244 72
3278 616
5217 77
6086 584
5957 92
8344 74
1201 28
6538 128
6485 181
2085 141
7483 631
780 281
6777 81
6563 532
4406 71
6525 510
1806 569
2407 584
1465 628
321 548
811 182
90 553
1996 505
4935 292
7448 219
7291 248
4699 203
6049 118
7392 542
1438 608
3470 12
8151 412
1915 254
5314 506
4784 501
3732 298
388 26
3479 215
6899 185
3085 103
3999 577
1484 397
1212 592
960 461
6538 231
373 407
6638 435
240 457
5542 395
2540 537
6879 363
6459 621
5233 574
65 351
7503 373
2116 179
215 495
6978 30
7307 559
346 387
7548 91
5444 147
8240 424
7470 408
6834 111
5270 491
213 269
2575 386
4820 581
3142 263
5964 574
3258 234
6616 165
3830 600
5349 35
4940 405
2146 617
4865 356
5248 262
7731 618
5002 227
3470 405
3035 66
5415 646
425 494
7810 128
3751 10
7215 596
3154 519
5981 486
1906 316
5579 217
2899 27
1245 358
1792 11
2506 521
6829 586
6680 619
4865 528
4723 211
7861 563
5811 573
4748 104
772 246
4704 417
5602 627
6634 496
3575 63
2338 389
3 10
6055 405
1127 307
4084 581
7190 186
432 276
7948 195
7426 646
6154 43
3878 511
5657 189
302 36
3495 480
495 225
4864 390
3964 445
3309 653
2974 467
2877 496
4069 85
2285 158
1318 237
5038 451
4115 298
3881 510
2896 580
2323 91
6542 22
5544 527
4201 361
2742 192
7264 96
7039 126
5872 581
3493 621
5196 152
2816 160
3385 474
3178 400
8159 540
2252 3
638 588
2909 637
2931 158
2928 254
7005 28
1771 403
4961 249
2220 188
562 373
942 175
3816 197
8 466
7841 175
1220 379
885 355
1688 358
3479 495
6939 58
4709 144
5011 67
6933 399
4232 467
5365 118
1539 600
1449 390
6782 151
174 252
5417 566
4411 623
6143 350
5878 379
5737 119
1385 252
5036 350
5551 574
4409 294
4837 67
7072 148
417 117
3317 457
3453 177
3724 250
7337 178
2777 422
486 381
3420 272
4763 61
3473 434
5900 412
1464 200
7702 56
3915 502
4994 433
1717 143
2134 304
6533 395
6484 527
4407 385
3135 277
193 63
6907 137
462 566
4921 250
1786 598
7071 47
3914 242
6879 42
6533 280
3809 200
1257 138
2865 500
2477 104
6638 106
7058 161
3118 33
2677 246
5224 616
403 552
563 634
2295 247
2110 66
7585 598
105 560
5274 157
5383 115
4048 638
5539 107
581 505
4920 202
788 419
3752 9
2159 270
7058 14
2301 49
8277 144
4301 396
5304 221
1540 576
6235 209
1083 33
2678 15
7146 460
152 326
8114 443
166 585
970 242
8151 282
6914 247
1032 76
169 11
3847 5
1079 470
2174 583
7858 168
5638 627
8010 356
4719 221
3966 427
2236 478
119 608
2181 416
1476 289
588 311
2854 445
5923 402
4034 361
1036 91
6154 271
118 227
3042 191
5175 494
1005 376
3825 353
1301 266
618 119
7729 444
6707 147
4819 89
7864 137
5267 188
3771 45
1328 285
5699 137
1546 653
905 487
2214 299
4124 351
7644 451
3450 461
7586 141
7416 292
5117 44
111 2
2466 447
7355 303
8201 608
3044 427
2905 557
7898 366
1055 190
6310 101
5118 580
4753 162
2909 357
4614 263
4148 457
1430 383
3825 497
7644 409
4138 449
1776 563
4424 12
4122 601
6759 402
703 390
3040 525
718 451
6165 124
6789 529
3422 4
4078 70
7145 543
5147 3
7695 419
7582 614
8329 265
918 299
7343 90
2220 271
3043 360
6368 329
6285 130
5560 602
7883 322
5325 542
9 300
4294 90
4265 601
360 189
3879 639
5731 329
4290 447
5961 476
2664 136
6884 114
8274 144
7575 100
7426 337
6505 531
6390 455
1119 28
6188 628
3189 165
861 436
4998 118
3179 365
6295 500
6189 424
8221 283
1323 221
3382 620
4346 463
4560 3
7208 208
7263 355
8049 434
3108 641
5885 392
6136 232
6271 141
6484 112
91 538
715 534
5353 226
6424 200
4277 194
4073 567
6 437
6196 230
6893 480
1380 591
6989 533
4475 163
8035 91
2487 564
5681 79
1532 6
546 139
95 342
2397 102
6570 623
8066 384
6746 369
6195 60
7089 189
1006 590
8095 350
5197 584
7062 340
4187 343
6113 432
6333 361
7896 231
5113 512
3636 459
2810 397
5336 414
7143 213
8217 543
3150 270
2483 164
2370 203
3203 322
6654 647
3269 488
5327 68
7646 563
1681 610
1250 494
4803 358
1334 266
2054 4
4373 480
3449 298
6081 635
7653 610
6465 352
1472 396
6548 397
379 162
978 390
681 268
7217 462
1020 654
8118 485
5692 418
1688 392
7792 240
4522 194
1292 291
4128 189
4732 267
4696 126
5821 58
6484 143
6459 646
6787 262
7546 584
5119 159
52 215
2970 48
8056 469
3672 446
4526 8
2139 579
7948 370
5654 452
1273 560
570 118
3323 445
3327 586
3744 626
4343 574
6701 71
4829 643
2613 476
6663 462
4808 393
565 391
7895 84
4012 416
347 223
3910 583
3700 620
2467 236
1931 566
7044 483
3946 381
572 601
4660 421
4225 46
2297 85
2644 302
3889 224
4936 428
5478 345
6498 255
2282 473
1064 271
5763 99
7434 121
4507 84
1941 462
4560 644
5998 366
6893 195
1923 64
5432 28
6779 36
7718 210
854 520
5457 375
3523 547
4105 138
5294 637
2610 374
4809 51
6333 410
2701 535
7503 565
8153 273
4840 633
98 558
5021 390
4133 424
6926 296
7937 507
7672 244
1004 206
7377 447
8116 257
6230 337
1892 141
2791 8
7695 189
4665 164
7481 612
7256 616
2167 305
3812 474
7073 132
5514 333
2947 277
481 485
6259 423
8149 575
1326 637
3843 50
5821 83
6581 261
3755 87
5492 109
8017 533
7971 17
4443 126
8062 603
2523 143
7449 515
8079 123
3074 496
5977 99
2858 267
4305 185
6921 373
7609 574
7202 603
1721 564
132 19
8344 258
5949 151
6388 30
6546 371
3833 533
7124 42
5449 644
606 648
366 330
1820 41
1101 426
2188 402
2983 203
5882 300
4607 445
3345 434
2878 494
6017 391
1200 190
2384 90
7714 69
4666 410
6302 146
5040 622
1755 412
6357 122
3111 433
3671 418
1357 577
1652 119
5763 102
2611 610
8350 418
2365 184
1204 569
3118 480
4224 470
1859 425
5239 423
504 602
16 555
1176 181
2103 566
4522 473
6072 270
7309 639
4671 326
7307 110
7805 524
4510 93
1738 210
4428 9
7418 521
2731 586
5562 397
7436 143
2481 271
6360 169
4101 261
4228 411
1537 207
1590 565
7669 88
6341 332
4058 514
6348 91
327 83
6218 148
4173 13
1807 210
5625 312
1397 56
7415 209
6434 214
6582 389
8087 545
3131 154
1461 5
4682 179
3061 285
7185 221
4492 324
1675 147
6630 371
5422 264
1889 553
1009 20
2647 275
1076 651
5351 389
7021 126
6590 194
7157 297
1585 147
6547 223
4519 487
1548 580
7593 563
641 292
7175 85
3220 273
5935 528
4777 652
49 188
2168 522
380 343
2740 91
8246 51
4123 209
3630 138
2888 386
92 421
7736 63
1149 137
3215 250
6481 148
5317 523
5853 361
5507 332
877 616
8196 90
880 299
5790 271
8346 531
1100 146
5337 150
2677 514
8232 474
8001 274
786 560
310 435
3713 34
3730 146
4538 12
2826 90
5471 136
5347 66
4496 287
286 148
7456 378
2252 20
1708 196
1993 182
1778 506
7104 476
5271 111
5533 634
2728 99
2783 351
7268 550
3781 106
1603 475
6115 463
208 219
2162 211
3849 79
4575 324
2139 555
7081 301
6409 476
5631 363
4114 266
2388 262
7870 116
3174 75
7678 650
6645 473
1289 118
3553 200
1595 3
2873 145
2978 273
4395 495
7485 407
3476 360
2775 593
5075 204
4243 32
3799 125
4924 127
2334 310
1027 337
6835 425
6726 135
6178 11
6620 249
6106 37
7782 398
6103 410
6437 419
3519 353
5700 12
4210 116
2140 48
5387 262
3417 288
2558 541
5877 583
2688 207
4978 237
6393 512
3867 547
5441 123
2858 325
1754 325
480 108
671 270
3504 4
2486 282
7190 229
3669 512
6409 314
5836 4
341 134
7141 457
3257 163
6949 624
7927 221
4194 640
1627 550
3414 601
1278 487
6056 553
7865 96
4300 109
6354 74
2709 593
3298 145
2474 18
2803 322
3119 268
4660 278
6882 411
5043 498
317 450
559 126
149 367
2046 142
6952 387
4923 634
4996 482
5461 505
6860 264
3896 521
4061 449
7808 579
6909 49
4977 78
8148 570
1324 420
7282 465
1081 169
4730 346
554 254
44 186
61 325
1256 271
622 471
1978 250
3976 41
5561 587
2298 357
4543 428
6052 72
2325 171
8351 517
3503 548
1183 167
1660 389
1174 334
1684 615
6067 419
5208 596
5617 515
2881 572
6680 427
4485 134
242 435
2662 90
1456 279
3809 546
4029 602
5982 185
1149 169
2579 590
6225 251
367 601
7916 482
1013 565
4609 238
2306 72
380 636
1913 625
568 28
7143 146
6910 74
603 58
1031 263
3512 484
6314 361
1450 219
4515 392
5794 561
518 183
2164 526
3047 18
1843 310
5769 174
7903 508
6999 438
4575 332
2156 509
3334 137
522 198
6007 648
494 449
6790 11
8062 605
8136 328
4338 325
6080 549
2590 388
2661 261
3495 239
248 46
2538 333
3005 290
8102 480
6645 78
680 470
508 136
1355 512
3674 74
8243 436
7712 250
2283 137
2529 652
4745 145
4161 304
2331 207
7640 440
2759 563
1308 505
1837 507
3863 549
143 504
8242 141
4781 282
1161 343
5582 581
938 26
2351 537
1822 644
4433 54
3040 265
1380 90
6456 435
6575 76
4389 17
3589 413
2202 295
6287 50
7586 26
522 360
4932 631
1648 644
3907 218
7049 464
7527 243
4316 313
6235 405
5156 435
7083 179
6362 327
2989 413
4602 104
4055 398
6252 24
7304 46
6291 511
5277 331
2653 301
4227 373
3071 138
174 7
1652 535
535 399
6852 615
7835 395
6037 618
4264 569
2215 482
907 515
1306 113
115 415
2361 202
2659 396
1678 525
4078 184
2346 405
1907 211
4607 7
4593 591
2551 355
6763 85
3694 273
6483 186
1597 496
4260 484
6796 306
2979 4
3905 5
7631 335
6931 146
2428 22
1260 477
5166 373
2677 57
5042 11
3489 38
8321 538
2347 406
1275 482
6374 481
180 231
7667 641
4401 604
1775 276
782 540
6432 70
2552 456
7615 480
3226 378
5091 612
1917 633
1800 4
555 542
2736 616
2318 247
6503 498
7502 309
109 170
3297 490
8283 11
3452 361
4882 370
4215 397
1815 492
6496 573
3494 361
341 177
5636 103
3122 247
1693 355
1704 223
3857 233
4470 579
6967 454
6326 442
1985 369
7965 571
3207 361
5967 379
6179 82
7274 69
1376 336
3262 250
4045 429
3729 144
1400 327
484 388
2809 401
3940 514
5827 653
7064 143
4395 184
6399 28
5025 14
6434 112
1362 362
2686 44
2096 243
4409 16
8228 39
4813 647
6903 426
5539 422
4991 294
5914 271
2609 235
3986 301
4116 231
3318 570
6849 34
7498 501
2017 6
6949 510
3316 130
2281 587
3445 542
8116 240
8098 85
3221 65
6019 228
3596 325
884 335
7242 397
6956 152
1555 58
304 321
1027 592
43 129
875 378
402 487
7362 128
5898 81
6081 369
8001 98
7466 423
759 291
2513 207
1853 230
4258 500
4399 15
600 338
6172 65
3201 371
7199 130
712 633
5391 434
4719 28
6116 474
6262 139
7004 85
7824 138
6749 299
1551 523
8114 56
1921 252
4475 242
2330 78
5280 638
5834 269
2466 138
6807 525
5351 510
3963 235
1063 287
8050 109
460 106
1725 126
5890 201
6910 546
1545 506
6344 626
3378 261
2564 355
6757 409
6162 189
1802 344
5560 213
7681 574
5671 188
3786 566
4557 150
7522 204
746 31
6801 607
3071 528
8263 190
3867 281
2358 531
5660 524
2267 360
7436 380
3869 195
7633 491
5106 115
3347 72
3441 399
6352 490
6348 34
694 64
6405 194
448 157
3191 370
3971 655
8335 116
495 86
5586 248
8120 431
6145 11
6693 70
3101 52
2573 518
7377 500
2697 113
6341 456
448 562
4422 226
3289 260
4642 464
1299 269
4738 590
4913 436
3773 535
1829 103
5067 81
3046 344
3825 254
7351 57
2548 498
1587 262
2268 451
7808 345
3472 600
3189 51
749 111
6946 77
5331 603
4724 604
882 571
2169 584
174 476
310 207
1614 127
1251 406
1100 283
3460 533
4172 634
2450 570
3730 145
1944 195
4151 608
51 630
993 267
7854 487
4950 224
6858 398
8098 326
3099 181
5214 442
4304 604
2061 97
4745 78
7139 175
7359 377
3141 150
2852 365
2395 152
1611 347
280 263
3947 461
5356 548
6625 355
1481 111
5966 64
5885 75
3713 655
4548 348
7200 135
1555 450
4669 608
2398 128
4645 326
6367 608
6457 315
5895 521
3490 388
1914 483
5888 436
2 606
4419 498
1177 10
1357 38
7395 252
7671 59
697 70
6997 17
7281 334
1857 173
5990 154
7613 532
7497 181
3592 634
8138 461
2155 370
6673 97
5681 494
6420 492
2196 257
1248 420
1501 549
2586 181
7957 345
8269 198
6262 519
3315 484
2749 245
6339 504
1130 519
1297 260
4390 254
4176 605
6680 386
1672 282
2414 359
3149 551
3245 26
4546 593
6815 616
3226 253
2783 17
1479 255
4487 269
257 73
3206 198
6592 387
6324 254
3100 20
6496 337
830 552
6142 98
3732 490
4060 587
7018 105
6248 321
2141 245
4359 427
6912 528
1223 604
2269 362
442 531
96 235
4902 505
3467 482
856 359
5135 471
262 417
7163 423
6849 433
