5000
2916 1781
2187 3339
504 244
1844 348
2031 1566
1607 2067
2176 1569
4339 1990
2616 1284
3787 3410
1407 2550
859 2801
2554 1549
1647 4062
3243 3498
2339 3590
3903 3980
3395 1253
4337 211
3559 5182
1973 3310
2536 2907
390 2155
4284 1208
3780 2203
2654 3655
4924 2680
675 1217
1782 687
1406 1741
3475 3795
4690 3199
1431 400
4907 254
1875 601
326 2436
2860 3858
1432 1018
4171 511
662 3974
833 2301
1522 2627
3391 1371
4484 4837
3780 2686
107 3645
4312 4802
2174 4390
1456 4849
1402 2313
2962 2779
3645 3865
3786 3211
4119 4759
4126 1164
4124 3358
4438 3907
4884 1627
1238 568
1586 878
2041 431
4931 635
4897 4516
171 93
1516 1754
4912 1167
4001 2740
1345 4075
1395 3137
956 2625
3036 1627
3168 2883
2847 4165
879 3324
3110 550
163 887
4044 3812
4450 1712
1176 2511
1214 1928
2311 5044
2759 3180
3385 5012
3787 1652
3188 3078
4383 3466
3241 4896
778 4070
3863 406
978 4725
2257 2096
4883 1778
2426 3750
3214 5069
4215 5010
1958 785
3594 995
1144 3878
3929 3727
3191 4291
74 700
3465 4596
3540 4067
1015 3234
2537 965
96 485
3001 3343
4369 1102
330 4307
1806 4804
1941 993
516 2755
1291 2488
2341 2912
2687 792
421 3348
4539 3689
195 426
1530 1827
442 3777
4348 835
851 299
1014 2918
3727 1827
2918 1634
4411 4559
3496 3807
4700 4179
2845 2828
3141 975
3516 2714
860 1710
3550 3592
3634 1161
2407 1589
1178 3701
1537 4689
4498 2104
435 152
675 2546
3050 2887
2488 4602
2939 5202
842 4378
3508 143
2502 862
4629 4786
4924 467
3647 3917
831 85
3764 1999
1852 4198
4169 5153
3055 4243
3171 1364
2234 629
2874 2587
4008 982
2945 5021
4415 2193
4556 2830
629 3213
2622 235
2736 2096
4605 2016
2279 144
1435 4920
4107 2626
1031 588
4194 81
3090 2308
2401 2522
860 1587
4335 94
3911 3457
63 1900
150 3578
4843 3975
4012 2650
3939 3918
1845 1392
3211 182
2120 3151
552 621
3269 513
4214 3241
4024 4661
3978 3939
4311 4360
166 2121
3692 1999
163 120
651 2789
405 498
652 4752
2995 3136
2308 4919
1375 1967
206 1218
4758 1980
3077 713
3490 3641
468 129
2957 299
3987 787
489 5176
4567 2649
1908 3417
2895 1352
2232 128
1295 4245
3065 2946
2954 2006
1999 4601
2697 824
2883 1726
563 3484
3671 2801
4397 2347
1741 1237
1891 153
1478 3660
2882 4422
2298 5019
2469 2670
2922 4030
3546 3708
1901 246
1970 4618
654 2620
1848 1968
3490 2662
4271 1166
1664 2476
1315 665
2649 2170
3422 958
4926 4493
345 2367
293 153
2914 4421
4427 731
3022 982
2934 812
3013 3499
1838 1235
1485 1922
2024 3659
2993 168
1397 3851
27 1589
2207 3697
2180 1168
3802 1704
3247 617
2398 4928
1545 1357
2050 2689
2789 3973
992 4147
4197 175
3366 1926
1611 3046
4650 4823
4872 264
4199 3884
3583 4488
1595 322
4288 86
3937 2244
852 1469
1574 3074
831 3753
3464 2195
1647 1514
3225 1224
1370 4772
3073 4144
435 129
4485 1195
4532 3500
3988 5170
3951 1888
4384 3477
1884 2806
26 3993
379 2777
1977 1145
574 4203
2204 3028
242 4566
4823 4856
2314 3310
1993 4388
1356 3703
81 3678
1910 2892
396 4011
3264 777
1331 4452
1090 16
3050 4699
4944 587
1858 1609
4525 15
827 2905
3856 5136
1259 153
1352 48
3331 4327
4510 407
3401 648
3214 4508
267 2817
2206 478
2144 2576
875 2369
1670 733
1443 605
403 633
449 765
3635 3396
2381 4398
60 4983
4468 4786
3113 4479
3285 3549
2508 1946
2020 250
4423 428
673 2629
3430 4338
4477 4696
4060 4932
1780 385
4476 4903
4709 1804
3947 4338
1591 1502
1303 1432
583 5111
3014 2708
318 2656
1477 2064
3534 1538
2588 16
3704 3491
4630 483
3614 4837
4695 2844
1215 2294
1348 2884
1128 1432
2044 787
3220 2292
4939 3466
3991 599
790 5195
138 250
1963 3334
871 1935
705 2856
1517 3052
1765 1104
2127 1341
813 4863
4213 4585
4788 4257
4786 510
288 2228
711 4837
2486 378
4595 805
4007 2640
855 853
614 2217
3778 4440
236 3086
1032 4701
1819 1722
4841 2045
1030 2196
3227 2403
2389 3831
4507 4923
2575 5013
1215 5154
3185 1189
2128 1054
2084 4120
1783 3710
1619 2401
3825 1414
902 657
3923 2758
3787 641
1084 2723
3090 5188
135 393
1118 477
4052 3242
386 305
1819 2536
3468 858
3068 4317
742 222
3072 1230
1812 1983
2670 4182
3400 4305
3139 3154
2829 4279
3722 5114
489 2290
3878 2574
3586 2620
4555 2169
3876 1214
555 3832
4234 1976
2748 4047
1966 831
2364 1280
495 3348
1975 3384
1052 1271
3706 1209
2469 2762
2731 2324
4033 4164
4562 419
2024 1608
3998 5012
1120 1621
4503 1950
2964 635
2458 1334
1296 1152
86 4128
141 5157
1910 4261
528 1926
2419 312
4255 3928
104 1608
103 3732
1069 5120
452 4056
1012 544
4916 4555
20 40
2474 1842
1156 656
4379 2272
992 3258
2821 5001
2949 2089
1066 319
4612 212
2764 1286
3685 3982
2788 3675
4177 3644
2253 1327
2462 2221
1929 1767
3529 5009
4182 4052
705 759
2328 2447
1134 1068
359 828
3366 2263
4353 2047
1592 4411
586 330
3675 3934
214 4282
4050 4869
654 4394
2566 927
3746 4891
1182 4986
4748 4808
1899 85
1766 257
3387 475
4240 4914
1104 3821
2711 3331
4366 527
806 3547
339 4493
3762 2888
4938 3527
4814 2415
1396 4662
954 4074
3014 191
3328 1208
2393 421
1735 4599
4925 4426
4535 1286
1894 1759
4252 363
3997 2245
3902 1342
4139 517
41 1716
728 932
3580 3202
2854 4626
3284 1548
376 3127
1950 2799
3253 818
416 3288
2355 981
272 2407
3359 1825
3820 3054
1565 1682
239 190
3129 3831
3689 302
3114 4632
1715 2488
669 1103
3461 2077
3318 1989
1103 209
3752 3928
2325 3519
452 1855
1133 3185
751 1499
2384 3216
2327 1021
393 3828
1884 3044
133 3683
2402 4528
2766 1356
2367 1030
4630 4135
3227 4123
1903 1305
1602 408
3323 603
2473 3183
3087 1406
2854 3077
1079 1407
1741 2156
3821 4917
2963 3040
3797 1605
4696 2146
1694 5030
701 2990
1991 157
4299 911
4903 716
4131 4229
2410 4604
1097 2764
1515 3676
4914 2688
790 1360
3915 1713
3616 3751
1952 4560
4869 2490
207 1809
4329 947
1849 2418
436 2563
287 2894
789 3021
2349 684
2773 509
4732 801
2476 4735
3416 1573
215 824
4924 3491
3031 3546
1299 2971
3293 4406
3427 4189
2352 1835
1029 4720
4411 1046
3889 3174
521 3826
4435 3145
555 4840
1401 151
1005 2800
2343 3369
2752 4465
163 331
7 3224
4502 792
3291 3662
3236 1603
1728 1932
375 5106
3230 3763
2125 1508
1951 3672
4404 2525
3372 3482
3173 4664
305 2911
2942 3065
4197 4726
3986 1859
749 1766
4618 1452
2585 970
3992 4109
1574 1114
4080 905
4189 2210
1690 1361
1612 4839
809 4218
930 3233
4916 1022
3887 773
4875 4918
4829 3294
1397 2069
1785 1865
4119 3761
1724 2231
4603 3521
1671 4643
860 3043
1422 4124
1884 2748
4529 3710
1737 4520
4928 4029
3424 2498
1910 3445
3785 3022
4047 77
2900 1591
4501 1542
1735 2477
37 4085
525 813
233 479
1698 3716
4757 4920
4099 1029
4740 3934
4928 4491
3848 1616
4342 5202
549 2279
3286 2366
1629 2504
2109 681
3133 4661
1477 2342
4222 2023
1571 152
445 1164
2154 1755
514 1569
4306 1045
3629 4333
4220 4952
2098 3721
2341 4592
1492 4202
3320 248
3603 4788
4249 3810
1490 4443
729 3196
679 3440
1418 5039
1147 2260
3277 5108
4016 1396
3263 4390
238 1153
2349 2693
2050 4763
2254 3625
4767 3676
361 3409
3520 246
2382 3133
4614 861
1448 2738
1418 2847
1764 4540
533 4458
3564 668
2758 1617
3441 1214
3450 1618
1122 4456
2044 4562
1079 3955
3525 1885
649 2779
1380 4580
1091 2512
790 1243
2132 451
951 1720
3386 943
3399 4315
4778 5051
2855 949
141 372
1792 777
4617 2941
2185 831
1031 1372
938 2783
2141 1640
4261 3523
3307 3162
465 2293
4180 1462
3697 4190
2128 2023
2674 4150
4169 4625
916 438
2355 3096
3411 3505
1823 1258
2102 5081
147 2038
2799 2582
2705 1651
630 1760
4131 2092
1098 2804
4037 3637
4151 76
4245 3819
4650 192
4006 1392
2187 437
3051 5196
3024 866
238 5126
3928 2359
730 4107
3528 2074
54 2193
2346 667
3530 4652
262 4340
2336 4442
1985 3299
3323 831
4412 1571
749 3082
3807 5145
3062 2941
3321 3726
1000 1929
2562 4644
3444 4615
403 2784
2147 1086
190 3744
3912 4440
611 2577
889 5074
996 239
131 975
695 2596
1503 3831
2765 5145
2136 1779
2505 4259
2584 2427
589 2779
1003 5053
2136 627
4752 514
4568 3695
4805 2703
4912 4849
1500 4733
860 1098
155 4196
2656 1733
1847 532
2934 4395
433 2493
4472 706
1285 689
877 812
3619 1811
1479 5065
1940 1609
4811 4019
1038 620
1149 3806
3450 3938
1883 2728
1835 1883
4927 2980
407 4945
1739 2786
3710 304
2514 2398
4059 4855
247 30
1593 3735
1687 4359
4219 2788
1256 3404
3334 1553
4900 2725
3656 2172
2409 5107
2891 2994
518 3644
3485 1031
3146 4818
2949 3529
3912 4316
1222 4463
1997 3049
2691 3502
2509 4355
1811 3088
3774 3523
3689 1730
3209 4679
47 4743
711 2537
3967 1115
426 2359
2703 3582
2728 3782
3242 1789
595 1429
4066 2962
655 4294
4953 4874
4753 1251
4925 2238
1587 4924
1970 1660
2262 1236
3812 1217
104 3152
3454 3086
707 4286
1206 5174
1200 3405
4645 1390
1460 3482
1241 2687
895 2797
3741 2360
3289 3834
3003 224
4064 1958
3995 4083
256 2610
1719 1768
4169 4791
448 1566
2229 3992
3314 1385
4614 448
1121 2996
3519 4498
1472 5122
3981 3599
1525 4523
4024 4881
2748 4112
1679 5102
433 3842
960 4131
4034 5044
431 343
3169 2824
4030 645
3887 1936
1760 704
2873 782
1440 1121
1365 37
3769 3977
1539 2975
3843 988
3297 50
2024 3555
1244 28
191 552
1432 2729
3955 3800
4166 3803
3728 4213
2115 3478
2218 849
2043 1591
1299 2025
983 5068
1716 916
2661 3934
4920 2539
3189 1275
638 4952
4558 1902
1634 1201
2327 4177
3751 646
3332 2104
3350 3098
2434 4666
14 2043
1547 451
3728 202
1950 4064
3298 2033
2017 3841
635 2900
3480 3055
146 5030
3262 4109
2671 4462
1378 3209
994 3982
2734 3001
2295 4775
2897 2787
1996 2854
2421 4907
2362 1597
2885 1090
2918 276
2128 1621
522 3519
2016 3951
3259 3231
3096 4849
42 1144
4666 1355
1552 1953
3105 4673
2971 4032
3202 2405
1129 4054
4740 3626
3399 1903
3786 1446
4504 3377
1874 2837
781 339
193 5126
4679 3343
3383 2713
1828 3175
3584 4960
2708 369
3091 2242
4825 1028
1870 623
573 916
393 746
1314 3140
298 567
2720 4834
527 4969
1312 111
2292 3787
2371 4526
254 2460
1035 4851
807 4585
2773 2304
2288 4292
4850 3601
4910 227
4576 3845
1089 1182
1026 4223
1166 177
2619 1145
1716 2890
1541 2071
2055 1618
3248 1295
1738 3666
2399 3102
4398 1173
4332 824
1648 1576
2068 2844
2322 2062
367 5084
844 1477
4485 5131
2486 2239
920 1664
492 3849
4873 4364
3958 666
1793 4740
2247 4632
1742 2127
2355 603
1086 2439
3058 2759
59 3112
3454 301
1592 2871
4964 1683
4251 3445
3461 4777
4912 3838
4114 2547
2588 1171
3569 2031
4148 1552
348 4787
1029 990
4144 1242
1375 1958
3923 1319
1506 2815
2458 1666
2886 5205
2951 1317
341 1138
1936 1012
4500 1125
3570 4900
2337 2817
2291 4469
612 4072
379 1594
1653 1444
4408 1780
422 32
1604 2970
1278 2423
3677 4733
3966 3922
1419 4894
3614 3046
3581 966
2479 2669
1855 3681
3529 5135
3781 3677
2093 1479
4332 620
941 3745
2996 2413
1086 4993
874 4815
1625 3176
4183 3318
2219 5041
1308 236
3696 4648
2012 2749
4558 3239
1666 2737
2380 23
3674 1989
681 2789
2237 777
3610 2851
3459 4491
1527 4383
1876 834
4226 55
2601 2705
21 4302
100 1284
284 2387
4081 3703
1848 3651
274 864
4163 2720
2475 211
4442 4124
2197 4588
1415 4155
3683 3875
3598 2095
4151 4251
3467 406
3922 4812
286 4607
3139 1776
3522 3579
25 2315
1700 1001
3757 1818
3855 4006
2164 1434
3371 4410
3497 2544
1644 4575
1259 2899
2673 2161
735 4978
3692 1240
4450 2525
3533 381
3553 478
4226 3705
4927 646
2139 1476
3494 934
634 4432
3547 3924
3520 602
4734 463
722 4273
1485 5146
3625 3802
1691 572
2202 1890
4408 97
1776 1070
520 3748
3600 4635
1976 2656
593 2877
3090 4663
1941 4245
4278 1474
877 3402
3900 1766
1080 2739
2336 3140
1486 900
1515 2037
4246 572
436 114
436 3138
4202 1078
154 625
3814 3764
4300 4442
1834 2930
3247 648
2572 1869
3521 1831
2757 2942
280 4994
1492 2833
1975 4607
1578 2496
1967 4373
1961 4009
600 1615
1873 2727
1366 893
4735 5126
1937 3182
269 1050
4314 1559
3816 1972
696 2258
954 989
1856 1601
2832 2732
3344 2061
1913 3430
2818 3020
3791 3245
1398 388
4834 4871
3071 3783
1827 2235
4817 810
312 5162
4519 4124
2871 2967
3915 133
2985 3965
1891 4576
2359 140
2091 1767
3213 1706
1352 1951
4398 2761
4529 3325
1171 1523
4880 4329
2934 4435
1067 1658
2621 1039
3695 1829
4879 383
1663 2650
4524 1431
1989 5176
1514 1740
1774 1332
1618 2953
1821 149
942 1777
1777 1135
589 1409
2789 1160
723 2670
1924 4201
4556 5066
1362 4906
2572 4051
2147 1613
233 3102
4241 1128
3537 210
4715 79
2383 524
4671 1804
717 376
171 1807
2935 2652
4733 4400
4908 3028
3349 3548
4591 3107
3837 1394
1892 2264
3067 464
4864 503
1690 2185
2691 5076
4777 774
4842 2769
1593 3569
1148 1649
3854 5148
4324 371
1904 2891
861 916
4332 2289
4446 3290
2433 8
518 2637
3534 4900
4409 3454
3282 2973
172 2169
1137 1447
1794 1043
3320 4560
2646 3448
2574 1501
443 4000
2448 2681
307 1998
2176 61
4716 1494
4437 4503
209 5180
3483 1504
2191 3783
3970 2194
197 2919
4196 3542
4954 4671
467 3400
4802 4151
1853 2816
1516 4897
1155 1727
4338 3985
4604 226
2669 4384
2496 2240
3374 1512
573 280
333 1554
2631 686
1148 1756
3144 2490
941 885
540 3302
298 4726
255 1337
439 5026
2789 4877
3268 2316
286 4013
4291 3523
519 4710
2940 3950
1126 1017
1244 2933
1014 2705
2876 2434
3907 420
2512 5039
4415 3039
3755 4478
4340 651
4592 3570
3993 3642
4787 150
942 3663
2974 1918
2427 4993
1022 2912
3605 1443
1947 1040
4402 3748
905 1808
998 4338
1575 45
3665 2436
3969 2384
4455 274
2808 651
3565 4622
3113 327
2991 2853
2778 829
3396 1352
3566 1680
2864 1793
1668 227
4335 572
316 3170
29 1216
2583 2507
370 666
314 236
833 4778
1536 4836
3510 184
2038 2185
751 2261
4359 2565
471 4837
4875 4680
630 3776
2591 4756
68 4780
2676 673
4018 5031
683 3106
1509 5187
313 4134
1164 266
1265 3102
1589 5071
2639 2621
4054 1623
4961 318
1955 3493
3008 186
1143 2742
1326 2671
4430 1358
1894 4925
410 811
4082 2876
4211 556
4864 3839
2335 2538
760 895
3554 3038
1088 4480
1765 2437
2463 1985
4073 4785
1845 683
2121 469
667 2963
1938 993
1641 2710
4678 2828
274 3364
2312 4428
2497 301
2479 2528
2254 3945
1368 3187
4686 2769
3803 847
2011 71
4843 4739
2427 2331
4213 3727
465 49
2808 1696
933 4451
2609 2054
1202 217
1134 3970
4261 461
710 1461
168 3968
1710 3984
3513 1271
4496 3220
4752 3155
1154 4715
1837 1742
2323 1980
3844 2908
2269 4532
2295 4631
3257 4529
1929 4696
382 1487
367 240
395 2065
4625 3045
2418 5089
4316 2589
4022 774
4092 3865
3949 833
1429 1700
118 4190
3073 3309
3824 3966
3010 2575
3473 1241
2907 1701
4023 4084
720 1235
498 1574
4113 2864
778 4968
2756 4468
2017 1919
2228 465
1920 2430
1352 4877
2313 609
646 5170
2856 788
469 4784
2363 2344
2114 1828
3460 1287
4216 1899
2942 4501
2299 3077
2463 3962
4778 4064
1668 1300
2684 574
2751 2105
253 4020
2786 2958
15 4218
1395 4775
3179 4207
4111 1937
3818 2738
521 4566
3587 2368
2870 3155
2210 1682
1556 3351
1251 506
614 3974
4483 5196
1797 760
1819 2785
3373 1230
4305 3727
4301 1660
935 2715
3191 515
3916 3296
1107 4583
138 1416
3310 3676
2802 4906
4781 2416
669 1555
716 3037
3811 2553
3356 1359
3448 4063
2673 4
1013 4706
4760 793
4906 2292
467 670
368 2931
2575 3604
2294 1632
431 2539
4526 2319
312 1063
4518 60
1610 1570
3907 1143
581 2643
3946 4871
4092 1685
4239 2736
2046 1267
3687 2484
1009 4878
1092 3864
3135 4751
2428 3924
2267 640
2303 40
3370 3773
602 4489
1211 5011
1920 1329
3612 2424
2139 4871
2008 2203
1593 462
1892 2953
1347 1883
4112 2331
2378 3001
4296 3452
2876 514
3427 980
4108 812
590 4130
4933 2184
53 4567
837 3669
460 4829
56 444
508 3363
4804 1887
4284 3906
1561 2270
4242 978
4038 846
1749 4988
4176 2348
891 1015
2938 1702
4048 414
4751 949
1825 2488
214 3408
1856 2397
1061 4228
2790 3738
2051 4875
1917 3768
1413 585
209 669
3379 4276
849 828
4097 2636
3553 3123
2352 525
3830 2652
4487 2988
1895 3645
657 4501
2519 839
3390 5077
3960 2991
1114 1750
3513 3137
1103 4681
1500 1224
4609 5110
232 4041
4729 666
656 1284
1708 1366
1676 4037
479 1485
1089 3786
92 1632
4840 4781
4738 3996
2910 391
1673 4598
3822 2230
336 5051
1736 3294
1864 508
3740 2333
3738 4241
3354 1695
3193 3254
4059 3652
955 3805
492 1315
3890 2914
4238 10
838 418
1406 3747
1804 4731
2 3546
1298 3455
1881 3486
2406 3217
3795 381
2251 2207
1872 2162
4819 2337
1131 2806
3905 981
1318 5184
743 211
1293 4901
1083 4529
1570 1530
2594 3028
2087 1498
512 74
3347 3161
371 3291
1522 1057
2223 3239
745 1053
3288 896
2669 391
3508 2737
2674 4863
1860 171
4131 4174
773 4314
1504 4633
4802 119
648 3780
4436 2565
612 4617
4936 899
1120 2014
26 3994
1545 2514
681 4140
2168 4707
3391 1796
2686 5059
2168 3125
3514 965
230 5006
3922 361
2541 2412
3817 1696
538 2190
3866 2626
1351 2298
3311 4896
1980 2402
1020 1609
4930 5175
3763 1262
3713 4402
4919 3332
728 967
4935 2075
3308 937
2417 4807
4041 1613
4248 1555
3614 2782
4144 3787
4502 2091
2659 895
1725 3586
1605 1101
1106 3347
2283 2458
1224 4402
3934 993
263 4481
455 3406
358 3368
4133 357
2095 2721
4051 1824
3111 2840
605 748
4552 622
2100 2837
553 1156
3368 1790
3260 2476
4564 3634
2552 1219
6 2102
1053 1039
2624 2960
3135 853
4704 1211
3740 3266
1120 771
3484 425
2301 911
2749 1027
4558 3934
3096 595
1326 651
818 24
3723 873
3758 3856
4732 4635
3368 4066
2791 527
2378 3636
2546 971
2787 2128
3902 457
3349 2208
1966 247
1049 3617
4172 2655
194 4684
1804 4301
4092 1686
3894 3488
1395 4920
1565 1421
313 614
582 2231
2934 1063
889 1551
3293 1522
2614 1143
3301 3078
321 894
1690 1532
701 1797
2751 1430
472 4153
685 4164
3252 1823
2768 4629
3029 1306
2282 499
1919 501
2100 233
474 2449
1769 69
4150 939
2778 4649
146 1099
1483 2198
2735 1339
2441 3146
3401 776
4914 417
1033 4643
3799 1785
1030 2654
3092 2611
596 891
3218 604
3367 1607
1653 1958
4590 68
4184 2085
3433 3520
2625 4711
2881 1324
3534 1096
2254 1506
1216 393
2635 3897
3528 4865
3586 427
1502 1885
2619 73
3934 4108
2419 869
4288 692
2882 4981
1653 1747
857 2777
35 2747
2107 4883
640 516
3478 1137
1961 1335
202 3030
875 2404
836 298
4951 3481
150 3223
2167 45
4950 1648
1035 620
2816 3361
2137 1419
173 4803
4639 1867
3039 2096
1953 892
793 845
398 3269
981 787
4113 3343
50 3156
136 2597
107 3401
3601 2821
488 4930
3788 1672
1278 2270
3460 3849
1320 610
256 2085
4425 276
3761 1761
4898 5039
3809 17
3227 2992
2955 1212
3000 3774
3798 509
86 3446
4874 1059
729 3500
2686 3290
399 3039
4063 1427
136 2741
955 835
2727 3269
3004 1247
51 2520
848 3634
4182 901
1678 4719
753 4578
2460 4942
4160 1596
4647 1940
4409 3894
1684 3974
682 815
4563 2802
1311 3480
603 1084
3983 1335
3639 5053
1229 4304
1257 3596
4144 4091
3496 4034
1962 4174
125 4518
3492 3429
2461 1133
1645 1434
165 3107
3431 1089
3214 2036
3239 1177
3409 2476
1438 2291
4554 115
2097 4283
3385 4255
1515 1154
2390 3135
2273 256
2953 1357
2670 1913
132 5123
1928 5095
611 815
1156 471
1549 2916
2236 4020
3097 1057
2169 1306
1113 462
4697 167
3866 3263
3086 43
613 1509
4831 3408
1410 4142
3414 2512
1093 4483
4332 3152
986 436
3303 236
3904 3549
3328 2409
935 1428
1356 1974
2795 4057
3413 4459
280 3747
2313 982
2701 4056
4473 4548
3703 963
4361 4043
2006 1201
4553 3146
3450 1338
148 1269
3896 4881
1609 3077
1594 2802
2704 1198
2899 3007
1951 476
1878 1115
2061 99
660 4288
2106 3487
3448 3961
2883 4759
3777 985
64 455
4319 4335
4692 4084
3690 307
2443 4856
1501 2967
2619 1197
4715 1453
4650 3545
1197 1442
532 4736
4819 2610
537 4585
2799 3420
4430 376
3869 4379
3665 2735
3261 4782
4485 68
1092 4702
2274 1295
2530 3933
640 1674
3391 459
3705 662
401 3453
4281 4060
2796 456
1363 4481
215 1925
3896 1882
4555 1697
2758 5088
2908 349
327 2013
3569 2346
2883 3187
4902 3391
3488 2961
1648 2676
1733 4321
2846 1929
436 4068
4055 1316
4513 408
2438 2683
2677 3091
234 1105
4963 4116
3885 1245
3551 2883
1202 4904
2097 3663
2852 166
984 1717
1287 1122
1165 1685
1259 3157
1958 779
1048 355
2062 2884
894 1611
816 1896
4943 2625
3317 240
3136 4902
4454 2681
1102 4381
1258 493
814 133
1151 2224
3272 4535
1137 643
3635 4796
3493 2975
3621 4441
1689 3759
4480 3884
2715 4811
1320 1234
345 4836
2088 2213
4557 4189
866 3576
100 1111
2148 4964
3951 2151
443 937
1743 4860
3933 2978
2193 1810
1556 4426
3552 2169
1680 2434
3358 173
550 713
4293 2302
2168 4906
1322 1153
4709 2931
3570 3339
1597 1536
4408 338
3819 2382
3622 3641
2496 4762
1389 3948
1099 4713
2994 4859
983 4618
3872 3623
3293 1235
4597 5135
2118 3456
2568 3769
240 4484
2471 3932
3259 3814
4875 4592
3557 3151
3078 1892
741 4267
2304 5008
66 3126
868 3967
3409 3953
899 4996
2625 1753
2681 1965
4110 4447
1496 2261
1299 2731
4419 2550
355 1407
1858 358
2021 1409
1430 1983
2254 4005
3234 2266
2037 2187
3327 1298
4910 4385
877 461
3187 3317
4217 922
1436 4195
408 3851
2608 2454
4627 2691
4883 3886
790 2773
1062 4974
4744 4658
1074 4021
625 3079
3464 2114
354 4800
77 280
691 3084
2036 4777
4747 4832
2742 3770
4573 2305
3393 1207
1364 4592
1722 653
137 1142
785 4149
3855 4345
4293 1550
1870 3494
2332 1813
3721 2858
1049 1976
2791 1108
4393 2354
3329 2065
2147 2346
3292 2881
130 305
687 2702
3449 2246
2880 2790
3169 219
2777 3094
3258 1244
554 4652
314 1207
2390 4811
1502 3007
163 3861
392 5088
1575 5170
3104 5141
1511 1004
1376 4140
2799 284
2903 2227
1331 4691
389 2078
37 3868
1755 5141
3779 676
1397 1609
1671 4031
106 4524
1288 3832
1139 1301
1476 2968
693 2428
3954 2688
3353 1764
460 3009
4720 3381
462 3417
1385 3051
1139 1921
4262 994
1922 1380
1725 1847
2822 2262
3979 2406
1795 4622
1606 1344
4322 269
4413 4209
2740 2008
2922 654
4097 1361
2859 1905
2528 545
4926 2391
4272 2103
3808 3639
1261 65
1973 914
2845 1797
3161 1967
4783 3953
3689 5085
1277 1790
3337 924
894 47
975 1577
3145 1245
270 4738
2058 598
4128 2491
3131 2897
4916 3682
1775 2194
652 1210
3867 2298
1655 3692
4386 3640
4821 2337
2158 526
3512 683
3046 4516
2969 2539
3146 3469
1040 2100
3399 171
1661 1829
1282 2342
4245 3089
3843 2498
1815 3564
1268 5025
4713 2707
3179 1155
3142 4418
1759 4258
2627 1012
1598 993
4925 3889
243 2618
633 2548
977 841
2911 4276
4794 5108
944 3812
798 2432
3933 1614
2992 65
3055 3945
492 4855
592 3315
1718 1338
787 4854
955 4054
3094 4990
3675 2676
2990 3740
3397 4682
4935 708
2900 340
574 3416
2591 371
2450 4451
4359 1265
237 170
4514 1761
951 3023
3881 2222
3276 2609
2973 633
1214 3479
3193 2041
2599 3204
3532 1426
2485 4854
4675 3156
4016 4882
2957 5091
4248 3341
1431 2574
4094 879
1167 286
4766 3766
1739 3070
3411 4208
2819 3210
4782 2802
2000 406
3442 2603
4678 1285
1441 2794
2256 3236
940 1188
1848 170
1889 3497
4280 5151
4114 1881
1911 3611
342 2083
3982 5091
499 4542
4764 1351
4748 2956
3351 452
592 3327
3258 2144
2563 2113
1231 3000
3390 4036
1505 2043
3365 2024
546 3488
2345 2600
752 1837
297 460
3126 2542
3690 1313
3538 1151
1677 1948
536 2396
865 3070
1256 4595
1107 3223
4103 1693
1448 2954
2489 3808
4304 2835
3208 464
534 1973
2396 1261
4147 4195
4064 3230
813 3254
2819 1469
2560 3806
3962 2171
2630 3076
3396 3792
622 1708
3905 1945
1740 2597
4053 4757
1004 4466
4236 4824
2933 3941
1456 2694
2577 1912
4909 1728
2592 1636
1574 4297
4793 251
1649 1137
1384 352
4432 4475
1443 3000
2012 3444
4599 4129
3909 1648
2380 4040
763 4499
3973 2640
1329 3109
4778 1319
3545 84
4639 4908
4063 3062
1111 4799
891 1531
2806 613
4511 1359
100 4712
3533 1692
3121 2452
3005 1544
3680 2181
1492 3633
2330 1669
548 4669
3645 2433
4605 549
4890 2727
2544 2761
1860 788
4717 1439
4538 1941
143 4956
1468 1832
2907 3979
1007 1359
3245 3586
2311 3733
165 2232
3353 3754
863 662
98 1497
2435 4166
602 223
626 233
2697 360
1438 1836
4413 765
1512 710
4488 1303
4687 3615
3881 2761
4125 1692
3421 3854
693 4968
3651 945
1221 711
3188 3931
1782 5114
1097 2901
3154 5115
2670 3413
4933 5046
1389 2846
1568 2504
4200 819
3986 3627
167 2304
1947 384
4011 4792
1592 4697
1017 908
1059 5008
1421 291
4280 1683
4413 3362
4215 739
903 1325
266 278
2500 3803
2958 771
1578 4484
3375 225
1696 2106
2482 4630
2922 5098
1189 3197
518 1876
4168 5024
3027 4069
1822 3479
1875 3067
2495 70
934 4622
2581 3241
2626 3143
649 2182
116 4779
1361 763
3224 39
253 1771
779 4704
2969 4171
4111 976
2870 346
2054 4067
926 4110
277 4741
4617 2214
2078 2230
1346 3888
873 899
2199 1704
4266 982
3364 1210
4426 91
2229 1995
4468 4093
326 3786
4362 3645
1732 3148
1724 2851
2579 4696
2514 2519
2544 1791
2910 1609
809 1966
3347 4065
4705 3522
1647 1940
4973 816
3784 1348
2582 4213
476 2412
4730 1182
3206 2907
4606 1622
4642 2002
2851 3529
2072 4917
2191 3970
3344 4519
3936 2804
857 5032
611 4176
4074 3621
3694 1806
724 2657
1297 4421
3735 4323
4668 4522
569 2946
4557 4274
3884 2570
1984 2504
2495 1601
885 3455
2980 1375
1572 1604
4836 539
3799 2433
3762 3950
3277 4747
4090 5083
1887 4836
973 1843
3668 5157
2953 2616
533 3784
4066 611
538 4624
570 2445
3758 3836
4510 4971
948 4511
3767 1605
3039 2762
2819 3773
2167 2739
1243 4857
1845 397
975 3648
3176 3138
1336 1346
2947 3331
2414 3368
4378 852
49 1378
1963 1751
1584 842
4640 2522
1365 2579
2545 2042
3432 3588
4011 2796
2225 1554
1538 1904
1543 3980
1501 5085
684 903
202 3804
3066 3148
447 663
58 1062
4717 1164
3948 2724
2485 2862
2340 3191
191 2422
1927 622
2528 4069
3409 53
3214 4711
526 4288
1775 4213
1726 4561
4619 3347
4000 1126
773 166
3797 4609
1046 893
2004 4842
3758 3696
489 3790
2469 946
2198 2797
4291 3277
4571 41
2111 3144
1249 637
3998 1603
1278 3836
4594 1096
2605 3051
2327 1243
1523 4460
3364 2976
4625 99
4288 4473
3171 3095
612 349
1229 5015
2644 1444
3772 2091
1084 1697
3169 3328
2689 676
251 153
3433 446
1617 5078
3675 2307
267 2105
1888 4539
3311 441
1569 1862
1264 1527
1259 1550
3810 1745
1591 741
1728 953
1157 3849
98 849
3795 1250
507 3138
3868 3340
1282 3681
4327 4462
1993 2216
4023 4114
4252 3574
4584 2941
4434 3185
3291 2329
4348 2044
3327 1701
3453 993
838 4094
3757 609
3456 4277
720 83
2366 947
2237 2883
960 1979
1831 1554
1987 3305
795 4372
4344 4718
1358 288
4279 3403
1123 148
355 602
1793 1070
1213 4283
4002 3567
2756 2653
1145 2719
518 1281
4212 4247
4288 893
386 67
1326 4505
2272 4398
1247 344
1687 1578
4919 3205
839 1935
1747 4694
1978 3968
923 98
4041 537
1265 2544
3293 2513
3193 4492
1027 1885
3413 3196
1868 2944
1338 4457
1036 4191
2814 4341
2997 5021
151 4514
2243 3198
939 3051
491 4128
2015 2256
3347 3261
1553 414
4196 2823
2234 5114
938 260
1648 2298
1470 1729
785 5120
619 2297
755 4153
4323 4259
2950 1860
2451 2279
3626 787
2159 2819
3333 218
3509 4846
1628 2890
2824 2869
4213 2024
33 3342
2954 574
399 5023
72 1816
1542 4427
1466 4501
1606 2652
3849 1818
1343 2429
2183 4287
3198 2966
4623 225
4208 4526
560 5171
2253 30
2863 4962
4622 4789
3120 1916
4292 785
2181 233
2292 2208
422 408
792 1046
218 2728
2308 4803
3863 2215
573 1191
2624 673
4035 1585
3651 4624
1846 2453
4973 4068
4036 1660
3693 1169
4115 1827
3612 3657
3772 858
2831 3903
1351 4018
3271 1212
2033 1710
1582 3693
2453 4910
3845 865
1662 1495
2800 2915
3809 4756
4128 1843
2104 2969
2806 355
3752 4256
592 1746
3399 5111
4417 5053
632 2086
3753 3084
4223 3375
432 3524
4699 4436
3580 2094
47 4743
4158 3258
4870 2108
2550 180
232 2195
4154 2837
2816 2250
1575 1980
725 2369
290 2529
1674 3267
1830 1988
984 2785
4397 2019
1413 5110
2654 93
4093 2945
2491 1845
4507 3019
2028 1687
2255 928
1572 4180
4507 2878
481 134
4160 442
4550 491
3115 426
3460 5144
797 2017
1160 1992
1551 5191
4115 1463
4823 2951
2990 1195
596 4503
4338 3640
910 2636
1511 1822
4009 4207
160 5015
966 1591
2177 3135
1423 2989
3805 5142
156 5071
3293 2774
1307 113
4492 3746
956 2841
426 3057
1482 1038
3626 4397
4493 3904
852 329
364 488
2858 2463
3900 2510
3448 3210
3607 1838
4833 3269
2780 3798
3812 754
1981 3472
1107 441
75 319
283 533
4371 1252
4439 2302
4527 166
1489 3655
433 2949
3177 4474
3757 427
3901 7
2516 265
4846 2685
665 3414
571 4973
4893 2886
3 1157
136 741
2679 631
1667 561
1787 368
1206 1539
426 4384
4820 1307
1001 844
3688 3626
709 827
4195 3604
3481 1410
1604 3289
3412 5109
1773 2237
4031 691
1661 4238
4627 2089
3896 924
4609 2286
105 5202
2211 924
2938 1702
1321 5128
474 4089
3044 4902
1393 165
582 597
1042 2568
3988 4472
2557 1844
4541 1278
4254 2007
957 2266
4959 3380
2440 2128
3223 4004
3309 3028
2382 1117
4265 1242
369 2356
1377 47
1883 5168
1354 2634
711 4379
243 1315
2223 3342
916 1410
459 1983
2570 2950
2357 3337
3419 2673
3799 1284
308 1169
2645 2109
2236 544
1881 1811
1435 436
4622 1837
106 2381
3127 4475
3458 722
4377 1654
1624 3723
2970 218
2483 3636
3684 1209
3507 4000
4734 4319
4723 4565
645 1199
3340 1911
3156 3316
3972 121
3959 2567
3035 3187
1821 4768
4562 2457
2655 1023
3395 340
18 3634
4234 4027
3754 1097
3293 1700
1632 2061
2649 3111
3946 1405
571 2622
3285 1960
2438 1327
3607 1571
1481 4904
2382 3812
1021 2497
216 2158
2085 4797
1246 1367
2853 3467
4628 654
3631 1361
1613 3518
4569 3797
3861 4580
3673 3735
4475 4380
3872 4406
3423 4964
91 4553
4881 3818
4647 2393
1206 3983
3263 1419
4420 4073
179 3950
4030 3324
981 2683
2670 4869
696 3200
969 1924
2534 1226
323 185
488 3202
2008 160
169 501
4717 3024
1097 302
4466 890
1515 3166
4746 4961
4075 2402
955 4530
865 3869
4268 3135
4233 1034
2666 272
1184 2594
485 4110
3789 2341
3972 2784
4859 3112
4823 1867
3118 1712
3456 1516
3081 1165
3774 4704
4679 882
4205 4163
4944 52
2158 3497
4702 4593
2036 3586
2445 4355
2448 569
3262 1388
19 5129
770 3298
2223 3663
3266 2787
970 2471
2233 4517
2278 4162
1530 2877
4598 1485
4173 4205
1510 815
2690 728
623 3708
594 2652
2907 1510
4732 524
3732 4605
2260 1752
106 4561
1163 882
1080 1411
2272 4017
1634 1008
4681 1589
2998 3152
191 1720
2468 4308
4879 4035
2621 2295
4272 2324
4969 3796
2183 3992
1226 3349
3355 555
643 1401
2753 2475
1569 1353
3943 3929
939 2675
2629 1302
1776 303
178 2999
2713 1897
725 1119
135 611
1304 1385
3831 2209
1133 2162
3449 4531
2069 2502
4798 4328
1130 19
2704 1130
3317 2190
285 5098
4179 2482
2268 1196
2909 2213
1548 3879
1325 783
1380 1107
4671 4387
4516 1491
4181 1973
2768 2273
1745 1309
552 3727
4308 3904
3970 4052
3115 4680
4408 878
2605 869
2368 3779
1145 4621
162 2127
533 1988
3489 3027
1200 699
558 4111
2719 3384
3224 4199
3088 762
1887 3829
1940 609
4451 3207
1829 1054
1939 1272
2353 5114
2832 5032
4937 3541
679 1545
3298 2455
96 5158
3642 26
3443 3521
508 3507
1213 3963
2129 1555
4210 1380
3607 5168
394 4291
3123 5059
1819 3769
1019 4933
248 936
1826 4304
4463 889
3273 1901
1358 4633
3441 3783
4966 14
3072 232
59 606
884 5187
2293 2289
1432 1667
3090 1889
2366 4014
3589 4821
795 1096
2417 335
2192 4164
1355 1406
3556 2065
4696 863
2945 3907
2627 771
4940 4500
1407 1912
2707 1538
4280 4675
2254 470
3113 1617
4695 2167
232 1760
290 2285
4514 1868
739 4302
3191 3497
3485 2275
2485 2748
493 3787
3425 3847
1009 1326
2118 4114
4969 5022
3208 4023
4277 3246
445 4316
2497 5008
3194 2782
4748 5106
593 3704
3609 2206
4465 1170
649 2195
3253 4780
1968 2872
1429 3349
4827 4360
45 125
3915 438
112 2422
3709 3493
326 2244
3324 1306
3018 453
3481 78
4919 2042
1028 432
658 4792
4585 2518
1777 552
1435 2244
4624 1134
2182 4942
660 2365
2069 2547
3762 18
4018 2431
1458 5097
1498 2152
977 1652
2824 660
1307 4220
2639 4158
1422 3396
4106 1240
778 3559
4437 2524
4543 236
4184 227
1646 71
3715 763
958 262
3872 4902
638 1082
1351 168
3269 391
1923 4550
4554 2953
4320 3480
2908 1347
4459 36
3278 298
2059 1204
3056 2307
3844 1225
2425 935
1153 2283
2573 3961
417 185
3891 5132
2872 4866
891 413
2147 3965
867 696
3277 3561
3161 4133
1840 3400
4316 22
926 4496
3312 263
2627 2435
2950 4879
1817 1218
1323 3013
3983 1643
359 4388
29 4535
2687 2176
2325 3662
1080 181
22 52
4945 2836
3150 723
937 3650
4135 4263
588 215
1918 3879
1682 1651
338 2573
1828 3654
4544 3991
1968 3161
4592 3618
2121 54
3019 2554
4263 4371
97 1187
4404 4504
3120 1996
1308 5076
615 522
1980 144
2498 1615
4332 12
1224 3218
1684 4361
4022 4392
3628 1828
1255 1277
621 3748
4607 1665
2795 1170
1754 1827
4190 4836
1278 1426
3972 1970
4525 809
4950 4509
3747 1355
3967 2831
2881 4619
2219 4339
4356 4658
1557 5023
2105 3014
3533 1964
1120 4259
4722 3206
2096 4191
3773 181
1868 330
1208 4928
4826 2752
1896 2113
2946 3933
664 4596
1949 4920
161 4971
4227 4288
799 4919
3451 1060
682 4396
2058 3077
4045 376
3255 4565
2469 217
2976 571
1311 523
650 2111
1877 3124
1800 2666
2976 709
2520 2117
1045 5177
4927 3936
4314 1307
173 2960
1323 4145
1199 1874
1370 400
3472 3390
1209 4238
1482 151
2606 948
2469 634
3713 4604
2885 540
2730 1068
660 4355
4059 1814
371 2936
2405 3090
3976 2272
2571 3343
1833 606
2328 3837
2088 4795
1400 2295
4944 4639
3788 3596
3419 4260
570 3520
3866 1180
526 559
850 5062
240 3787
1928 2358
409 1849
1093 4735
4962 1865
2316 3195
3929 751
2688 93
60 4109
574 2496
3480 936
657 3923
2327 2897
1077 4406
1985 5092
1809 2383
3931 4561
1671 1491
2478 3082
1468 1335
2462 1219
638 266
2415 2172
3999 455
1736 1406
4505 3575
2184 3540
1311 4292
3639 4585
3776 4119
3439 3659
8 4833
1099 4156
2752 4315
465 1293
2905 892
4973 2821
4864 2049
329 14
2684 2689
1630 2638
2482 160
526 2960
3 4842
4691 3991
3149 5109
3167 3798
4415 2056
3297 5066
3087 5142
137 951
751 4086
4686 5123
3047 779
3002 55
400 725
524 2026
2780 2413
4920 465
3864 3630
960 621
4155 5069
4594 1729
4859 4371
4648 453
3411 4866
4539 3813
1065 3471
612 210
1113 891
2960 295
2829 1889
3369 5085
1466 462
2262 2578
2122 4624
4041 2054
285 890
435 2791
1017 1952
1950 4695
2820 4074
4435 3860
4653 4333
3174 1901
44 4505
2156 2752
4581 3782
462 4954
2075 1676
3502 730
492 3572
4924 25
4611 4260
3416 3242
1434 5160
958 2122
2207 1108
2712 480
4050 867
411 2529
1028 4325
2998 2069
1918 4066
799 1297
529 3917
1621 5043
4056 629
4646 5054
3385 1995
4268 1446
980 2228
3359 1995
4852 4739
1015 639
866 2235
3436 952
4231 1841
3892 1442
2496 2085
856 1131
4704 3475
192 795
2532 242
4315 750
1640 397
4790 1747
2838 2826
4024 4462
4032 1547
2809 4983
4664 3077
3443 1082
1596 127
1945 1369
2015 95
1348 2354
3767 3460
680 4502
3893 692
2723 3781
1350 5153
3560 4749
3187 393
4072 2482
3709 470
3119 1596
2599 2989
2489 4358
2619 2746
4396 2174
4516 3178
1273 1559
1177 902
1723 1897
2126 716
1502 921
3058 2708
527 174
2774 2196
553 4257
2126 2952
707 2238
3744 3493
4247 2946
3111 3917
4845 4249
1683 1568
4682 4097
4215 1425
1190 1719
1025 4533
330 4447
154 4608
4029 2917
489 757
2909 2505
4591 28
2557 2463
2408 3320
4037 2340
4372 2442
2718 3647
1362 3118
4002 57
2000 3324
117 3192
493 1645
1518 3739
2616 2613
1007 5177
4604 2772
436 918
346 710
2642 330
1953 2546
1387 1924
2410 4617
3901 1827
4786 2729
4208 2631
2869 1768
147 3488
1305 1330
3378 2580
2931 2701
4966 4502
4057 91
4660 1576
3454 4661
1325 1118
499 2499
3936 4494
1008 4585
1118 3795
883 4657
3815 732
4519 5119
1563 3969
1668 1309
1991 2668
2791 3879
2749 3001
4843 2040
4168 4706
1588 4096
259 429
1398 4942
2174 4607
2573 1558
4907 2092
3192 3446
4417 4432
1042 454
53 3436
455 4668
2760 78
121 467
1990 4635
3617 73
2947 1231
3449 4176
3887 1969
586 4103
1325 2867
1802 4284
4476 4091
2709 4277
304 1432
4792 2444
3926 3029
164 4319
2603 2943
1936 3530
1345 1212
3720 2634
3880 714
3583 3805
3892 754
3468 3340
1460 2147
3190 925
3854 3081
577 696
95 4336
4019 3352
487 5092
3391 2565
1053 2205
2187 2943
2055 884
2706 1529
4303 4822
171 1796
1968 621
2583 1183
4294 4812
4725 2434
3012 4629
200 4658
1199 4116
3837 3137
3403 473
2554 2149
310 3859
2155 2199
916 4751
2442 879
146 2797
2211 4949
2968 4037
283 1059
2396 365
3403 4508
224 420
2349 779
602 3713
3629 75
1019 4123
1172 5034
3166 2654
2956 4004
2999 2310
4050 2620
4472 2846
1551 2351
3724 201
558 1139
2317 3223
755 4203
74 3890
1407 1819
2715 2805
2728 441
4074 2651
186 1889
2717 4749
4123 2109
2157 3328
2420 2752
4 2083
4855 2600
2847 3099
3951 3095
3488 4546
718 2170
1177 1396
4052 1040
3595 2327
3369 303
1848 3175
2142 4665
4718 350
240 89
1095 3918
1580 4078
443 155
4155 2642
3539 4556
2507 2696
575 4356
4630 3771
3513 3144
1585 4668
4693 2512
4815 4719
38 4544
4059 624
1647 2146
1179 1555
1883 2964
3297 3184
3625 2573
2219 4587
2145 3190
4923 702
2288 831
3750 3740
4700 3553
2334 4275
2869 4268
231 3291
4160 1348
1942 3572
3982 2414
4218 4863
4136 4204
279 4032
3566 618
949 4017
1442 3900
3734 1616
400 814
1327 3945
1277 5050
2426 4679
3353 1237
2546 2583
4768 5020
341 4737
1225 169
4701 2263
944 789
2173 1082
4939 4717
374 4862
1397 121
210 3037
32 1367
4290 4185
3676 5174
1428 2060
2706 2881
3405 2691
2616 571
3326 4759
2553 915
400 3543
38 1871
2513 2568
741 2757
3338 470
2427 174
1096 4893
690 4718
586 5180
4089 4250
1884 3330
4784 2517
3059 1242
1717 2882
3682 590
857 3142
3840 1022
3589 4852
145 4485
1637 4920
1259 396
4548 325
4917 1718
662 3966
2062 2188
3292 258
355 2437
1676 4411
2339 251
2602 1810
1163 1923
3939 3932
581 2482
764 3545
980 4735
3633 754
4669 875
3410 94
3485 1378
476 424
793 1299
4351 3596
1974 5204
571 1289
1433 3741
4141 971
2804 2882
4444 4351
1972 3047
304 1992
3701 4715
2402 4696
3629 2487
2522 11
3257 4566
3851 3941
2338 4865
1553 710
1810 58
1126 4987
4802 1479
475 110
108 655
4284 3284
326 4721
2459 3834
965 4642
4430 2700
2825 3096
4195 4926
4578 1628
2666 2983
2449 711
1520 1918
694 4674
4840 3015
3971 435
2723 1063
3319 1269
1143 441
1635 250
1438 266
2211 41
3950 920
3215 461
14 4498
2759 2885
2019 521
419 762
1353 4887
731 3708
1190 3302
3997 4404
3147 473
1892 1998
3601 4144
2932 3629
4050 126
4782 4110
3833 913
2852 3717
2301 2361
3110 5133
2656 1044
328 558
661 4827
3275 3767
1347 2835
2477 699
936 1330
835 1699
3182 5169
3239 3483
3080 1325
4406 4628
2899 1955
987 3154
1868 218
400 4407
2579 1910
125 4656
845 1231
258 3983
4689 1923
1848 2302
3769 2042
4142 4444
3759 2889
3364 122
2154 4593
1882 2174
3283 2207
610 516
248 4571
2634 3766
847 360
1926 2970
3936 2551
1935 1944
2669 3900
4339 2267
2041 326
2580 753
3374 4216
4486 1099
4939 5052
3261 347
310 4249
21 2394
866 3335
3259 2916
2733 4762
3182 3569
2433 2380
1031 530
3273 2282
4200 1363
775 737
4273 4406
4455 2297
3813 1582
2922 120
3645 4191
2055 2557
694 4643
2798 3371
274 3357
1515 1678
4860 2491
4057 2013
2900 1341
2363 981
4048 5083
3440 2629
4401 3170
2204 1825
3206 4127
470 3033
3189 1445
4018 536
4567 2753
4563 4258
3825 4813
3660 2928
93 3381
1433 2755
4772 4495
1979 4156
2356 4510
955 3712
3405 1629
3076 4973
2915 31
3043 1666
2128 4311
3124 4899
3197 136
771 203
1419 1982
2698 3482
65 2658
4638 4945
2777 3799
937 4321
1159 3657
644 1508
3303 403
2722 2784
628 4200
1759 2562
6 1615
133 3727
4496 4255
679 3368
2503 3653
2510 3242
4949 2418
3118 2622
3077 2820
4257 4112
2474 1289
4187 3629
4793 168
4513 5130
1109 2412
54 4281
2131 376
3709 3135
3753 3104
1331 4738
363 2689
2859 3667
2506 3449
842 157
839 930
3847 844
1535 2656
1948 96
3535 3960
2093 453
2709 3422
3981 1676
3265 4702
3050 3677
1132 356
824 1015
969 1688
929 2240
1266 2133
3164 3533
3381 1347
779 4098
781 5020
2652 2802
2333 3706
3315 3872
2199 3672
2454 3718
3992 4176
670 5134
3207 322
726 3029
2145 2739
3240 504
305 2059
3722 783
2795 3777
4475 353
2735 2852
4244 977
4563 4723
4674 4078
2740 4997
279 301
2694 4054
2521 3177
3321 2302
3981 4357
443 1357
4529 1346
141 2478
2379 2506
3839 4272
3664 648
1270 2999
1122 1484
4182 1566
4487 2755
4805 3705
4342 3162
4722 259
4387 477
1521 1589
2597 1274
3086 3285
4815 2520
2718 1716
483 3368
1528 5078
3934 571
3425 194
3114 4184
3077 4473
3781 2158
2204 2357
1569 167
593 154
353 4897
61 3788
4170 2838
4182 2316
3099 4389
3242 477
3273 408
4278 2249
3570 1311
1370 3355
2528 1558
2939 2678
3061 2981
4405 2245
2585 3987
4617 3501
4734 820
2814 4807
2670 1600
3218 1872
4610 369
4655 67
2549 4503
3234 1502
2912 2837
3875 3243
2461 1395
413 984
3902 3744
72 2131
2265 675
3196 1582
3201 4592
923 136
1699 1181
4085 4491
4645 1229
2008 5111
1703 4149
3287 4645
4142 1978
1531 1974
4324 1302
265 3893
4252 1606
1929 2039
1015 273
3595 3431
4147 2730
1664 4807
1425 2837
987 4793
778 4286
951 1261
4468 2308
1515 3876
117 644
1999 4859
3440 1168
4790 3155
4951 3651
2091 2832
3210 439
3016 3795
1093 1043
3448 1590
3221 3531
1662 5195
2136 2973
3268 1830
1894 3363
2993 3519
2186 4355
775 4754
1228 4479
776 847
1694 2597
854 5169
3291 663
2571 318
198 2520
4170 3756
1661 5142
3468 4810
1158 4672
2448 2258
656 4909
2946 4213
518 805
1029 1577
3220 4693
942 2204
974 383
1801 816
3382 2017
43 3747
681 4073
1503 4520
641 2493
2473 2891
718 4637
623 3121
4584 4692
4605 1323
4028 319
3151 3069
4610 4589
1684 3416
377 4217
1209 1620
137 664
3067 3660
308 508
4693 3884
9 4079
4763 983
2323 2632
3686 219
4479 5053
3891 3551
4300 1107
3410 2161
1511 2553
4400 4883
4158 812
3536 2796
854 2199
4885 1568
1601 2160
655 4545
1644 1729
2431 1704
352 1077
347 467
3498 2592
2480 3907
364 4091
3286 4273
3309 2154
4178 3611
1176 2444
2273 2121
1943 1305
4630 199
3518 3185
4333 2896
2414 1510
3439 4384
2310 3873
3633 3243
2652 4503
4325 2674
4753 3740
3299 962
2619 430
3951 2559
4630 2852
3180 853
3004 4343
3396 5093
4118 4378
2797 1399
4958 3141
3709 1231
4455 3194
257 2959
218 4750
1702 1221
2063 2530
1096 3384
3546 569
931 196
2441 1545
1890 321
4502 2914
964 2723
4197 4123
1981 4010
896 488
1335 2034
1616 4826
3613 246
1513 2520
3774 1975
1143 3629
3281 456
4643 5059
633 2701
633 724
2691 168
160 3762
1767 3868
2775 1790
704 1473
2239 4227
4901 3441
4602 466
1416 3449
1170 4042
4517 2918
455 4753
4859 1791
1434 2379
2315 534
1087 4174
1137 3293
145 1548
4451 4051
3098 3627
4781 4569
4002 2620
278 953
2866 673
4478 3069
4966 1108
1073 2596
1234 2096
487 4908
4771 1823
585 802
1931 86
2381 3271
3185 2852
1003 4593
2329 2815
610 1749
4736 540
1123 1439
3448 3232
2433 4369
2645 3641
2682 3867
540 4725
2296 2126
4409 2304
2463 2983
2116 2418
2848 3614
2919 1645
3648 4711
341 808
2478 4255
840 2917
1575 203
3921 1017
2387 5146
1320 4084
468 2444
1905 1184
1618 1778
1824 791
4451 2297
4914 4384
2191 997
3720 3971
1489 829
3962 2810
3081 3977
1003 2737
3993 3023
2655 2753
4662 148
1396 1454
4490 1870
92 3700
4808 2304
3429 1168
2385 5025
3030 121
706 497
4659 1730
277 1814
4350 4690
1577 451
2798 2309
741 2613
332 355
2897 2054
3734 1275
3538 3735
2967 3013
4215 2070
3302 2195
2725 2807
90 2709
4265 218
3954 2254
2869 460
4375 3009
2576 1267
4406 395
4828 262
3718 4487
3758 835
3560 4237
2459 4468
4350 2390
4853 369
3353 4827
4048 702
3892 4884
3674 4377
1486 3404
712 4104
1917 2361
4473 4867
4776 555
3771 4876
2521 4579
1829 4068
1161 1805
3377 4621
2026 5066
1246 851
102 1885
2534 3533
3961 2696
1304 1868
518 396
1385 1422
45 4495
2450 2247
2947 4503
4797 1605
2152 2571
1648 276
998 4285
165 2211
2337 3830
2210 4402
3633 3636
2210 3639
1761 4969
2827 3838
1687 2112
3924 2073
1106 4525
1197 860
4441 1351
3731 1801
1045 2087
1655 2237
1535 2161
1725 4355
3481 3646
2350 2683
3602 2435
2088 681
1713 4444
2995 4910
941 4396
2061 3285
3153 4134
3231 2339
4391 1050
873 5012
3746 2011
2612 3531
1561 578
58 4899
1647 2187
4826 1328
2937 1569
1821 4001
3146 4109
612 1660
903 2203
4787 2849
3366 1506
4000 5064
3212 2007
4712 2927
199 4963
1579 2374
3159 293
1189 1188
1517 832
1028 1561
1380 3227
3513 821
3838 197
827 3652
3181 1629
42 3786
3260 4102
2965 387
2401 1830
4816 1925
571 4246
2108 1571
3278 395
4248 392
2686 3648
1966 4410
4286 3218
2678 3907
4850 1595
60 3518
2964 3857
4296 1498
3616 156
4577 1837
1939 4850
2924 2957
3512 4282
3933 4768
670 2284
4468 3899
4296 879
2122 3557
613 4209
1252 263
2848 3927
4771 1162
3600 1926
2007 300
3450 1395
3100 4857
1483 2064
148 4985
230 1716
1671 4346
4118 619
4828 4972
128 1448
4712 2000
3650 663
4908 33
1410 3328
1245 1417
4126 561
4022 4759
1469 4225
297 1388
3014 3621
3063 1443
27 2756
3835 2026
3935 85
975 4123
1119 3825
3932 173
4845 881
3890 744
174 2595
3185 2864
4227 3601
661 520
1599 2047
1151 1862
1801 4500
1208 5181
4793 3191
3834 4002
3976 4339
1684 2262
4474 3467
208 677
3847 3889
709 1691
2350 5104
4423 1049
129 4549
1925 2305
961 4164
484 1588
3778 2363
3397 1636
3494 2132
4477 2247
4015 856
2377 4897
3678 2214
2698 3735
808 3884
2428 4231
4210 5167
3761 4383
2753 2881
3113 4885
4462 1968
1459 4196
729 2278
2422 3622
2267 4511
4652 3263
1289 3667
547 3850
2041 1477
2042 962
1766 307
3026 2728
376 5002
4120 2123
1939 1386
1855 2691
1483 1309
981 840
3454 907
1465 2547
820 2121
672 3749
1767 2896
390 2181
2103 401
3460 1338
4747 3734
2504 3925
2916 893
1744 4113
4030 3710
2825 5174
4481 2275
63 225
2532 4190
2347 3190
464 2543
1606 3046
4035 2519
1965 4066
4053 2617
1914 1104
3778 864
2109 2174
2389 3944
2453 5056
1098 327
4123 515
1550 5191
2958 3946
3033 746
128 4018
879 136
1725 4772
4825 4915
209 1518
4568 4154
4282 2131
4611 3915
102 2411
848 1928
1350 882
3601 248
3065 3310
305 2982
4256 204
3672 2818
2205 4755
1871 4055
2502 658
521 1432
2167 1293
548 1625
3093 1032
486 1166
4706 3633
3861 2813
4808 1678
4405 288
1998 3925
4243 1905
4213 330
3877 448
917 4496
3861 4303
3092 3635
3726 3225
635 4249
206 3032
4233 833
4450 57
1129 3603
2324 1668
582 4414
3701 1593
4849 1151
3452 1265
953 2802
4060 5159
3589 3517
1894 3487
1807 3972
1100 4785
522 3942
466 3350
1288 4740
3475 2259
2933 236
1524 756
3998 726
2808 3887
1794 801
4782 3604
2037 3687
379 5097
1187 1491
3618 3695
2722 573
4892 3051
1296 3661
1188 4784
2947 3417
2641 3296
3266 1666
3747 2128
4595 4962
2056 3570
4753 1685
3486 1052
4814 2996
2917 1795
4809 4448
679 475
3703 3724
2042 1711
510 736
4949 626
3867 188
1531 404
1651 1678
4351 3312
146 3666
1820 3507
4568 1267
3445 1360
3048 1787
4479 388
3499 1221
3078 3740
4021 790
1807 171
3575 2852
4560 469
813 1732
1188 3364
3805 2870
232 2147
3816 1365
3415 1661
3453 4019
4318 283
366 1038
411 5167
4699 870
3069 3905
2934 2936
3745 2520
3689 253
2617 2400
1224 4682
4960 4044
2439 2839
4057 4936
3320 4673
3131 1304
3230 5203
3223 3031
1024 2168
2173 2373
924 328
2055 2308
1147 2107
2982 2237
3157 4711
1581 3446
3633 1568
4952 3848
5 2878
4732 2538
978 97
4962 5043
2462 2331
852 4923
891 5039
4684 614
2515 4921
4065 397
3882 1778
1230 68
2766 2930
2441 623
642 493
3078 4244
1924 1001
3838 710
2053 4904
345 1241
2071 4958
300 1386
710 2815
2234 3548
1849 2019
741 551
3960 2616
4701 5065
4967 4626
89 4813
1755 2802
3996 1273
1501 674
4754 1812
3933 1832
2523 3267
2194 2574
3228 4182
4684 2657
3399 5154
4111 666
513 4720
3880 3067
2543 2564
774 4242
4932 2244
4569 2521
1931 2
2902 539
3334 3770
2910 4895
4050 3515
1983 5023
4631 2201
676 3800
3398 2038
2636 3297
3723 3353
3865 871
2886 1561
546 4687
4622 1159
651 1266
764 4966
621 227
676 1482
4911 595
3206 4814
1530 1000
1442 4277
951 3952
1072 5058
4218 4953
1314 165
2407 1232
2178 1200
979 1084
4797 221
2583 1269
1394 5001
4224 1385
1100 3595
1661 2673
3556 922
4450 635
3776 425
2435 5083
2075 4592
689 1601
1577 703
3848 4751
2068 2312
3299 4469
4955 902
1938 4008
2916 1813
4334 4311
4480 3141
3617 332
3108 3478
4813 5002
923 3217
3915 4142
1150 3533
3135 2905
2789 722
3618 1243
2596 59
4957 1701
2393 2728
4278 1575
4347 417
3176 3763
2845 2983
1307 2906
2402 2316
1147 398
3014 2523
210 532
3344 5029
889 279
1278 2167
4275 2654
1893 3557
2191 1377
2805 3664
1477 861
2463 336
2600 3824
4479 2797
4001 33
4169 2686
971 1448
3672 2008
729 1974
1109 4883
400 4932
1953 3826
566 2379
277 3644
2853 2065
4086 4647
2883 561
481 473
1113 770
3390 5026
2510 597
1259 819
1451 1995
3461 2712
2866 1614
3776 1012
2894 1237
2559 1343
4092 4976
2639 2940
1276 4458
3478 3972
4886 250
3981 4338
1138 459
2550 345
2853 1449
4459 3333
3692 2482
3819 2843
4797 871
4886 585
4715 4036
2930 2007
3139 836
1351 4155
1560 3255
3171 3809
1106 1648
3263 2286
3951 314
2536 1124
1767 764
173 690
2597 901
629 2674
3784 1337
3171 1517
2365 1188
1126 4275
2501 3263
2435 3601
887 251
3000 2175
4165 2895
3140 3971
4622 115
871 3353
495 61
2167 4077
2526 1431
4299 4517
725 1670
4239 2005
1069 3336
1670 987
1810 5073
4411 2238
1602 1575
3209 4672
1761 1873
2186 3869
598 2382
3050 174
4264 3037
642 801
2164 3931
4958 2904
4158 3607
1114 2697
2264 4198
2849 5055
2496 570
1535 2741
2797 1680
1134 4507
2410 4285
3582 1177
2262 4448
1274 1273
1836 3116
3384 712
335 2560
2253 4202
3572 4276
2326 795
836 3322
791 2465
975 2606
3184 3320
3660 1689
2446 3296
3030 216
4109 2102
3199 1801
3261 1368
474 1857
1788 4273
4131 2910
529 4942
1153 2307
4924 3114
1585 2148
2348 4268
1191 2207
4280 738
4057 2112
1072 2058
1541 4930
3948 3332
2027 2407
2822 3777
2019 5095
4521 3682
4809 2517
223 2381
3194 2844
4070 1346
87 3557
439 3472
4273 3398
2059 1264
4306 5003
280 1995
1073 740
2729 4840
3123 1414
2484 1679
84 533
3858 4637
3315 2504
862 2785
4227 4997
3216 3087
1318 5037
404 2934
1078 1071
4887 836
4965 2600
1314 1391
597 53
1944 2321
1063 3001
2961 3764
2120 3370
3392 1551
1108 437
121 3210
3177 3764
2660 1712
623 824
4580 1914
3846 1436
1404 4328
1700 4898
2380 1732
992 456
4095 3449
1852 2252
4811 482
4287 1356
2789 2278
4219 4480
890 5025
4189 3363
922 1736
656 1957
1577 4006
1163 2246
4014 3304
1820 3925
4117 4548
173 1834
1268 3804
4370 2393
1882 4304
196 4836
2542 4673
4828 3800
4466 640
668 628
23 3739
317 2690
2831 5005
410 2653
82 4726
3396 2838
