5000
3573 4723
2807 3694
828 6243
2725 5373
4602 5730
4228 1376
2787 1159
1615 6676
688 5434
2815 6188
262 3742
5012 6026
3164 3953
1096 5583
3823 3461
716 4549
2217 2226
3408 3981
1756 5525
4557 1018
2408 1708
4471 930
2157 4340
3360 6159
3335 3581
3373 1138
2967 3474
1472 217
115 1264
406 4287
1741 3254
2382 2379
2872 5952
3276 6775
4510 5202
345 131
3644 3798
1612 11
1616 4841
4399 4659
3481 3750
953 6464
4865 6283
1239 296
1651 2239
2636 3356
3861 3828
1962 6602
4219 5848
787 7273
2248 4417
156 3788
4399 6281
4642 2619
287 3527
4495 3851
1359 1473
455 5471
1689 256
1239 6966
3468 5642
1209 6261
1885 2477
2383 6018
3210 517
4025 5349
692 5331
3516 4866
4568 894
1819 5529
2889 1261
4041 3485
528 3455
1960 3305
217 5143
3723 5384
3970 4796
257 1712
4522 4426
632 363
1664 1260
212 6868
4618 5994
4363 6083
3393 1475
770 544
2584 1344
2693 3835
3490 5517
3905 2043
43 3398
118 563
2075 1974
1139 4856
736 564
4082 6606
2646 2499
2027 584
1588 6086
83 911
1654 5774
948 789
5012 138
3069 4597
1757 2468
2575 5577
2877 3155
1087 2834
4842 2656
3306 3678
491 1061
1972 2681
684 4080
876 5191
1762 4176
4337 4409
4422 1464
1598 3598
3939 1019
2553 2557
1955 3384
3812 3830
2037 4227
1948 6888
1452 4238
2387 7298
1923 4907
2196 1875
214 6200
3415 6954
1885 7004
2752 7169
2745 2947
3242 2761
520 2667
1972 2159
536 6680
952 4674
4979 3335
3294 1820
4968 1482
541 271
5042 5774
4766 6568
1219 2876
306 2387
4995 6090
2077 1421
4149 4929
3450 2542
3206 1746
755 4516
312 2466
2164 4604
2272 3597
2063 477
498 7150
1901 2563
4745 4513
4047 80
265 2265
3375 134
4552 1881
2374 672
4703 4026
1496 2119
715 4160
1728 4639
1905 3458
1384 961
747 4091
928 4556
471 6203
3067 3552
4475 3246
3538 7068
3313 933
3357 2918
4567 2379
3790 2084
2908 1496
2847 6249
3944 4193
4299 4925
2275 2754
2680 6595
4976 1666
2500 6846
2146 7293
2990 2158
4995 3781
1717 429
2464 1498
1800 5469
2115 3694
1042 4543
3560 3431
1846 4708
3550 2251
2147 4857
1183 3300
2485 3057
1874 1814
2235 1959
4639 6626
2011 3213
3765 5226
4068 5184
5046 4864
3499 5342
3807 2565
2692 4057
1521 6456
458 4957
1874 6968
1029 5492
2359 6119
5 4738
1545 1170
2419 6255
2470 2528
2200 418
2110 7241
4394 5597
3701 6346
3870 6136
4249 3160
4830 5800
2700 6946
4827 351
2518 884
1146 3754
1855 4394
3765 3885
3662 3754
4352 5539
1503 182
2213 2802
4644 5085
2834 3127
411 1928
3664 4532
500 5873
3187 3514
849 6313
4255 3776
651 2974
3920 6804
1529 2972
557 7193
1469 2563
4319 6941
1186 5716
3071 6963
5003 26
1781 6434
4153 4812
3379 2035
4604 675
371 1766
3581 6766
2310 5827
2891 3735
5026 180
173 353
3327 1856
4192 2955
4205 1483
4764 4014
4750 345
3981 3494
577 700
4514 2191
208 5046
4252 623
3406 3984
4019 2026
3401 298
1766 5076
1448 2549
4941 7259
2138 4554
2959 2
2542 5848
644 2203
3513 6402
2891 3819
4669 1533
3732 744
878 1375
5038 5771
523 5295
4548 2916
3071 5756
3719 7366
3439 5432
176 4927
1489 4062
435 6122
283 4916
5052 951
3174 3528
2589 5815
1153 5408
2311 7339
3449 6298
3214 1423
1881 568
2135 6075
3793 754
2465 3
2388 6213
3659 4191
3744 2590
4046 4412
2045 555
1129 552
719 3906
294 5847
1913 6264
3351 1747
4345 3586
2667 4258
3209 4721
3546 6445
2081 3166
3937 959
4808 5750
84 6184
3617 3127
4641 5363
4437 2297
2108 3552
1647 2901
2045 4011
933 7009
2008 3804
153 7063
1819 1605
4403 4861
3342 6144
3039 2422
985 1975
3542 6457
4990 1544
4514 4987
449 6174
1932 5675
38 4996
444 5262
3832 2925
1977 1746
1403 4418
1598 6850
4699 6973
2495 2396
4812 3618
2102 4023
1177 669
4324 972
3124 4513
428 4848
3036 4157
3119 6746
2078 4434
1260 2660
3682 2709
273 7132
2043 4652
3621 4163
139 3538
41 5017
4129 2228
1451 5280
973 2232
809 6618
4621 3065
4426 3303
1057 6289
2805 4990
4558 7337
277 4684
339 3052
4641 4438
913 640
1806 5992
3482 4787
2295 100
108 1153
1122 990
187 3472
3545 4758
1350 5707
1413 1745
1742 125
409 3397
403 4917
4185 1039
65 2084
155 5718
4628 7280
3465 538
1988 1673
4875 1457
3303 3418
4154 7188
2435 4101
2249 178
4188 5998
1234 3774
1658 1823
3727 537
3563 7174
617 2745
478 6923
2484 392
4514 7417
2230 6220
1570 5256
143 3371
3769 4710
3912 2754
3944 6387
1464 5499
2264 6843
4726 1300
3345 6469
453 3572
4158 334
3006 2054
685 6170
1096 6198
2553 3048
3506 840
4519 1236
4820 2343
780 1965
2270 6812
1301 606
4105 3017
3820 3091
1675 3959
831 1915
696 7161
1257 6494
87 5505
4362 31
829 3609
4860 217
82 1877
1737 836
1644 828
1348 5881
3426 4977
724 1209
4027 4671
1357 6342
1041 4106
3167 7057
3439 6359
4038 2834
1437 308
4375 6216
4381 6200
1198 93
984 7191
774 5994
2145 5764
2170 278
2156 3367
141 6618
2927 5703
5023 6659
2812 1527
4192 5004
4875 6443
1261 217
4369 1637
2273 2305
4690 4952
495 7018
2350 7115
4554 553
1482 1878
202 6487
3908 4781
179 2124
2607 2559
3763 5420
4374 4307
2407 7293
3164 1552
227 4552
714 4590
2563 658
3034 363
1896 3516
5014 656
3828 7286
383 4363
561 75
4125 7025
2879 3803
2712 3108
2214 3361
1585 4434
4685 2509
3209 4012
4046 5887
1635 5647
2572 3071
4863 1601
3379 3132
230 984
2263 3317
2351 5199
1718 855
4687 3953
2019 5918
994 6527
3311 4982
2177 1359
1158 635
1060 5272
2484 2718
817 4720
958 310
1927 2166
1874 3189
801 5971
2627 40
2462 4891
1527 697
2694 1267
412 1752
1927 5889
2824 3868
3215 6970
3508 4195
4323 6548
4605 6230
402 5221
4851 7335
2271 2461
249 6100
2103 6869
446 6771
2388 3177
1038 308
3062 5945
2808 6489
6 5286
3780 5497
3187 2821
608 6484
2720 3334
512 2333
4869 6882
1082 7398
3069 4308
4762 1454
2911 6907
4579 2613
3377 5699
654 4783
54 6522
4063 5664
5016 5771
1207 7383
771 670
3006 3123
4714 4035
2134 4003
3930 6790
3741 3106
4947 4246
4614 6468
3353 6559
1486 6708
3963 2787
388 4458
418 6847
3386 82
3983 3824
2836 3471
2198 4492
4745 4892
2834 3921
3862 4401
4733 1077
194 6150
4462 7338
2012 3883
2238 1331
249 635
58 2144
576 4206
189 444
75 4565
4010 5055
4909 280
2735 5807
4757 7285
2196 2647
3110 7091
1500 3485
4741 597
3229 996
1617 7182
2638 3901
3858 3312
4503 5124
701 963
298 2225
89 4425
2184 442
2871 7369
2123 4999
4064 7097
2466 2029
2526 2794
4893 4044
1215 2729
1257 1254
5029 1446
1979 2488
217 2413
3010 2781
1794 2115
3256 6041
1810 3516
4817 4532
257 5766
3035 1709
926 6827
1872 17
4703 357
619 1831
4096 1252
994 6314
4823 6929
1553 2122
4968 5801
3771 3221
361 5430
4531 5407
4174 4596
292 4195
3550 1452
1765 446
2938 1333
840 352
2140 4841
2473 1193
4302 6227
2838 105
3693 4537
2543 2522
4423 2623
1897 1837
3483 6790
3084 863
5046 3843
3470 4903
3127 7412
4040 231
666 3681
4907 2676
437 5702
4581 990
1983 1678
3671 868
772 3263
3618 497
759 1964
1165 4033
3447 5225
1747 4587
3209 743
4307 4725
1092 6671
955 6894
4162 5659
2258 756
3355 5255
2217 2037
4241 4304
202 6738
275 3651
1598 5205
744 5349
1079 2879
3523 2723
748 5421
4283 7049
4961 1482
1034 1738
994 4270
3747 1651
3372 4395
2325 6839
2700 3953
1572 676
300 6879
588 3887
3108 2825
984 2328
3559 4143
3359 6057
3356 4650
369 1921
640 4860
4370 4507
369 7170
2861 7391
1726 3542
3867 5677
2156 646
2311 1031
2943 4011
1070 4467
1693 800
4117 6447
733 4298
2694 6512
1814 6459
916 4975
2679 4513
2483 6221
1375 3683
781 3199
739 1498
361 3386
1637 5066
1288 4856
1137 1439
1724 6871
4132 3058
2542 3242
940 807
2217 6237
513 4965
4833 3688
2359 1721
2002 4103
3332 5615
4091 3321
609 3582
1930 4668
5019 3555
63 2274
4989 5555
3516 3616
1008 5355
1412 48
4701 49
2979 1527
2318 2508
2631 1196
2377 4756
290 4850
3506 2133
172 4816
4285 3300
4437 1526
705 4449
4805 2430
2506 2649
3785 7260
3934 1594
3753 2717
858 4877
11 7351
4283 423
294 3520
186 7056
3272 2357
4155 6228
4613 5713
3827 519
390 525
2427 5131
2889 23
2830 1046
3361 3028
4264 3349
165 3910
4357 5223
4296 4051
647 5740
901 3500
572 6292
3667 1201
437 3385
1190 3980
1817 5946
3023 1063
3428 7261
2518 6262
309 6409
2596 7251
2678 6860
1719 5111
4326 3976
222 1089
727 4345
403 7161
3229 5432
4554 6206
1819 5942
4220 3414
4924 2050
533 2173
105 5212
4019 6023
1819 813
2241 3088
2552 4225
1077 7381
3433 5577
35 6173
2714 2758
267 3002
2754 6636
2402 2570
1470 6092
3560 760
3908 4374
4381 621
1077 1239
2264 2782
2017 2314
3788 1536
4296 5297
2453 5297
3994 4763
2575 489
4044 583
3869 972
4500 218
39 5202
653 1100
802 2291
3536 6037
1450 854
2242 6456
1764 6629
2302 6773
3394 5024
4165 1355
2426 5333
4838 2494
463 3991
2441 247
4355 2156
4556 238
4439 3011
3831 2349
2251 193
639 6000
2316 314
3307 1040
1961 6781
1551 750
544 1301
1064 1384
4146 2439
3050 5794
40 242
3275 6611
4005 1554
3004 7261
1856 3572
3535 381
1039 2324
1028 4875
3351 399
3041 3674
1044 3036
1663 2416
3133 7247
3411 4812
3949 3853
1299 5604
4349 4644
4706 2530
3873 1109
3417 3957
1851 1457
4289 305
4000 2186
832 914
3376 6808
1164 1537
2039 4134
4675 2498
3401 351
5020 973
659 3533
613 6586
3995 4547
1551 3764
2679 4690
714 3321
246 3274
1237 1255
629 4902
3796 2644
1698 3005
1132 6382
1700 2494
4937 6734
4362 1112
4431 1273
1481 6321
276 4179
3213 3697
4270 4378
147 4401
514 5981
697 1364
2613 6250
3901 115
4150 628
1380 2587
765 7287
1408 4329
1837 2234
4724 484
4609 5583
85 1978
1312 1907
2503 240
3130 6072
2032 2764
2861 5371
3756 3364
553 3846
1804 4414
1932 3329
931 4542
2089 5894
342 286
5023 4086
2965 6016
4450 2670
4567 3826
1510 2337
1311 1733
3743 1810
1727 6095
2960 677
1264 4370
1094 3665
1174 2451
3324 1011
2558 7216
3001 7300
119 4725
1531 3879
5029 3267
1400 5409
1179 2786
1173 5421
1834 2148
4122 5019
4632 1463
2491 4332
4262 6176
4784 2754
1734 438
319 4407
3830 647
3399 6546
3635 5497
4951 6197
3181 2912
186 207
3005 2607
3747 3956
776 2174
3267 1148
1394 5262
4168 4357
3418 6777
1037 2984
835 1491
3168 51
2433 2231
927 5823
1212 4937
1478 6441
1744 7042
777 6151
5021 6557
4982 4619
2653 2086
943 3408
1318 1281
4271 3631
4297 1581
759 5917
4053 255
1207 2017
2359 3921
1314 3818
301 3000
3465 6927
1171 3921
22 2782
5036 4528
1624 7401
878 2289
1564 1295
1992 5898
571 7114
4457 7288
2717 7028
4459 2213
4157 4284
464 4826
3398 7006
31 6478
2777 5245
1665 599
2380 2999
1596 4521
2013 4298
2386 3583
1218 847
4856 3243
22 3089
640 1387
1324 2370
3793 5052
1486 5267
958 2100
2227 2480
4949 6869
2193 1587
2455 4423
382 1701
348 6125
3655 6145
519 2774
1122 5222
1039 1800
1988 2561
4529 6246
2929 3722
3097 3471
199 2856
1989 1009
4344 740
4024 5665
1967 1541
2446 993
1176 2139
2928 7260
2605 5267
4666 4543
4557 4851
1561 4066
3969 2318
650 5316
743 2510
911 5180
3472 3096
4025 4561
2842 567
3017 1655
1990 4879
4113 1475
2024 4566
3867 2428
5021 305
3026 2245
777 4764
345 6018
4339 4927
709 111
2741 4636
2736 1991
4142 1183
80 3541
4558 5740
2813 2056
2248 1886
1857 4040
4227 4541
1021 867
2080 1895
1027 1281
4050 5052
3938 3544
1417 904
4023 7171
619 7091
1424 301
1263 2530
325 5502
3410 6271
1464 7040
4332 6291
4499 4506
3861 510
1639 439
2611 6455
4305 528
2051 5313
1126 1381
4601 5052
4890 6410
1741 2297
4361 1522
3088 1958
50 5985
2564 3503
1722 1718
2236 6887
4189 4029
1026 721
2991 1968
296 4114
1938 870
3522 4928
1785 4577
2289 5731
1387 3448
2783 1059
2792 6035
3407 5625
1418 3366
3180 4255
218 113
4403 2001
437 5247
113 3574
2240 7246
2840 7314
603 1924
4752 3066
1778 4171
4466 1602
3311 1020
1578 7005
3677 204
628 33
2828 857
4082 3172
4768 6844
2748 3640
147 3918
3627 6786
4041 6997
3336 581
466 7118
4042 1567
3198 5818
2313 1549
4797 4623
4319 1586
926 6400
685 7251
4690 6959
3433 1716
2290 124
1260 1055
1622 7230
4025 4078
2923 651
1064 6554
816 637
869 6199
1622 2401
1510 5982
1655 3833
1725 30
556 5090
407 1774
2473 3695
2029 2629
2477 4845
883 3989
3934 362
3580 160
3679 5379
1161 6898
2338 15
1223 6629
1683 2120
2648 3685
4696 6075
1397 318
1665 2129
614 307
3716 5840
4019 6959
837 6980
2226 5294
1706 1819
3198 790
1521 1832
4711 4276
2540 6642
1371 6059
1816 1444
3358 3113
3446 104
690 917
548 3506
4446 3783
2236 843
94 1848
1937 353
1731 411
414 5091
3023 727
2731 1052
2459 6892
2054 3054
491 5524
4200 4281
3268 6038
16 5559
2904 3700
299 3405
2844 6996
487 1994
2494 6252
4134 7078
1019 7392
3126 5504
3886 989
4275 5570
4034 549
4113 7202
2600 746
1785 109
5015 6429
2927 3292
1635 6086
3362 1833
1936 1716
3583 2975
4802 4820
1072 1465
4823 4063
4812 1882
3657 5424
245 3355
2404 4015
1624 4525
379 4558
4204 6265
1979 1973
2029 1049
3039 5873
3299 24
2331 4093
798 5272
2956 1910
1613 7164
2129 3780
2658 1245
813 3817
3966 5893
4155 3185
733 6699
3938 928
4249 7184
3553 983
4471 744
506 6776
2550 6977
1532 363
828 4315
1783 3637
2223 3209
2967 377
159 915
1077 4253
4333 3688
1736 6820
4039 1563
2214 639
3665 4164
5010 2569
2744 587
2811 7042
4728 3283
2541 1112
2571 4721
171 1020
2135 6789
2800 7333
2118 2418
3319 5959
4241 4178
3991 4247
273 4696
1578 5295
61 544
2263 60
4576 3170
2436 4705
3491 3755
455 1025
75 6074
3090 893
3131 6733
3685 6742
1572 2946
455 210
1594 2989
3920 1130
3459 4851
2649 7071
560 1079
2007 2925
4424 3701
4471 5928
357 1995
16 4622
4612 7291
570 1184
3782 2258
2711 588
741 263
3940 635
2411 3663
2644 3817
108 5220
2285 1508
700 3991
4793 2882
2026 1214
207 598
647 5357
1869 3952
1992 6112
1801 3950
2770 3953
2461 4209
1263 112
3211 792
3724 992
1318 2760
681 5880
4868 2144
744 4377
2419 25
3112 2683
4627 598
2490 2933
4119 4917
4985 3929
3409 2826
4486 4243
4464 2291
2779 1630
4304 7310
112 1579
2568 4300
1210 6522
504 1213
957 7251
2371 480
764 4118
3080 2960
2124 3030
4882 1030
1902 6543
2175 6175
748 6223
2763 2678
3540 6991
2646 2363
2256 7276
1162 4835
883 4264
4483 1553
3137 6943
3085 5324
3938 4915
879 4510
2080 1362
2127 3053
1224 319
4477 2351
2488 400
239 2791
3630 5586
4234 2164
3501 5582
1185 5155
1843 513
983 453
1693 7193
658 1676
451 6861
2203 7117
2783 4340
1572 4895
4249 7104
1163 2082
789 2444
3150 2410
1665 5512
2376 6661
3566 6767
3542 1537
1595 1010
2534 5731
1724 3806
4810 459
510 4192
91 4008
352 4390
3935 3375
1480 3558
4034 6245
246 7316
158 5953
1084 5453
3411 6280
3743 336
2617 2278
4057 2648
1979 5480
3171 2222
3585 1899
2538 3374
4409 6088
222 3870
4582 2936
904 2046
4485 4037
1707 142
409 4717
3423 1066
2727 1851
1498 5193
1550 3161
4634 4906
1474 6719
3079 3740
2856 6478
52 4717
3652 5749
3099 3844
4594 1307
124 5779
2336 6999
2415 2016
3155 1627
4456 3645
2792 6969
3274 3775
2268 5389
2547 360
2529 105
4276 367
2979 4961
905 4300
1513 6691
4504 748
3355 7103
4000 4117
1771 3819
3240 869
2031 1282
359 7227
2932 5513
567 4733
4882 1207
1628 5090
169 419
5010 1456
2035 6014
1429 3550
4640 6191
1928 394
4802 7401
2176 1059
667 5720
220 243
2993 6590
2225 4483
3345 2388
4731 6185
4256 5396
4058 1101
1502 1068
1499 1226
4128 1454
1258 2430
3795 6368
3066 2729
93 1206
3108 2092
4787 3257
3168 2460
4506 4420
2064 4706
4054 3410
2289 2141
3244 5294
401 4318
482 5518
1085 3839
736 6092
3661 1333
4713 967
4231 7177
3112 2608
4782 6985
3663 3524
1252 595
714 4732
4580 7244
809 2088
3343 6785
974 2949
2782 4325
233 1341
1139 6048
4164 3879
1398 5053
645 4352
2322 288
3476 4574
3050 751
3306 42
416 1963
362 3104
1924 862
1490 3694
1680 1203
1193 3255
3261 1318
4533 2519
1701 7024
754 1581
3139 3465
608 2270
2673 4028
3536 4816
1068 6435
443 3496
258 4642
1174 1976
813 5792
599 1818
1051 5067
1128 3349
3447 5366
2412 924
2599 5202
1639 3820
3987 20
1783 4413
3597 3547
4771 5875
1400 1200
4184 2292
2542 3901
1325 1671
2584 7232
1257 4026
1449 825
138 4243
3548 6543
2590 4863
983 4056
4316 6101
1263 7336
3036 770
430 1947
4508 4140
150 4053
2730 2831
800 5337
3645 5228
1455 6006
3766 3834
841 5696
4850 5488
3912 5247
2641 2165
2942 6690
2790 6742
2654 1137
1986 6174
4568 4676
899 2266
969 3417
2951 6972
1491 5722
4283 2665
4158 6639
128 6600
4878 5167
3161 6454
837 1969
4384 7130
304 1104
3175 2223
4368 2968
4531 1015
1974 1912
4488 3561
535 2119
2661 2628
869 123
3513 6262
2009 976
1157 2993
2252 624
3158 3588
516 3717
2162 4153
2771 3668
1676 6254
1789 5990
204 4163
1339 6242
2552 1913
2961 3554
1324 2181
837 6784
756 5675
2640 3422
4627 970
4529 1259
645 7262
2139 7009
2390 5828
4079 6635
1004 836
3764 5803
3411 4156
4943 2851
4963 100
5027 1238
3215 7008
4378 3872
3435 4240
4691 2569
151 3682
515 5852
682 2904
391 1896
1394 1572
2466 6216
2984 6391
2699 7020
2800 1177
1272 1144
472 1263
4044 3498
570 4150
3873 4665
3959 6026
1180 6017
4571 6506
3969 3988
2612 372
2570 4976
244 2703
3551 2607
3268 2224
1753 6949
2545 7146
3709 5559
3334 5166
4986 5030
2326 6183
3503 1192
378 2448
4540 3947
3334 3543
4334 5070
4833 4709
1766 6028
2521 6101
2025 3428
176 5843
497 5757
2891 6749
224 838
2777 4661
4734 4398
4006 586
2400 5150
1054 410
1194 2913
1597 5083
2992 3671
1322 5373
426 4137
2040 3111
4713 1324
2653 5686
4536 3216
2334 5014
4700 3276
3628 158
3789 2698
592 1352
3389 2117
1108 6807
289 6126
613 1014
4261 1271
4405 6494
4104 2162
296 5488
1763 2459
1610 2618
1001 2803
5038 2476
4880 3045
3422 3587
2516 2949
2300 3135
1269 797
4575 96
575 1942
2186 6836
2257 1369
157 380
218 294
1343 3606
4782 5399
4517 3831
1616 7055
2389 2322
2052 4152
4203 2464
3263 3714
358 2033
1417 1464
1690 848
2758 311
669 1659
1193 3101
3500 3280
1104 2566
2252 4297
755 1984
747 2707
58 5848
1751 2372
3235 5504
2379 7391
2397 2657
3400 3558
2538 5950
3024 666
1037 7249
4385 631
964 3141
1496 5572
2179 6822
582 6748
625 4040
4181 1500
3175 5078
1833 6961
3462 5224
4241 73
1477 5591
2716 2418
3465 5418
2069 913
3125 1348
3769 2121
2519 4417
2736 2769
3063 2233
3439 4176
2676 5595
940 1119
3700 4633
320 3489
1829 4277
1148 1565
1096 3349
1549 3134
1809 5802
4187 4074
1059 334
1421 9
2511 2731
3092 6530
269 1660
3303 4082
794 3775
2504 5705
2343 4196
3198 3088
2047 1573
4260 2970
2594 1728
2075 5398
3492 798
411 5640
583 4550
3727 1858
4289 2730
2306 842
1356 447
200 5518
4941 1672
284 5398
1356 5804
4779 2439
4731 3204
2543 2134
4955 3030
4819 6924
1512 4880
2417 2790
3603 4156
799 1153
4126 4317
2573 5618
953 1931
3290 5384
891 1603
2294 5272
4744 1207
4730 791
200 6440
3669 2112
438 3493
1216 301
647 4705
2430 7018
1297 6379
1762 5278
4980 1652
3801 782
343 4387
2694 2487
4914 3374
4527 3981
1902 2176
3085 1714
4846 284
2159 962
112 2504
2487 135
342 3028
2816 7199
4445 1031
168 1743
4730 1431
3634 2644
2627 978
2365 4847
92 7146
1766 2826
277 2426
305 7042
1246 6016
2521 472
4319 7070
4006 1768
735 4502
4065 4265
1670 4292
1983 3780
3982 6783
2933 4676
3905 7420
33 1698
2807 6285
5020 3605
1593 681
3724 5068
110 5914
2953 6764
589 2981
1831 4454
1769 3230
623 5887
4041 6941
3108 794
2700 7085
1953 1392
492 121
2144 2170
2792 1429
1140 715
3301 2320
509 1697
4520 508
766 4459
4706 2391
4440 2099
3087 1650
2488 5744
938 688
4527 5629
2122 2387
2974 5705
423 1953
1370 1603
784 7295
2605 6469
5047 5247
3069 3455
4714 1234
1413 4040
2092 4436
4268 822
942 2436
3862 2479
154 3799
499 4046
295 5580
4837 5921
4799 5085
2979 4622
1899 830
4388 5286
2491 315
4346 4621
3143 6579
1302 5346
3222 312
2372 6199
4491 3031
4094 7068
1650 344
1040 5281
2542 2848
4504 5584
4015 4265
393 1225
233 2587
3149 3679
2747 3129
4217 3667
1819 4382
572 4011
3070 5018
2253 6856
4872 4117
2737 3482
3484 4638
2625 6201
2267 3042
2089 2224
3848 832
1413 2895
1087 2860
2385 1095
4370 3718
3016 4620
4412 1880
676 1310
4943 580
707 6222
3955 1098
1605 535
3335 2983
2107 5431
319 5147
3736 6108
2178 6202
1110 2085
1247 5224
749 572
4264 900
4352 1206
1680 3955
2451 771
3727 5466
2264 3986
1887 3873
3171 4201
113 618
2016 7113
4669 2836
2570 7210
3785 3375
3754 3360
401 2166
2152 3431
4220 2945
4054 887
1250 3996
876 2140
2659 623
815 4542
1593 5873
4485 7258
699 7249
3659 4653
4550 2577
1696 5423
1175 5235
5015 5488
4485 2861
209 306
418 7181
96 3711
386 2108
380 5510
18 691
4386 1549
287 6254
2421 4846
2192 104
2070 3182
442 6489
57 1546
4031 5081
2891 4215
2169 5193
3087 2718
440 5010
1134 4083
3315 5890
2338 5094
3721 6066
2013 3751
4196 2628
4982 827
3697 6104
5 4273
650 4192
5030 5462
2716 5986
3479 6049
3853 967
4812 6852
2984 4139
3691 3245
3455 3349
2376 1809
1441 3941
3782 5471
214 408
251 789
4484 2149
3682 245
3692 2231
1462 1920
3577 4314
3869 734
2616 4222
4088 2145
1212 2278
1019 7249
3627 5461
2341 2311
1273 439
2324 284
3725 4311
276 3920
4466 6908
4100 2324
4467 4994
1619 1501
4054 2114
1478 5725
3196 1075
577 6585
3694 112
1319 3288
4946 417
2647 4751
1730 5590
3422 1918
3082 3541
4602 5135
4154 437
3315 4571
425 1237
4865 5235
2128 5821
3293 1259
1288 1787
3419 300
2390 4171
4934 3965
3879 1089
1371 7165
1094 6058
2379 7246
2540 2973
2982 2770
1239 6230
125 5639
3240 368
3902 3393
4712 6773
2947 4688
4207 6530
3988 1126
4855 1683
2443 5362
4052 5619
442 4679
791 4996
816 7282
2533 3771
738 5879
4633 1126
1406 1670
5011 872
2530 3217
3474 1775
617 1511
2413 3789
2947 6202
2534 2457
285 4436
3892 7122
2250 1124
2545 882
1466 2157
948 4615
465 4357
3922 4671
3954 1591
2348 5131
744 1828
2789 5552
2899 1554
66 984
4945 3066
4165 4374
567 6473
3257 3051
1440 4555
4957 7055
1392 187
1862 7041
5003 5261
2370 6516
1874 6817
1973 7075
2557 3234
2790 3427
1142 2173
3644 4384
1367 1898
633 3897
320 6656
3138 4784
2100 926
1617 2327
620 5076
597 1870
4471 907
737 3538
4756 85
4854 329
1551 1600
3510 159
4451 1616
49 3200
3379 542
1719 747
2430 4754
1783 3760
4366 4486
2197 7271
928 6042
3981 2145
3461 5492
3378 2100
355 4995
1430 6521
976 106
3994 3250
4888 563
2868 6907
503 6623
2782 3722
3646 2607
308 2205
3934 5209
3801 7366
1862 5954
4900 3498
969 5257
1689 6987
4169 6486
2609 4791
982 5839
3502 5515
812 1732
4444 2306
523 6945
2970 5815
2993 381
5051 131
118 1370
2165 6584
2884 1902
2678 2477
3869 7239
2596 4724
2909 1028
4975 2057
2187 3610
1868 5746
1080 2523
1428 4853
1579 6374
2650 2920
4342 1225
3361 1376
1394 4002
2797 2343
3530 3295
1067 5152
4008 5131
1206 982
459 1318
226 5963
3429 5446
3118 342
3330 4730
3338 646
1774 1373
4697 160
4017 6096
4393 6474
1000 3091
382 948
1895 5321
954 3566
1585 4248
2657 372
4493 411
3371 2075
1730 4654
2756 6961
2886 6311
605 4209
3825 542
4389 2273
193 4909
1756 6927
2274 2780
328 5485
1074 6435
4839 756
4610 1652
4920 4558
4004 2895
1994 1119
2003 7215
3936 2367
562 4556
4780 2129
2450 2731
574 1543
2201 3093
1194 7090
3102 1952
2160 5448
949 96
3845 4829
371 4667
3862 929
2056 2978
4559 3627
2133 1217
277 4599
1454 872
1083 2603
1280 5016
3393 7145
1079 2304
839 611
2440 1475
3162 4184
537 3969
901 6453
4705 5694
2113 5062
4243 541
1003 1409
3456 4020
4621 83
94 7303
2722 3169
3871 5768
692 4280
2606 6720
4258 5320
2481 7113
1606 5131
797 2384
1678 1308
5030 6554
4555 7392
3390 1327
2630 4780
213 386
4363 1241
2649 5756
1628 1111
807 6346
1910 2606
1135 6649
3578 6980
804 5614
1484 4516
4923 1274
135 7157
906 3174
4050 5897
3065 4094
2379 6359
3748 6384
130 2273
563 1051
4428 3234
1515 4847
551 4273
3906 1499
82 6110
3937 734
340 7179
1212 147
4600 7252
1991 2295
4861 5335
4817 401
2863 1751
4565 7239
999 880
957 65
3537 4970
2857 5660
559 6946
3790 2935
1287 2445
1184 2492
3473 4004
4366 2612
1458 2305
1475 6504
2980 3047
1947 5404
1310 5994
372 3737
4423 3431
4137 1318
4427 2482
2153 2164
1277 915
3479 4298
2748 6790
2143 1222
1915 3173
1999 2702
4362 3950
3599 5604
4716 722
1771 2167
2597 432
579 4441
4623 7232
4248 353
4473 873
4407 4055
2238 236
3253 6110
1117 2077
2414 5969
3542 6978
921 6637
1459 1086
4607 3377
4087 6109
3235 1553
4888 999
3671 1106
3448 7188
3642 1794
4626 7360
3501 5408
864 6102
4640 4724
3127 6548
1177 6997
1333 6905
691 1476
1896 4217
288 5730
1337 2179
3793 534
3121 5757
3551 2784
5036 6305
4645 3696
2092 935
3504 596
4460 53
3556 3957
57 7078
1924 1167
4615 5715
1152 1300
2918 5177
96 1209
4630 5882
1896 3248
2316 5311
2866 4286
460 664
526 3420
3481 5833
1332 954
4422 701
4491 3334
1496 5307
1456 2931
942 5849
4804 3374
4094 3391
2262 2141
2742 4049
606 5104
4843 1231
4713 273
3066 177
623 6249
738 2195
1239 5035
3945 1583
1685 4589
4025 2599
4240 1162
3021 4432
2665 100
2766 2555
1015 5213
1324 6486
1030 4564
1755 4197
955 3142
3795 2130
2048 4540
42 5437
497 388
1927 2135
663 4473
3389 4131
3056 672
531 6489
823 4829
3323 1776
4838 6260
2894 2049
4595 5839
2798 744
4452 3609
2837 4190
650 6355
1739 1313
1224 6115
2877 7123
2118 4367
2911 5247
4038 2125
1990 5932
2073 6194
2973 6968
409 2626
3331 1638
168 883
274 4189
671 3609
4823 3832
1080 6307
765 2074
2880 4025
4040 1190
883 1458
3329 3346
424 6674
1910 4814
1075 2880
4225 3936
157 5094
2549 1521
3861 6468
3983 1711
14 1911
3026 784
438 361
4307 2835
2687 1882
2357 3590
245 5404
1157 5632
1487 171
2423 962
4397 7134
2546 97
1337 5427
4935 7205
2439 6118
697 939
3226 6264
4298 3200
4297 2532
569 3583
1955 5586
489 3361
846 703
461 2253
4345 5040
1571 4808
3837 4272
459 6582
2961 7040
4102 5974
4682 6953
1372 991
1874 2406
2244 5122
2589 1436
3128 3043
2979 4409
4561 165
960 1525
1569 2061
2086 1973
2984 3376
548 4446
4400 1626
2772 205
4676 5687
2775 633
2563 7316
688 4542
665 2585
39 2190
4603 4254
4191 3403
2084 2768
2741 6496
3454 4611
4847 5447
3436 7207
3721 4710
2451 2573
2914 4538
2353 7071
4331 5192
4120 6505
3661 1261
3216 2590
3688 7204
1810 7265
614 300
4325 5124
2752 5286
1931 3265
4630 5992
459 360
2087 4244
3027 6991
2318 2455
2119 4362
892 5605
1410 2510
2647 7339
2868 5077
1800 2618
1739 2096
1217 5236
469 853
671 1673
4525 5543
4314 7334
1729 7192
1637 1714
2856 5333
2219 4121
4814 7233
4591 2284
726 4414
4687 4968
5029 3601
3309 2448
4153 3501
3792 4185
3895 5258
1827 3308
879 3608
4891 5978
2133 5564
1389 2987
3720 1558
2897 4811
4673 7124
2374 5646
4673 6541
1643 451
4544 3500
1384 6713
2353 3149
4244 3862
1953 5390
3811 687
2355 3948
161 1530
2526 6159
2090 580
4052 1337
1993 3007
3549 135
1317 6559
1930 4728
2341 5206
4291 348
3366 7109
1567 2359
3260 2594
4530 5038
2783 3373
4712 4193
1717 6650
136 1202
2052 7345
2825 5704
429 4724
1946 7333
2603 4208
3267 6797
3618 4410
4482 760
4877 6657
2876 1090
4976 4538
459 1402
2458 3494
1529 2077
4495 7416
632 1576
3134 3593
4140 4087
230 4380
3727 3088
3540 5149
4422 1109
400 7357
3993 4850
405 4402
493 1090
3666 2829
3457 4532
2574 5014
4876 1350
824 1548
3694 3454
2297 1906
2888 4795
1501 1587
1225 256
1855 2717
610 5691
4156 3975
1175 3878
1240 6272
4678 3114
1218 2752
1902 5798
4168 6615
4332 6521
1773 6972
4722 2747
1166 3080
3869 4063
2006 4954
2775 2534
4244 509
1833 6813
3117 4909
3155 1721
2913 3150
2854 5630
999 5031
3766 2768
252 5448
4183 2651
163 7057
1943 3173
1755 5315
2252 7209
2351 4747
756 5197
2442 4381
2366 5760
288 136
347 1870
1660 3639
3688 6120
1065 1797
3567 670
1050 139
328 2825
2394 1299
2583 5116
2994 5535
379 6954
3842 5088
2215 1618
647 3334
1147 5248
21 2484
3409 3330
3132 164
4773 2542
3426 4781
820 2278
2628 2598
4477 2198
912 901
2308 6573
3949 795
2114 2665
2221 4966
4787 4353
3583 4872
3235 4703
3214 2259
686 6511
4236 5495
3018 4115
1109 6130
5019 4868
3063 4406
1820 4839
2360 5888
4893 3346
4501 523
4458 6190
4569 1063
4547 1998
2602 2175
1114 2283
2330 4635
496 3012
1548 6465
2955 3200
2319 3474
3666 943
4982 2414
3505 2374
3071 1612
799 1684
786 5410
2466 3684
1767 1593
1913 990
768 182
791 1756
3854 4214
43 1332
80 4212
2587 4956
175 6487
4988 638
675 4851
4220 6851
2298 3810
4402 2919
2206 2456
2019 760
4654 1453
4074 3458
1324 539
2001 3211
3406 3442
3146 4926
551 4042
1796 3587
3559 1015
3311 1766
2304 5385
322 962
337 3973
2639 6571
3110 5875
2537 5741
2983 6785
3574 4571
4699 4542
861 4854
3849 6215
1584 5960
4400 3090
3889 2037
5020 5144
601 2361
2916 6948
490 951
2430 4177
4255 4720
4191 3611
1167 3378
3035 3358
1995 4384
1233 848
2953 6792
613 1978
384 6224
4800 3472
1607 3032
429 2438
694 1027
4819 5787
1162 1868
4415 5406
3208 2835
3065 3350
842 4296
3652 156
2501 7309
4368 4767
2870 7262
1574 6953
371 6842
3012 5460
1785 2432
1792 3948
4510 2852
4903 2824
1875 1790
262 539
1287 3759
123 6764
769 7391
2352 338
956 5825
1268 2630
1318 2518
4886 5829
1096 5325
625 6525
28 4905
2130 2631
789 1271
4925 656
3498 7070
4301 5030
3161 2162
3899 3581
1974 5062
3029 6002
3163 1733
1731 2067
3529 2850
3320 5192
4462 6282
4118 4366
981 5461
1661 5596
3092 3935
2718 3753
2368 5474
2574 2490
2886 6192
4284 5067
1668 5277
3327 6419
4344 3320
1654 3096
1909 3691
4144 5594
4850 6031
167 5263
2214 5873
4692 1747
4072 5603
401 183
1923 1509
3492 3295
4149 6075
2583 3381
1372 3040
1102 3312
4383 1140
99 6372
1127 22
3778 2689
2446 5687
4280 4019
2708 2398
1738 377
1087 1010
69 1065
2017 1378
2809 6459
1973 6717
4878 6517
1593 5806
1890 1235
2274 4751
4191 4394
2964 4588
1413 2364
1244 2802
716 5005
4020 6907
1062 1910
2071 6929
674 3078
4064 5099
3035 2535
3607 521
2387 6689
1534 6750
4898 4175
2054 5381
2932 72
3900 2334
2712 2566
1971 5749
3550 5551
3372 4687
1065 2360
208 5588
581 1663
1046 2213
4793 3775
3294 6917
2908 6826
5008 2027
832 3916
3596 5364
1429 1307
1170 1956
3477 4446
3160 287
1404 900
2881 3033
13 4925
1694 936
1565 6886
3218 5859
1242 2301
3827 4433
1284 5029
3085 2719
1507 5528
954 3909
2269 896
1115 6562
945 7412
561 2279
4862 5566
2947 7373
2107 4697
157 7303
2039 4379
55 1975
237 4045
3162 6893
4181 3774
1261 7371
4297 1346
1865 4396
4099 3184
1610 3206
4478 1267
3993 2865
4198 4088
1788 6281
2415 4454
3160 4696
3653 1201
4149 1470
1132 4995
2573 228
2344 2072
1672 4871
9 4994
1471 1540
1885 3358
1819 4688
1877 6068
4304 3946
633 4925
196 6876
4999 6361
397 1867
4689 7206
1355 3884
2321 4749
2119 7049
4898 3534
2517 2314
4954 738
402 7398
1876 5594
3750 6819
2761 1538
2069 7338
4010 2164
3939 796
1340 1443
2772 1751
3267 794
4770 7155
1629 5041
15 1521
3209 1592
3209 4412
656 2197
4074 1757
4423 4057
687 6248
2743 4094
3643 3148
2950 839
4056 1570
3201 4292
4914 2078
2576 5148
3186 4019
3192 5837
1220 3453
3384 213
143 1059
2509 6669
2838 5681
1208 2477
1314 336
2733 2711
3662 5771
3202 3305
1729 4780
249 6787
1298 6785
4257 796
1650 3238
495 474
3105 6881
2931 4090
3718 4751
1703 5483
2856 1737
4535 6703
4336 1016
4144 1164
2801 6236
2715 1950
1850 946
897 3767
2659 5430
4711 6942
4448 6038
4051 2017
1000 2765
4934 5751
3272 5161
1026 4069
1141 5016
2980 6658
396 4666
4342 7171
3009 407
354 7256
4744 2617
1174 2760
3404 4256
1556 1189
1224 3187
820 3253
1969 7348
4091 1479
205 4039
2789 217
4910 3984
1580 1326
475 3058
1118 1932
2406 5402
1698 6022
134 4817
2008 1018
1971 3336
2310 3208
3131 4366
1432 2500
4636 6823
4243 425
4476 4391
261 5116
3855 6254
2168 3579
1551 4272
4820 2719
2300 1513
2442 6098
3683 2126
3245 5979
3487 1934
1259 1726
4796 1418
3417 2062
1816 5817
62 3402
1065 3159
1636 1967
2457 2178
3777 4211
2030 6821
1096 4072
930 4370
616 4950
3193 5516
178 4734
1277 4782
1236 5899
4973 5218
5001 6916
1592 3392
3832 5518
4549 5203
1648 5524
3442 382
3592 5229
4702 2181
1290 610
1456 5755
3159 1863
2783 937
2293 7388
4924 5358
1677 348
1804 7063
3170 4650
3771 1205
996 2660
2661 3171
3264 1986
2457 5851
1518 6145
891 231
3989 2603
3050 6997
2272 7262
3118 484
2157 4197
385 1690
2567 6071
2310 5693
4990 5025
4954 4787
2116 3066
3690 282
4538 5461
1928 935
1681 6675
2040 3326
4515 3584
1243 4046
4600 1613
3479 722
2420 2949
2195 3587
554 2489
4219 1747
1698 755
4327 1715
3145 7409
3995 6446
3103 3606
627 314
1680 2460
2551 5716
4156 3042
3114 1441
1431 2211
2139 1419
2423 6921
3125 5881
2435 117
1501 1610
4690 4979
4127 2091
2287 4484
4009 5033
4817 2912
2465 4117
761 97
4210 5677
4862 3516
1207 6137
3168 1246
4898 3766
1863 4153
523 3711
1478 3523
2862 3288
3910 2055
226 4000
1013 5476
2383 3007
101 5587
4045 178
3476 2300
254 1337
2068 3728
1402 2437
2 2335
2344 2521
3589 3421
3909 4993
3763 6847
510 4616
1814 7164
3420 7082
4941 1809
2985 3110
2627 6378
3973 2974
1491 3937
4051 4565
554 7008
3346 57
4942 1643
1178 6578
2045 3651
4933 454
358 4
1415 4900
1227 4974
4700 2081
2399 6767
1392 2058
548 3506
4220 625
4134 1316
4421 3449
1398 3969
1504 5755
3801 5243
321 6024
565 3934
3937 6130
3374 864
836 6038
1663 2238
1031 6290
4444 3576
4112 2139
1251 6051
2105 1630
4814 6673
3623 3202
1878 4274
3448 780
2000 1889
815 3249
4285 4146
4053 6435
2929 1197
5055 4331
1304 5323
3132 1739
1994 963
1154 2547
4296 7278
1964 6366
3055 2640
2585 1282
1365 6348
1193 2311
1149 733
3489 2460
2986 391
17 281
4111 6861
2570 2088
1705 1671
3507 5326
3709 5851
3016 3709
3347 5513
2015 5292
4130 3622
3580 6935
3964 1298
2775 1036
1993 3528
3694 1885
1911 4692
1554 818
1529 4584
4041 203
658 7404
4942 4807
3888 6009
2806 3898
550 4358
1874 1570
4581 3024
4981 900
4182 4017
615 6346
2491 5761
544 2409
5039 6550
3571 6741
627 1695
1537 2008
857 2753
1953 4479
3887 153
3613 3003
4777 3910
3157 7272
4064 3549
4170 7022
383 353
1798 3161
3094 6779
4968 617
1869 6052
1523 487
80 1362
3521 5023
1191 1984
771 401
147 1742
2675 7410
903 1402
3300 3491
4899 32
533 7399
219 4259
3555 6047
490 4097
3452 1094
3171 5226
3911 1418
945 3836
86 483
834 2821
3966 4854
1492 559
4540 4012
3681 1583
2567 4715
2925 4316
4850 7277
3056 6758
4929 6212
2455 5872
1602 5835
4710 1143
3596 5600
2049 87
3977 5762
2586 3762
2705 3627
1545 5094
834 6834
3000 4849
4695 1315
4753 2691
967 1203
3112 5513
1562 6484
4271 2311
3990 153
2438 3807
1116 7080
4762 4660
1104 1706
3250 4310
2600 2697
2193 1623
675 946
79 5550
4927 2417
294 387
4630 2570
2774 5734
3215 2297
154 334
2096 4886
4082 4875
3187 5276
3963 2436
1262 6209
4085 4386
4591 3072
3421 2342
4996 7369
3158 6563
2207 1957
4675 328
4189 200
3573 4162
4841 4152
1568 4250
50 5805
394 2259
2147 228
3314 6374
2129 872
4092 2485
2667 5781
4059 4753
4374 3044
2833 4273
478 3905
3727 548
4178 1407
4620 6643
2272 2899
1205 4567
5032 863
1144 4156
592 5135
2224 3773
2837 4280
203 1163
1926 3881
348 6573
3673 5824
3316 4679
1856 2295
3239 667
2914 1229
2650 4806
4203 3792
4792 7319
1568 7217
4520 1610
4905 5211
4903 5092
3396 5322
4279 4623
3402 2057
1571 2151
4116 2993
4503 2610
2021 3144
4284 1921
1883 369
100 906
977 6778
892 6593
359 4649
4428 6135
3555 4993
2238 7247
1819 3834
255 2141
3828 4689
594 467
1490 3594
4491 1341
3394 3042
3017 6930
2430 1200
4374 3861
1109 5439
2875 2873
1616 6008
396 2064
1732 5655
478 4361
4151 4537
5025 3352
1237 5782
3229 218
2021 2546
612 1304
666 2160
2750 195
1672 7274
713 1608
3982 3815
1567 2275
2290 5669
1068 3607
700 1559
346 3189
4745 2287
435 6999
2232 1182
979 286
4188 6749
419 3400
577 1439
1657 6205
1979 565
2183 5924
3886 3972
1845 2689
2269 5320
4864 2230
3006 878
491 2640
1215 6596
4172 7024
2555 3008
2328 497
3625 4438
3472 384
1261 1817
2100 6297
3342 4046
1505 742
3696 6744
2125 4410
4269 7062
2425 3962
4779 444
1446 5415
1508 6877
1052 7
1701 6997
3564 5976
3943 3766
4040 6455
1097 5904
4737 4407
497 6303
2613 6737
5005 6589
5054 7037
3196 3890
2774 6751
4569 4418
61 922
3023 4246
1100 3315
4254 6907
4963 5865
685 831
4957 6751
1759 1204
1944 6227
3262 2660
1237 1526
3982 6072
3968 2500
4354 1930
781 323
606 4240
3959 4144
199 6569
71 3965
1525 228
2345 2089
5025 3127
455 1556
3497 7119
1713 7305
3139 3671
3385 6468
3480 6884
3577 484
2278 1117
4117 3487
4942 148
1214 1029
2982 6682
4492 390
2009 1762
2544 976
832 642
1249 1584
1717 3854
3283 1048
2227 689
174 4400
3601 3387
2913 1771
3182 3299
2180 6737
3377 1106
3580 1481
1856 5163
2048 2211
4692 4852
2494 4564
1726 7098
4171 4627
4792 6207
3420 6179
4816 377
785 5179
3985 7301
2274 3753
4528 4624
4093 6377
222 7285
909 524
4136 1680
3022 4546
1878 2003
2282 6614
3107 3614
4580 7080
2223 6742
2484 3448
3843 5717
1672 4991
4333 2876
3921 6391
903 5745
4751 3092
2146 5511
1151 3047
3329 6929
3397 5434
3364 5908
2859 6404
2863 5837
887 5929
4147 2971
3058 3647
2818 2969
4600 7382
39 6502
2245 2354
826 6940
1853 4617
3395 4030
1966 4761
2131 130
3647 5174
3832 2636
1141 7102
1389 4932
1164 3076
3370 5320
1115 6069
1517 1704
4989 6068
1848 6431
4550 371
1977 402
4483 3672
403 4988
4382 1588
725 6545
127 1186
3951 1615
470 1803
1270 3314
1211 5367
4250 5890
256 185
3998 3421
2886 6107
2323 6818
2979 311
4400 317
2429 4526
2323 1253
2549 7188
4000 2725
3894 904
1508 4727
1826 5440
4616 38
4638 6202
982 7134
2720 858
961 6584
168 3603
3317 3611
486 6233
2007 6726
550 6885
2706 1373
2705 595
1497 3736
2361 5863
3938 4020
1980 5349
75 5088
2180 1318
4886 5233
3436 844
3226 5262
3544 2898
4017 2593
3637 1147
3387 4132
1061 735
4264 2692
4076 904
4494 4547
768 2816
1140 1713
1126 6422
4844 5213
76 5321
3818 7133
2680 1413
4907 6400
3830 2288
4656 6057
3872 2123
2974 5510
1606 4840
4009 3992
3214 2118
659 1350
2437 6921
1074 3577
1528 5872
2407 1567
1161 5048
4411 7201
1308 2811
335 7408
2433 5349
709 7325
268 2457
4708 3948
1740 2578
1761 4082
1081 890
3743 3887
966 5442
2738 5528
593 835
4660 4400
624 4816
1578 3987
1055 778
3343 2855
3605 5847
1019 1070
2938 409
5 4190
2088 5776
3010 1401
2495 5374
2628 6984
1887 640
4082 7149
1888 1250
365 4381
2019 5177
3265 1250
2433 6091
1873 5965
2018 2839
4994 543
2729 2953
1204 1219
1963 4626
266 2633
478 2374
4170 4917
542 5594
2189 1487
1630 4294
4600 4416
2314 5714
4674 4317
5000 3163
2708 5841
4781 4180
4068 4361
3517 5747
1199 2023
745 6013
2634 2936
1424 7121
5021 1601
2122 2325
254 3950
464 6173
340 795
1769 4270
4966 1122
727 1940
3007 3494
1935 1908
707 1660
1089 5895
1933 707
3995 6647
1410 555
626 373
4465 6708
2899 3858
2056 6290
3554 5372
4539 3637
4613 3174
487 542
4363 6133
852 924
2108 5733
2386 963
1963 3581
3528 3430
504 6464
4758 7102
4834 4706
4734 5176
2386 6594
2755 2017
3058 2112
2401 5469
2798 3850
4504 3392
4750 3592
3693 6296
2300 5807
4341 2746
4037 4623
4543 6127
380 3927
2626 6389
2378 545
4797 1429
4042 2497
4816 6058
1921 5487
2831 5713
3883 5432
733 5707
3486 5246
4053 2974
2316 6096
362 6194
2078 1909
2141 4662
1980 4434
3223 4617
354 4868
4469 5112
2853 4972
4785 2350
3697 6213
153 3054
664 6008
125 3874
1152 1793
4544 4598
4946 4429
402 52
4215 3924
841 3538
3258 1019
1906 3203
2677 5791
3894 2550
1812 6767
688 6958
1178 1511
512 1687
1931 2531
3256 3523
1555 3989
433 608
1617 3348
4735 3962
4508 3162
732 1976
103 3963
3391 5797
2580 1846
3012 6606
5029 701
4640 4863
1738 5837
175 543
3832 4506
1968 6887
2483 6674
2244 4334
1101 416
558 2800
781 2946
4901 6242
4092 7032
4643 5499
1410 261
59 7273
166 901
2475 5943
1224 6402
4000 6276
914 2852
3839 5466
1303 570
3511 798
456 2088
3617 7240
4650 1454
3944 1652
2505 3462
1328 1495
2232 1717
420 2649
303 6424
3635 5579
3721 758
2832 3049
4769 5153
1826 661
4924 732
3885 2182
146 1509
1031 4308
558 1889
1948 4883
1041 5466
255 1401
3378 1341
4300 5240
2377 2178
4066 2282
619 3158
1538 337
4901 4745
1580 7401
2825 2160
2400 1888
4966 4688
1917 2944
3418 612
1438 3901
1609 5548
3939 2945
3638 3855
2660 4723
2602 154
3605 6843
4387 2233
2720 2183
4484 5327
2955 250
4620 3524
740 1737
2441 6801
4569 5086
4945 3487
2627 2710
231 4217
283 710
2426 5294
1501 2868
2402 4981
1106 2413
5011 4235
1894 2689
4203 2998
92 5861
686 91
1258 4972
4610 525
3649 2378
3181 3198
4866 3913
1959 2244
1745 4828
361 4970
4892 1440
297 2553
3403 424
228 4665
221 4242
3619 990
3201 5685
2935 3391
3564 6919
1881 3042
2079 4546
4805 356
194 5060
4898 6375
2384 4598
4200 3629
1712 77
3026 1238
993 3017
4644 5556
4901 4440
2027 2340
3939 5051
1272 2984
1754 2752
889 2610
4094 2070
559 3839
2750 3536
3879 6902
3202 3872
774 5666
805 6825
426 2091
1838 2551
2713 7214
4064 5110
321 5813
38 264
675 6619
922 3893
2962 5196
831 623
4850 5860
2589 4773
348 1910
3165 5556
2861 5548
3391 1833
4151 4981
4108 4501
4306 6988
143 6198
1655 1179
567 4749
4604 513
2084 2355
747 6638
1449 5023
4352 6295
59 3818
4053 890
2955 5635
3093 1024
1317 202
1331 2327
495 6858
2157 6944
4062 4925
4549 333
469 4222
2887 1885
3791 2990
3500 5221
1840 1827
2548 631
4822 7050
475 4457
3591 4257
1489 4352
4947 6554
4152 6486
1001 2552
2009 5171
1707 3715
4325 6772
1259 4285
3944 4071
3274 4593
2114 1603
2068 1857
4328 5293
4934 3863
2439 618
968 6049
3794 3363
3323 4822
1091 3661
4743 732
1638 4104
1700 3984
2141 2146
262 2943
325 5170
4216 3767
4375 957
4268 3247
3022 2415
4386 2585
4586 4462
4475 3574
2940 3665
1959 2346
838 6506
2059 200
4953 4025
3078 1324
2701 2905
3586 6390
4555 1266
779 6855
4923 3442
2264 5989
706 5740
4887 5997
4300 1168
1158 3594
1324 1653
2176 5933
4320 2021
1362 5630
167 1017
1908 4067
4881 2593
2348 1153
4218 5470
3691 4750
1225 6788
2318 5557
3325 1297
3135 3257
102 7121
1646 1990
4986 3790
1853 3335
786 6470
4604 3112
1652 351
2028 4913
2735 715
3945 6794
2838 5908
3420 3748
307 1006
4780 2118
3615 1851
737 799
1709 3211
3804 1317
4255 486
3766 849
530 4036
3340 860
4896 6166
3942 7204
2912 2948
4199 1904
3247 552
2981 6075
4511 609
1579 2095
4948 6638
5014 2714
367 3254
3693 5569
2444 1134
182 6878
955 5666
2975 1181
4387 6620
1318 2029
3284 4557
506 6655
4651 2794
2122 1908
1151 6047
4138 3270
1318 6438
3698 1940
107 1045
1122 4424
4424 5203
773 3977
2620 2942
2507 2845
3945 219
1577 4343
4726 5070
4176 6152
2314 50
4041 3770
2956 4960
2141 424
1343 3839
232 6219
5007 2054
3331 4011
2707 2154
2783 6500
4794 3369
2772 5708
2615 1557
2096 2339
1707 368
1697 3553
3012 842
2127 1331
187 848
3298 5432
4433 4850
673 6334
2760 4859
466 1260
5022 2405
142 1462
809 5618
918 7171
1604 3467
21 1623
773 5893
3034 7387
4477 4079
1116 1200
3169 4939
4736 5551
4911 2928
957 3349
2894 6766
2666 6653
3399 1300
3779 128
5008 1070
1748 5204
2220 4672
4861 3433
778 4041
4293 3793
644 5364
692 7301
3623 417
4000 5579
3150 1310
102 6674
115 5321
2766 3371
882 6931
2178 1355
2520 5517
3705 332
361 7033
2605 687
981 5698
4202 6532
2266 5601
3238 6820
3357 3833
1790 1556
1450 3328
2825 6071
3704 1604
1758 5575
3077 808
2370 7256
3650 7310
2416 6610
195 6015
343 2653
2493 5364
3487 3481
4757 5209
1756 4949
3227 7008
5035 4396
1747 6173
4351 2032
1334 4538
2380 5221
1504 3439
4909 6327
1442 3925
412 2702
1745 2275
3558 971
1750 4991
4659 2507
486 3595
1050 4894
4170 2954
419 325
4288 1320
4408 2432
1501 1956
4809 5733
4540 6117
2803 6694
1164 1668
2057 5554
1942 4113
1003 5930
3486 49
1339 1468
2138 2751
2645 1627
3519 4293
3118 3911
495 6469
2212 2452
3614 6021
1884 939
3270 5672
2540 5676
4494 3382
1336 156
1787 6167
3649 4448
1848 7118
4670 6434
4182 5473
4062 3060
1691 7249
4441 6966
1476 4909
72 5528
4406 4686
2231 5956
2292 921
4578 4494
3354 3972
1381 7170
3441 558
1087 2973
4121 621
4853 4018
2189 4049
2480 3842
2203 1265
1154 4999
3510 4445
4577 1735
3373 392
3036 4043
1825 765
230 7402
4205 353
4024 4042
1589 6931
3963 729
2408 3625
893 4315
220 5994
1571 4985
287 7042
1033 1855
4815 5727
406 3351
2491 5750
3872 808
2799 4532
4356 4458
3510 4313
3655 6430
1280 6074
4706 2464
1183 5896
5025 3039
48 2248
4982 4779
2232 2904
1024 3465
1372 1133
3278 1842
4598 1445
2722 986
842 6065
3289 4687
3791 3902
2712 6851
3683 925
1838 2064
1518 4102
2814 5649
3500 6260
3005 3010
2898 5829
4310 4615
545 3296
4650 900
2028 5393
612 2808
53 1131
2943 1562
4961 6966
1870 2561
1420 3341
1155 4191
2104 547
602 762
1409 4364
1190 6492
3180 6554
1917 7103
2160 3342
685 3422
681 3799
1212 5433
2307 5421
2248 4849
528 4202
1869 3370
27 371
2362 7148
198 7377
3410 1298
2272 908
2700 5655
4587 6631
4729 5761
3423 3839
1012 2541
4489 2888
3580 6509
3621 897
2499 1216
1067 7015
574 3370
2653 6410
1637 2295
1558 3164
3098 4045
5035 6202
330 201
951 4761
4206 3589
973 1219
435 1443
2706 5787
1669 312
3424 2790
545 5647
1569 3627
5030 5516
184 5288
4277 1689
2934 3452
4971 4258
4505 4732
43 326
463 4346
3167 3135
1265 4753
3176 5049
1969 2358
2071 6839
3098 5738
4058 6715
1618 6225
1896 87
2745 3831
2252 6998
3807 4937
868 3727
2851 2758
3246 6212
460 3721
4062 5619
4191 4228
24 5658
2135 5875
1423 3934
2190 7412
3086 5462
3774 6509
3070 7192
3682 1419
210 4945
2893 707
1963 4433
1969 6326
1907 1250
3117 1395
3894 2007
426 2350
704 6009
3198 2381
2379 3629
1949 1824
425 5545
2345 6164
4622 1595
43 4132
2853 45
3199 7182
2837 5688
2679 2993
4054 7299
1439 1886
361 4883
1457 7314
2147 4292
3047 2426
508 3528
73 714
3532 5895
4957 1186
1973 672
1704 6861
2243 2761
4223 2933
4059 2616
4253 3800
4835 4344
2147 4026
264 987
3465 70
2693 3684
4339 627
2097 3940
267 2582
419 4463
1959 1526
1572 4019
4717 2851
3771 3615
946 2721
926 2248
2062 339
4837 6793
654 2597
2059 7265
4038 2188
3056 2369
3661 3581
478 3823
3557 4896
4340 4075
2490 1850
3291 1758
43 3323
1882 5394
3236 3186
4557 2434
2626 2925
3760 6674
2385 6292
1711 722
3412 6774
1670 5200
3413 5238
837 182
1106 1122
2450 402
1020 3826
4663 3081
67 5069
4203 3135
1933 2879
2876 5264
715 566
186 5272
3125 2224
2250 3780
3890 1022
335 2325
73 133
4724 1482
1878 4622
3991 4581
3249 4700
3007 1647
2571 2213
4925 6253
2005 336
459 5030
2756 567
2189 4997
2100 5712
4186 6706
1971 6781
1836 2715
3896 6807
4979 4071
1411 4475
477 877
1483 7116
3755 3429
1952 2475
4620 869
478 4995
839 5404
1617 4781
1627 5819
1262 4050
3115 4419
4142 5308
1584 5838
2697 89
930 4470
4369 6811
56 1190
329 6824
3956 73
4955 1900
1965 259
356 3743
191 3073
3673 4097
3618 1918
3122 1113
4626 393
49 6305
1607 4930
2093 6105
4177 2153
1252 1795
862 2670
743 2231
1115 5690
603 6743
172 3868
197 5543
1023 1779
3974 2230
3988 6363
3152 5178
5014 2132
887 4330
179 3803
2372 3646
2508 4274
4543 1456
2724 436
3690 1807
1429 3112
384 5105
3517 4949
4138 4435
3663 6608
2140 4128
2305 233
506 6838
4147 6343
1493 2633
5008 3908
181 613
1384 2481
1945 6845
2217 3113
1668 1717
4465 4628
488 2176
4751 7087
61 4850
823 5231
4465 5558
3709 6940
4320 1651
3408 6292
1632 6820
3563 2088
547 3709
4712 437
1979 6859
4075 704
3534 4899
818 6701
1057 4782
4971 847
1834 2776
3098 3513
3928 113
3264 6145
3175 7284
3594 5935
1034 5126
1091 6219
4972 3308
4262 347
3309 6879
1078 5592
4842 5451
54 1342
3020 7124
757 617
3483 4659
3220 1455
1104 2478
4944 1236
2083 3312
4691 6380
1750 350
1936 2077
4332 5580
1586 3340
1016 2339
1227 3365
1913 1309
83 4408
4531 2733
1017 422
1228 3529
4566 355
690 6462
4403 7113
4852 2938
83 3248
3040 3991
4236 1125
702 4400
4548 2822
2247 4413
4254 2774
4164 5472
4457 6286
689 2331
4278 3684
1065 5636
3453 1735
3042 6483
4808 2491
251 958
950 4174
5041 987
1720 3590
3313 4935
2625 1156
3182 2523
2380 6970
216 5257
255 5882
2144 3059
3874 5443
1216 1752
1728 235
3916 1132
1791 2643
4533 987
739 751
4711 7298
1269 7232
1225 1089
613 4490
1110 7185
628 2122
3289 5451
4402 875
4121 1942
1184 3146
3048 4338
2976 3461
156 7106
4460 4133
2698 7113
3713 1257
108 5644
3305 2265
4635 6677
1034 5052
347 1494
1101 5217
246 2886
2535 380
1835 1377
2655 1822
322 4879
3538 1521
2499 3692
1829 6228
2138 3127
1860 7029
1054 1539
4587 5936
820 7029
4622 3680
30 2553
843 3853
3622 7027
367 91
4173 4943
696 4058
1263 6542
3458 2073
1622 3066
2775 29
2891 1613
4747 1539
4792 6436
3576 3394
453 481
1691 5672
4776 5408
1661 4745
1480 4219
2994 5098
4869 3168
1762 2696
4378 7173
171 6186
4678 3213
3373 4410
3626 2599
3508 750
1731 4584
4587 3298
2332 4294
3510 262
4846 1017
2902 1071
4931 3240
3880 497
2315 408
202 4234
363 2576
3708 722
4276 6082
777 936
2361 5189
1022 4469
3854 23
3218 257
3196 7061
693 186
3115 3957
2381 4162
3727 6686
4873 2675
2308 1032
1483 409
2777 7415
3854 2146
3024 7317
3629 6842
2711 7156
3529 4465
3256 4351
2264 4627
4499 6919
4342 2871
2308 688
5020 6804
1865 4171
2855 1908
2552 6719
4952 5212
1040 3548
3518 1265
818 624
3033 6239
4059 3960
3198 5146
2482 7200
4537 5492
4224 2751
4834 6866
660 5454
1413 1082
4421 2032
2687 405
2872 6058
2542 1123
2462 6218
2019 5284
3529 4892
3042 4043
4782 4223
4448 4609
599 3652
1293 2062
1205 7090
2208 6050
4319 3569
1514 5305
4220 6304
1845 4872
4923 6017
4275 3129
1518 2830
1798 5846
2779 2658
2112 4356
4305 610
1002 2505
2966 4898
1789 1283
2212 5148
1930 1305
2684 4701
860 5114
763 652
1339 5911
2042 4154
1625 6263
4543 5450
104 5278
1820 6786
187 4994
121 2836
158 5443
2509 1957
2651 3922
2349 4248
4382 6008
70 4223
2290 7124
3269 4464
2523 2098
3903 5164
2104 109
2962 6595
442 3166
4250 2715
605 5383
2602 1383
1382 7175
3005 6685
716 6904
3271 2813
3959 3771
4562 6067
4726 4890
4768 2213
3764 2112
3824 1511
3817 2199
269 1554
1202 1040
476 76
4268 1371
2082 4039
824 4270
534 5970
2942 183
389 4059
2606 6873
3773 5004
968 4460
2242 2606
80 2048
4113 1819
2983 5215
2926 2264
2175 1369
544 5762
2154 934
1314 3032
471 3006
864 4893
537 5343
675 2673
2363 5963
1402 7385
206 5204
2170 4624
3411 1230
2303 5469
3581 5271
725 6166
1766 5705
2614 5241
4323 1519
2046 3457
1495 4508
2416 3924
1707 5127
685 5337
2252 2180
3219 5541
1925 5177
1499 5059
3181 4127
3510 687
3878 6760
3692 3067
4822 4746
3922 1628
2008 6137
3475 3218
1519 6039
2747 1704
3992 4632
4812 5995
2213 2045
2085 550
801 3777
2825 2838
3414 2867
1640 1722
1566 4068
218 6621
97 5516
2469 6962
147 5573
2282 5731
2297 854
766 6781
4394 6717
3890 2868
4510 2015
2010 4779
1284 3593
2982 1677
4628 2914
3445 5251
1756 4199
2656 2233
4000 7159
243 656
1235 5631
2524 657
4527 6736
1848 745
527 913
4466 1749
