5000
1843 5199
1340 3246
4322 6619
2053 5444
722 7755
1475 7590
3371 779
825 3783
1376 5137
446 75
2945 6346
3111 2807
2945 4302
995 3363
380 5120
2198 5033
462 4279
1094 8141
4346 6158
2472 576
1117 7882
204 2579
3510 6707
2701 1411
875 6956
2315 1976
4357 2652
1629 8136
693 3013
2319 5570
2249 144
1009 6889
1514 8378
2803 2611
475 4539
449 679
5 7741
166 6940
2983 5014
2224 5823
2918 817
3162 8149
1526 6113
2005 7292
1287 4916
1510 637
3522 4109
1901 4271
3774 4662
2641 6540
3491 1293
4471 2841
4321 4643
3104 8090
1979 3642
4185 3863
181 6621
2377 8324
701 7894
3768 6209
4224 1514
3083 6685
3299 5766
723 7165
905 242
1453 3539
967 6300
3512 5035
2737 4268
1927 1472
3192 5391
3156 5763
4365 5896
588 437
2927 2411
902 959
836 6195
2177 4605
2403 5466
4105 3300
1404 7484
2866 337
2928 6521
293 2520
4013 239
566 6399
1169 8412
322 1128
1616 6608
2366 1841
1534 328
443 8241
1626 3751
1440 5626
529 6128
1891 8181
876 3617
384 5546
2506 7756
2598 5881
1161 767
1904 7708
2956 7042
467 3550
2967 5541
2241 6191
3484 6123
602 3894
4387 6685
1446 7190
2129 5585
3459 7580
963 2046
2461 2337
2598 3056
621 3853
1067 2822
57 2547
1249 788
3481 5333
3865 528
2414 537
4562 2141
2767 679
2293 3679
2450 2009
4409 3537
1349 965
367 8155
402 6366
2924 8145
791 7731
927 326
1468 7754
2918 4893
2489 1738
866 3200
3691 1440
4467 7604
71 3200
646 5366
2415 5900
1975 7045
4529 7452
50 4710
3379 3209
3679 4069
3243 6136
609 6681
2474 1606
1109 8225
4262 469
2089 2424
4249 8394
132 2831
2410 3292
1291 3848
1657 4274
4293 3875
212 7162
3075 361
1881 8000
4539 483
734 3570
721 1929
4019 3911
2956 8278
2791 8078
3589 363
90 2200
1190 2750
311 6845
1655 5283
1558 3668
4302 4713
1776 5727
1872 4081
1788 7659
1506 1175
395 733
2313 1549
3170 7442
3141 7839
3827 2872
633 1084
1607 8094
3635 3940
1351 4331
1641 2516
194 7133
1007 8022
530 1710
213 2302
3828 6788
778 1915
3217 3450
4125 4430
4254 5848
565 2560
1695 2149
3492 2653
4387 688
2464 5361
1024 2340
2470 5637
1304 3629
1676 7945
3925 743
186 6932
660 1015
1363 1892
2738 3471
1182 4518
1000 2872
4126 627
1947 5313
1289 233
2778 4643
4496 2225
1242 2666
4558 3905
3121 4073
1163 1383
2006 6518
4034 5089
4072 1785
1195 3974
926 3013
3998 4360
2508 2876
3248 116
2550 2219
2075 7393
1560 2369
2171 6440
806 5034
2457 126
3319 7522
521 3643
1572 1700
3365 3267
671 475
1260 5675
2106 5980
1937 779
2526 141
898 2404
247 5093
4268 543
704 6641
4373 7485
3283 993
2150 8287
3880 7854
2498 646
3488 81
3471 6342
3268 5440
1694 6727
854 7250
963 31
4576 4105
1657 7953
2518 507
3224 2146
1272 6330
278 3570
3863 5094
2431 4914
94 1189
1884 1798
661 4446
3944 4162
3040 7070
1514 5122
475 8183
4535 4420
3918 5020
2018 6785
1514 655
2045 8015
2852 7557
1738 2712
1739 8120
4153 4307
4238 7566
1397 8163
2356 6632
1239 3835
306 5571
4282 4110
1938 5322
4161 6228
397 6990
420 7398
3688 3162
924 2563
3608 6292
1964 78
4493 6144
1156 7575
1658 3895
2080 3883
2493 4978
59 6048
4372 1029
1823 4494
2527 8170
1193 1896
1531 6191
3281 936
4536 8373
3148 8018
826 8247
4391 1460
1940 1011
4466 253
3077 3665
1233 6264
1655 3315
1633 1175
1509 3437
4227 8203
2009 587
4135 7144
2341 5729
1972 7136
3418 441
2008 3182
969 5801
2837 7453
3781 163
3568 2465
1725 5083
2468 6581
1311 4358
3947 2658
2116 7344
617 1229
2503 1773
4284 6504
2094 7608
482 4730
1255 321
3820 4473
552 836
492 1860
416 880
4145 4934
567 7909
1843 2692
2139 1821
424 3161
4360 3966
1481 2991
4564 2126
2847 3258
60 4817
3856 4798
1922 3618
2405 3932
3888 6960
1818 2685
3141 4982
845 4979
2469 2739
2351 3122
1460 2278
2210 1504
242 5831
51 1732
1797 3580
843 7731
4232 727
133 1170
3303 2144
3802 3794
2811 774
1068 3491
2852 6093
3901 1192
3894 5081
483 2719
2354 7689
4173 4098
2188 4239
1687 2799
1201 2410
578 7481
1453 3870
1164 6190
1707 3995
4490 8296
3912 1642
2676 5265
183 3899
3376 986
1661 4716
26 1867
189 7792
1847 2508
4071 5184
1166 8338
1171 4028
1150 2841
4476 4004
4364 8435
4225 8179
362 1586
3869 6301
2657 1892
2233 6727
2793 4460
2588 6001
195 3847
4442 5685
3665 835
2914 5123
1910 3998
236 3476
3779 2856
3669 3835
13 2570
703 3866
3314 5006
1647 2928
3069 5910
3002 516
1266 2505
1948 5579
3044 5538
1733 3811
2536 5689
4112 3871
4477 7729
230 5681
2840 614
3837 2277
137 3792
235 3225
2301 874
3311 777
1306 2806
3363 1754
101 1867
1061 7411
4022 700
2929 8267
1344 803
4347 1468
2517 7010
3194 1024
3808 4116
200 1519
4115 7890
2479 4431
2302 20
3451 928
875 2180
2020 2000
3912 2496
2130 6592
3901 7197
1113 5667
2965 8151
655 90
1447 4263
3886 4769
2128 8209
2757 46
2284 5356
3210 5276
622 2408
864 79
147 2571
3631 3575
2220 2574
218 4113
133 2009
848 5083
1397 8254
3900 5706
2091 468
2664 572
3102 3633
3129 6170
4535 482
797 76
1162 2441
3167 8088
1166 5049
559 1009
3254 1450
4 5264
2721 3305
3718 3126
4316 196
4090 2196
4253 5594
3829 8236
2784 2345
2661 331
2244 4454
1811 5567
2165 8022
4055 991
3208 7046
1299 4371
3713 3640
2272 5415
575 3231
2791 3864
2655 1895
4113 619
1877 248
334 1854
1390 5681
199 8075
3401 3200
3864 6217
1821 816
3908 2862
230 5054
4520 5003
2034 4123
3081 4789
2097 138
1283 8114
2640 1184
4486 2163
2910 8244
4504 5607
1438 5106
2323 6005
4014 6474
1203 4359
4332 5210
4441 7369
1537 1672
316 6484
2483 5544
289 51
3564 5586
2185 43
820 4617
367 7258
3095 3738
3973 3685
2650 7440
3909 105
3921 3200
3423 7749
2326 7269
537 3575
1155 1162
2979 7584
687 5766
3096 7848
4303 7729
2745 8062
2332 2700
1448 6008
1093 5880
691 6747
976 5526
548 4647
3328 2916
1052 4448
2260 1757
2977 4692
2611 7366
829 280
3021 4509
1078 6103
1824 4908
3128 7445
3474 1119
1679 4971
2601 787
2315 1359
2182 7623
1439 6229
1907 5014
623 7233
3333 6967
3246 1235
2055 1684
1233 2419
798 1958
1993 3045
2438 4258
2905 4954
392 6744
3790 5156
537 6658
1658 4959
3447 7207
1300 5122
1478 743
2728 2479
1151 4937
3854 3138
1620 7882
517 3024
1377 7990
3474 3895
3478 509
3681 1041
4192 2146
512 51
4215 2033
4542 3328
1443 549
3560 4655
2068 5937
3407 4204
722 4025
1881 7961
1127 7657
136 3764
1423 4900
1621 7537
2927 5878
8 4766
957 3943
4215 6844
2793 5264
661 6737
1060 2218
502 5049
3005 1624
3891 1393
3964 5870
3796 5014
512 4338
2369 106
1509 6902
2337 1303
2180 1519
2176 1045
2201 5781
168 5838
3909 504
4041 4392
751 2986
229 6945
1753 8405
78 4076
4554 1585
1061 3745
4052 202
3423 7770
3303 166
1662 439
1877 564
4090 2523
3400 5056
2857 7029
2652 703
3288 5225
1937 8030
3184 6419
345 429
1056 8224
1145 6809
960 3238
3058 15
1180 7500
2403 739
3493 5380
2067 1060
8 7134
1293 5682
232 6033
3876 8327
2626 7404
774 4336
1955 459
3411 7627
2606 6121
4200 2696
290 3868
4277 3624
1724 3783
2581 1232
2673 2642
3282 277
4476 1196
557 6413
1289 163
993 6334
3361 2164
3134 5659
3262 4703
1590 8144
3971 5446
1721 1497
4539 6417
4142 5144
1240 8027
519 4889
4059 1945
199 5088
4196 7636
1009 3197
1746 90
426 2384
2358 1385
4549 4836
1711 7766
4034 5415
2118 192
2338 2663
1433 5381
1446 7624
2680 116
3918 4535
2721 5057
583 1947
2387 8033
1580 21
3329 3051
259 7174
1904 7888
3913 8028
3481 4910
4009 1470
4358 5303
1491 4762
618 1356
2181 1610
2978 1829
3414 7464
1990 5254
1566 4568
2287 1329
1735 2314
2621 737
789 1085
1581 6558
997 8308
129 5133
2446 463
1259 1950
137 2495
2592 6105
3478 2534
1037 8195
3083 5260
2828 7951
4073 7611
4009 305
2687 4466
2186 4339
1646 623
3664 5657
3992 6699
811 1554
2875 8108
14 8413
2658 3003
755 3442
697 2972
2326 5245
4011 7634
279 6604
2004 8033
1611 2625
4479 713
219 4799
791 1403
4087 708
840 1203
2887 1760
3677 794
2404 4060
1374 2782
2526 2044
2098 1260
1209 6621
10 7768
3499 4506
2861 2991
3155 2671
3014 5541
1923 6501
2467 685
865 5478
352 3438
969 6036
224 5971
3748 1424
3915 317
924 777
1077 6949
2367 3544
1879 7822
1267 7291
2977 200
69 434
3658 5264
2241 8244
2565 3150
2703 1260
3248 8168
3377 3093
2134 2853
1909 7409
161 1503
2412 6735
1870 7689
3587 6542
415 5376
2963 393
2421 1474
3874 3828
4552 1908
3081 216
2253 1037
3465 7136
3485 5648
434 1414
2481 7989
1039 5830
4170 6718
3083 250
1723 1289
1380 8438
4093 1832
3538 3788
4310 3530
3517 6634
2643 1155
1231 6171
945 775
4382 5604
2074 8270
1258 6568
2955 2694
819 3675
1776 4294
61 2130
3204 2104
1391 1953
3628 2669
3996 3880
3005 3649
296 5053
2506 6469
4300 327
2428 4264
2656 5421
3734 7237
3178 2414
2739 6093
2437 7059
774 5329
418 3339
2468 8310
2994 6894
3768 6364
2641 6890
1472 880
3689 750
3810 3130
723 5150
890 1173
1268 2624
3897 4428
4438 7003
132 1373
3893 6193
1558 1977
4030 2819
3804 3942
1180 5581
2741 5565
3593 7791
2876 6461
1374 657
4057 4582
2306 4953
665 3795
1311 1708
1627 177
467 2991
631 5834
3707 3654
189 6141
1718 5578
141 6548
3833 2801
4222 169
256 5343
598 8428
1598 3030
2862 5713
3517 2374
1448 5894
2827 4433
1236 1642
3759 6421
1270 4030
2984 3561
4156 2826
3937 2650
496 1414
310 5081
1491 8040
2278 128
2037 7697
1942 4510
724 2316
1808 6344
416 5981
3907 3615
57 5301
3405 2512
963 3709
4011 5110
2820 2558
3492 3035
3848 6199
2270 2833
2235 3840
1970 3395
1976 7817
1642 6433
1547 2505
252 3202
484 8272
988 2285
1220 6032
3955 1627
1984 1158
2390 6869
3616 6470
2997 1562
3104 7096
2627 1133
3306 3796
749 7480
4290 3235
2983 2780
2231 503
2045 3899
2720 242
452 772
3519 5697
1731 4605
1442 1904
2483 7936
892 5606
2864 6737
3797 3836
3892 7251
944 2948
124 8232
1484 7831
1914 1802
4078 4852
3818 5650
2039 7437
98 5659
3510 7947
203 7113
2539 960
718 7085
50 2716
2388 8081
926 4858
3532 3338
4466 8191
4436 1247
4306 2134
3642 985
1563 2758
718 2245
507 8241
3126 4737
2428 7237
3718 4698
3189 243
1761 1935
887 2044
4534 937
429 1959
476 3458
2700 6510
3819 1660
9 364
410 4620
3296 4529
1564 2696
1518 6087
1110 905
3647 7856
2491 8269
2139 1336
1197 6779
237 3059
3337 2784
4494 3952
3921 5143
451 7397
3404 8054
3062 4598
4061 8029
1840 7809
2450 162
2127 4243
4126 1161
207 7762
1362 3944
1757 6208
2195 8072
3718 8317
1534 7483
2134 5926
4252 2419
4386 8387
4508 7867
2927 5815
2441 5017
219 6036
3691 1083
2085 4312
1601 3933
372 2436
21 6427
4304 2526
4166 5147
2279 53
1092 848
2706 4996
3542 134
4452 2167
4243 5026
1441 558
127 2351
3087 4643
3475 4347
2499 2687
4579 3647
1400 2953
780 6028
426 3618
426 7108
1004 7044
3357 6754
2217 6764
744 79
1684 1610
2591 4848
2004 3414
1876 2233
351 8078
3611 1917
1235 4972
3914 4086
3191 789
622 4688
4320 5572
2909 5376
459 3177
2920 4578
2791 5847
4513 3481
4006 3091
1163 6204
1009 5643
2445 7105
1818 7259
1153 846
2304 2516
3063 1245
749 5178
68 1659
1856 7078
2029 5017
1602 517
3806 3589
2350 4586
612 1175
731 3641
3589 413
4017 6379
441 4397
27 5768
298 8308
1954 594
1617 7666
2036 2284
1579 2267
2782 7640
4331 3985
3495 6146
4548 7496
196 7897
2702 3235
1866 6967
378 3856
3429 5721
1341 5175
3858 3304
4252 945
182 3023
3409 6508
1705 7172
4364 4751
2700 6245
2533 4660
1105 3815
269 4870
432 5413
4068 7429
2175 6484
1021 5738
2515 4748
2586 5417
3428 6935
1374 6546
566 5464
3306 5871
1429 2635
3202 5396
1867 1095
2715 583
2641 2604
2900 6818
462 2822
1290 3273
2112 6757
3227 2454
4056 8107
3317 3802
1533 8018
3033 659
3986 2291
667 8291
481 1631
4 8160
4573 517
2916 2925
3520 1555
322 7496
4509 671
4490 2286
1774 3184
3513 8372
1872 3256
885 7192
4015 2080
2267 5863
2083 2877
1109 8292
805 3806
561 4184
492 6826
2641 2152
4576 3413
3729 1524
2614 5153
3099 4025
4040 3977
3227 6759
4491 1213
2125 5496
473 2644
3410 1506
2893 6199
4263 3859
3234 8107
1919 8209
2588 5378
2016 1863
2231 7116
2435 2112
3305 7831
144 3457
2777 512
1337 4576
1747 5806
3671 4272
532 3091
2955 1691
2938 782
2344 1252
828 3861
1472 2275
1845 602
831 5174
1064 7518
774 4551
2205 915
3971 5010
706 4510
3885 4866
4300 2394
1681 2842
678 7072
832 2606
3940 1265
3546 6126
1518 8370
3945 3001
3143 2432
3793 5228
4415 7121
1289 31
4103 8288
1456 4267
852 4848
1366 3237
3175 1933
9 7577
2859 312
712 2118
2832 6702
1639 8004
193 2701
733 5637
3043 5224
1988 4805
3961 6030
2144 5399
1878 378
3771 1154
273 2730
3633 1572
1249 6293
3 988
4159 7020
1400 905
33 3819
3348 3842
3858 4533
1042 2493
86 8379
554 6372
1511 1740
22 2263
3890 7072
4147 2807
534 91
741 1196
457 7274
3782 7807
484 5789
3130 7817
3760 1649
1385 4106
2995 2336
2948 134
2872 7519
2693 7043
3096 5168
1955 5031
1370 6708
3566 8123
3016 631
2153 5548
3679 5555
1342 5318
208 5299
4207 1915
2421 3905
3550 7083
2405 6475
2881 6837
2309 5447
2108 7225
335 1699
4551 2003
3594 5611
581 801
4186 312
820 1912
3106 6068
1378 4096
1795 507
4580 3440
2687 6948
3892 6636
687 4515
3088 8421
2493 2254
1348 2363
3143 7001
1143 4321
3258 60
3707 5749
3337 3442
163 56
2579 6273
4464 3966
4097 6366
3782 2758
1013 1686
1990 974
1235 395
4020 8119
1240 6151
4033 4713
2905 7351
1055 2981
3113 6983
462 6108
2637 3232
2780 8233
1603 4155
4319 349
999 8124
2545 4371
1553 6170
1322 8174
571 6071
686 6442
3986 4753
3549 2710
59 2311
1308 2067
503 2607
4570 1235
3545 1666
3136 3914
1880 2240
2040 6524
4135 6414
1330 8305
3957 6731
4468 8099
1441 1977
2903 2961
2034 6705
753 1926
194 2691
2823 7187
405 4975
1960 1379
3934 8301
377 1796
2690 4070
2841 8067
3904 5031
295 6739
3595 3834
803 7509
2400 4072
636 3817
190 1884
3638 1087
4545 4752
1892 4508
1301 6790
296 7913
3301 2385
3257 1758
1639 5091
3223 1596
4383 8085
3431 575
4246 1033
1281 5130
224 4512
1449 8235
1900 1550
701 8180
1440 4347
833 4391
3354 189
2114 6306
874 5277
1307 5652
1813 4201
1943 812
355 619
1403 1234
933 572
2885 289
3803 2096
4008 7247
1027 1250
4488 2367
3412 6991
554 7671
1613 1772
3907 8408
4063 51
2608 7730
4469 256
810 7365
3602 6384
651 5248
3735 3216
764 5834
2528 8203
1543 5593
153 7446
2911 3635
2299 1910
1837 2309
124 7301
2782 3450
3507 7714
350 5314
1136 4037
1696 2916
1339 3763
4264 6968
899 4035
3916 2980
1552 5531
2495 3278
1422 7063
997 691
2060 117
2340 2140
845 256
1314 6521
1316 7006
866 6603
4365 7563
2380 6057
1575 8011
4238 5124
3883 7419
3413 8061
761 552
1349 206
3532 7511
1726 5783
3919 2716
4260 2214
1683 4453
173 4231
2920 7646
1432 6090
1606 3104
3244 7605
1059 6498
3765 1477
1553 6548
443 2132
1421 5541
3372 6612
123 3826
294 5613
2780 4150
3355 3357
2570 7819
2491 3339
2384 6219
2103 7669
3326 106
3123 7435
3919 8436
1155 958
2507 2365
3990 5431
1789 8273
1636 3071
936 6295
2156 4537
2713 1309
3149 4043
2856 6911
379 6630
645 3699
1316 4238
4131 8405
4366 4658
1666 960
1659 6451
81 6276
2097 2559
2565 1996
772 7437
11 7118
4545 420
1381 3020
2813 6755
1337 7670
1486 425
616 6040
476 2810
475 7576
1110 3390
4221 7650
1807 4623
2288 996
3138 1881
4050 3691
4401 1390
684 686
2934 6346
3497 5332
3743 7404
3132 6431
1975 3412
2327 6277
4239 5092
3019 1542
1196 7730
22 3101
4580 4338
4264 1817
2435 6965
1982 7614
1574 6910
4216 4479
148 5161
2691 3066
1701 7612
2930 1265
3271 1629
4550 1015
1430 3797
767 5991
1075 1005
3542 888
1028 8217
2411 5636
2981 6993
1816 7059
1266 769
2329 4347
3420 4066
3941 3145
3622 228
639 3916
318 3367
1155 3232
3547 8021
1480 111
2777 6903
1966 6059
4497 8398
4162 5320
2151 5036
3346 48
1047 3508
2354 7835
3379 5902
1499 2011
1780 4689
199 6900
584 2377
243 5222
2335 1967
1032 7644
2536 6921
1923 6264
1723 5564
1875 6123
3236 6958
2402 1584
1407 2276
3868 1822
2387 7404
1233 5849
386 2469
435 5840
2821 3057
3398 438
1350 6770
805 5335
3817 1892
1977 2813
159 3904
3942 7252
1905 3757
556 102
4409 1270
771 7761
3285 7552
3962 3917
3447 6931
2252 2875
3659 4574
3681 7223
3872 2178
4048 883
4341 6963
2838 8322
1020 979
1623 4428
3060 2050
1021 466
1333 6707
550 6369
4241 3671
4021 2453
288 6742
1733 4943
1111 1503
4049 4031
1606 4106
1752 2163
3044 7089
1204 7752
3759 2155
3149 1351
3394 3204
280 8214
1218 1993
1915 1275
2060 4284
454 2551
249 2125
2432 7611
667 3812
4512 3041
3983 1145
1661 4318
842 8258
2831 8091
3735 2664
365 3120
3034 4839
1171 4807
238 5307
3776 3206
4062 5155
2856 639
1556 4927
2307 4514
3258 2991
4020 3553
4411 5919
3831 2583
4169 6800
406 1856
2939 4094
66 1696
858 3406
409 7277
3628 7029
2652 2471
3895 4140
817 3256
4462 8066
3998 743
3788 7496
243 255
1147 229
2799 1161
2712 5813
4036 153
3381 7378
4450 6873
9 5522
881 808
485 2257
3490 1439
169 3010
2398 358
3152 7998
2340 2610
1063 1430
2679 5811
862 6569
233 3311
2565 3862
2853 525
1287 4457
3691 4233
1188 7244
1372 4138
325 6797
3674 1545
853 6617
2012 8085
2796 6091
2884 2354
2314 2727
2783 7388
2778 5513
1699 6126
1932 6381
1051 6257
3803 989
439 3907
1623 79
3237 6674
1157 2215
2890 2665
1511 5039
3574 5891
3002 3232
541 5067
4276 3323
1288 6037
2897 3678
1970 6121
2908 4683
1861 7679
702 1324
3804 2962
4160 1720
3950 6675
2448 4019
4476 676
3756 2846
1293 3583
1047 1563
2078 6714
156 7152
1602 2961
2540 3519
3279 6695
1734 5359
4504 4744
3016 6120
4028 5201
765 7025
1030 6932
3921 3091
176 7254
1328 522
1957 5592
2323 7785
3393 6220
3586 3705
3835 7482
968 5203
1242 6168
3911 1605
4441 2765
224 5941
38 4348
3237 3288
168 7235
1123 6583
3234 4145
250 5831
3367 8221
2563 3670
1689 6333
3121 7746
4495 164
3284 2833
4388 4111
379 2782
2048 1459
4365 2169
684 7917
1258 6357
3858 4369
1135 4196
902 4437
2601 7790
752 950
3006 2913
674 7898
2000 902
4203 3556
3532 6029
4235 1787
3517 3458
682 3545
2406 801
4584 3990
1064 7356
4430 3672
3030 3868
1720 1304
701 3352
1878 8318
2734 6755
183 4075
4571 2424
2815 7121
4145 2373
2591 7629
3390 6904
3418 4360
3880 7334
450 6813
1516 162
4378 5403
1616 5660
735 575
3300 990
3821 8370
2043 679
1952 7891
2391 6962
3931 940
3393 2994
811 1729
4245 4281
2087 2862
4548 5356
2372 3503
2355 2450
4347 7351
1285 4646
1988 4661
2616 830
2365 1276
3193 5639
3507 422
3890 5604
2747 7064
3872 4964
2370 4699
2787 1030
128 7766
1174 8388
4150 7670
4531 1535
436 2753
3379 4193
3814 4604
23 7141
415 1805
361 7633
2679 1080
1559 5354
3322 4861
4071 1452
363 4144
4300 3202
2018 6643
2715 8112
1928 6007
756 457
2603 3415
2091 7120
2460 6109
2709 505
283 3786
4486 609
841 4066
4204 1687
3467 7289
3567 1310
105 5932
406 5589
1872 7511
3770 3485
1731 1000
4257 846
4436 1907
4245 2322
1780 7241
1910 5073
1716 1450
1134 5523
2200 6044
2234 7353
1851 5734
2492 5835
599 7204
2212 1784
4549 7192
4273 157
4582 5153
1965 1348
38 1817
2233 6331
4137 8362
3183 7969
3791 8022
3918 790
2080 2404
385 7052
1406 7850
400 3076
1883 5553
2661 4713
1982 1046
4430 2243
1792 7009
1782 2609
934 4206
1069 6706
1048 1284
378 3740
326 497
675 3103
1466 731
640 4188
3400 1747
3138 1877
1761 2288
2361 6473
1928 864
1473 2096
1452 3250
1938 4096
1127 6196
1672 6668
3998 7318
2912 4922
1879 5133
1855 7017
4564 5434
2504 6590
2847 5560
3452 7697
591 499
731 6607
4460 514
1260 3343
1774 8094
393 4475
882 6151
3080 3613
4208 6758
128 1755
51 5121
4486 5153
4272 1507
4086 5288
1852 817
2414 4753
995 2659
1268 4689
2868 5507
4403 3841
2237 3352
405 4692
1037 6730
2557 5398
1008 3526
2364 5880
3497 5114
2771 7366
3939 696
587 7417
2024 507
3146 3555
2640 4532
2649 5419
483 3884
3885 3001
648 4760
1183 3503
278 168
4305 2842
3566 86
3880 257
2517 5871
3155 5891
3650 5791
4280 8181
2341 4464
1060 7662
534 5600
1625 727
2053 6471
1619 871
840 3607
3221 2633
4101 5201
3705 3959
3324 6572
4262 2993
1150 8402
1821 1542
1374 3654
3697 6716
1053 6680
3092 7802
864 1713
379 1029
836 1736
3305 2093
263 2081
4332 2332
3940 86
946 621
2874 1865
389 4279
3572 1441
1345 2960
3186 6270
1160 2322
4412 652
3104 8246
2589 6461
2451 6772
856 6160
424 7989
1631 3120
1029 1664
2990 1409
1551 4882
3913 6963
381 8295
2434 4333
2030 2322
2194 3537
1559 1807
2053 6758
1162 4296
3011 5117
3031 392
3992 932
3428 7021
592 575
1948 539
944 3194
4100 6338
2754 6073
2614 573
4476 6471
2441 922
4445 6133
3507 6222
4340 3057
72 6263
2224 8440
378 6508
1290 7089
3082 5009
1908 6793
1373 3373
3279 5354
2233 312
844 2511
2206 4784
3452 7847
3237 2555
935 7223
1954 7352
819 4876
3802 4362
315 4080
4282 5288
908 5381
1965 1003
1933 4465
2017 724
742 6972
1436 7481
3418 958
4410 4367
1857 759
3335 3641
1308 6498
70 7734
611 1964
2868 7630
2436 5548
1291 3806
3760 7420
1902 2869
1386 5267
177 8204
2083 6331
1477 1883
3165 5891
600 5408
490 6293
1037 856
601 7565
1468 6059
2604 2486
1797 3969
1959 4072
2426 5073
2992 6541
1388 5699
3431 4837
1443 387
4273 1180
2667 4178
270 343
2087 1604
2898 3558
4381 660
1783 8059
1275 7727
2457 6002
2584 4733
2216 4607
2402 5201
3765 8144
3163 2594
2318 7732
3033 462
2966 5456
4271 462
3195 5505
1608 4667
3372 2654
2287 2071
177 6036
2891 2289
621 1489
609 4950
1145 6493
1979 4974
1461 1441
692 6632
2948 7881
3161 4030
3505 949
2338 6286
2361 5112
2788 5878
1018 3215
3791 6883
126 1832
876 1037
598 1573
3903 5125
1510 807
486 2813
3337 714
4482 7705
764 4563
103 4908
1890 6950
1434 3948
23 3646
3226 3309
2424 2079
1865 5323
1201 1759
2965 4155
417 848
1709 150
777 7922
2288 8161
769 3182
2193 5709
3916 4007
3892 4299
4498 3331
202 6784
2359 1363
1050 2500
1977 5758
1723 5316
1108 4295
1561 1083
1479 6397
198 6029
530 4083
2398 7157
4050 6429
4470 5609
2098 6217
3146 3319
3264 439
1158 4173
3337 4240
4514 561
1450 1779
4388 5173
2968 5805
2083 6573
119 795
1411 1520
2007 6339
2891 3282
2703 376
378 5790
3568 4696
293 7549
396 3482
4005 4768
305 5042
4115 6529
427 3948
1754 7016
4157 4576
4255 5975
950 4281
1733 1935
2308 6927
2980 6256
206 2163
2977 137
276 7080
2678 4092
660 4372
2426 4518
2312 6344
4228 685
1295 3685
3829 5431
4046 5201
3796 678
3039 4632
2903 1178
1586 3045
702 7188
2275 1036
1175 2795
3352 3775
3668 198
1969 1697
3235 7274
3288 4789
3593 2982
2348 7134
3769 3221
2120 36
2184 6235
3227 8133
3767 4634
3372 964
2440 4696
18 3884
991 2178
3455 1882
1771 2651
742 45
209 1684
2776 7346
1640 7738
4121 4559
1036 8382
2375 4992
656 7597
331 5354
4564 4220
3301 2027
2890 3963
839 155
1983 3674
4127 1693
901 6092
3126 1046
97 7801
3475 1631
430 6989
4227 168
3965 372
4476 1350
615 7440
919 3865
702 970
151 488
432 5057
2690 2112
85 2684
4400 3927
4113 4181
3479 8374
120 480
3559 3899
4564 1355
2203 5458
11 7823
253 193
1127 7828
2121 4839
534 4752
25 2291
1981 5502
2158 6267
346 1913
3621 4666
3676 5278
4513 1727
252 5131
838 1899
3592 141
1109 1608
2926 5302
2998 1904
2675 7813
1911 6077
3251 4995
406 6143
2621 475
4362 6141
4533 3599
237 6631
76 7439
1197 5925
1501 6192
1757 3771
4476 7336
1322 3689
3320 7466
3821 7209
2991 5645
702 1609
3461 6522
1499 1042
1450 12
669 7315
3236 2713
3083 8049
3695 6964
3009 8414
4301 7735
3908 3790
4105 1848
350 4063
51 8386
2395 68
3646 4060
2273 7551
2808 1879
573 1357
3785 4419
4261 6901
3392 7088
3572 2236
1348 6276
3278 25
754 2159
3556 638
4166 4812
1328 5500
3642 3775
4004 8441
3916 2274
2497 230
1652 7631
430 5156
1153 7272
2707 7776
342 2790
20 3439
1698 8200
3390 8265
287 37
1685 7846
1091 6605
3158 6704
4471 6386
2919 3659
1090 2249
1944 7041
112 2136
2223 1441
3621 2567
1346 2785
1033 486
112 2722
3116 2571
4310 5182
2337 5057
4315 1353
2824 6855
3834 6822
1295 6238
182 2138
1704 604
58 1441
2215 4133
846 6533
3038 1803
4362 776
2043 4337
1161 6940
2408 7654
37 5630
222 155
3126 7034
2725 4063
4149 6682
1309 2070
2539 5861
3198 7343
334 3683
2832 7363
2188 2472
819 2055
3270 4745
2402 73
4089 5168
2527 1664
533 2323
2538 7336
4580 1743
3483 5335
3638 4447
453 2131
281 5880
2533 7469
947 4071
4466 6629
4106 6989
2336 4827
2401 7106
1061 1861
2663 6295
2765 3316
3674 1939
1091 2502
2024 1377
3390 2602
2136 4858
3955 3715
4082 1003
1422 1842
1262 259
761 6287
2223 4168
4128 6228
3537 8074
2445 1438
1201 2351
2049 6335
1661 1760
2711 3198
1374 1150
189 7491
1784 7265
3809 2711
2617 6827
3459 2347
2350 2475
3741 6188
3332 7317
1033 1877
1836 2978
3048 7097
1462 1884
1960 4904
1122 6767
2270 1934
3210 8273
655 5728
1398 87
2378 6515
3017 6153
2753 8332
1246 4518
3852 6024
1494 4547
138 2697
4221 844
1746 1102
1356 992
4245 5269
1524 5715
917 7289
2421 1330
962 3508
4456 3968
2810 2363
1468 6233
3991 4332
1366 8077
3920 260
1291 7350
1187 1797
1526 1595
2976 7252
168 4381
2995 978
864 1154
2817 2037
1587 6665
3805 610
2898 4307
2237 3193
1330 5047
2379 1142
1817 3392
1896 5029
3206 1993
2995 1062
2022 2667
4145 7931
2701 1433
3455 1787
2342 8108
3280 7391
3044 3293
1832 4628
2163 3521
3911 6084
3437 3680
599 6979
2506 5179
1231 607
2598 4558
961 1455
1700 4435
2667 6988
2573 1001
3954 18
2434 4577
2215 5127
2822 7306
2472 1111
4095 3064
2337 6269
153 4475
3102 1688
135 6906
1107 3956
2886 5146
3281 5735
2712 1697
2704 415
1060 1910
3204 2974
2580 4515
3615 4923
2061 5647
1403 3329
4140 5762
1098 8243
4042 354
3352 2599
607 628
1952 6175
3205 8062
2532 6656
3072 4511
1156 1227
4511 2010
2173 7454
3371 4457
836 4530
2300 2289
263 4727
542 5372
2106 1146
1232 927
387 4254
650 4621
953 4303
3795 2932
3129 4689
583 6133
2568 1222
3925 4426
3269 8413
2175 7702
478 6350
4458 5015
946 168
960 1429
391 2771
1903 6727
1334 7855
1695 396
1590 3933
3991 2959
2870 7740
476 8245
297 3930
3751 1774
2654 4061
130 2785
203 724
3480 8061
223 7702
2636 957
2024 4701
4319 1575
4073 6877
1650 2819
1668 1096
55 8000
3580 4651
394 602
2423 6905
3565 5839
4149 7177
200 8294
3186 8430
1483 120
3350 5821
1147 7268
504 4798
3098 7594
3462 4011
3988 4239
4371 4440
3063 4678
2346 3429
3478 234
2129 5338
3941 244
3774 4465
4293 793
3728 2426
3950 5724
3526 6646
1353 3766
2201 8224
1695 1432
4557 4434
394 395
192 7316
1856 7250
1001 2319
2725 8280
4149 6293
4312 2688
788 808
1615 6798
1014 5516
3434 7528
1191 3362
4062 5296
652 2284
1794 3797
3923 7196
1414 6599
4425 5137
2696 3843
783 4871
2791 6061
670 7714
1102 7675
1624 7455
600 6724
1590 3069
2659 7485
422 6621
3140 7884
412 1128
21 4913
3536 6255
2925 7702
834 2652
1007 5750
2522 6850
3108 3376
2649 6182
1576 6708
2188 2854
2546 2455
1503 8205
3885 6799
1171 3562
4506 3687
3070 5444
1514 2299
4459 5371
3112 7768
2014 6846
3411 775
1040 7823
3337 3551
32 4856
340 6156
3091 200
2406 2025
338 5329
533 5459
248 2140
4565 6343
4582 4981
2273 7143
41 193
126 6974
4091 1907
4025 3600
2160 5047
1584 5352
1143 6225
2317 5447
1705 7623
3911 1766
2497 104
1988 2235
2231 5351
1776 3176
376 2894
2891 3489
2235 7286
2480 1153
2530 6545
4319 8226
1755 3548
663 2885
1714 7360
1861 1616
1406 7561
3143 3309
3723 1412
2015 7394
1415 616
3119 6191
1383 8103
1414 7129
1931 5292
1453 744
1861 2991
2369 2367
4219 1470
95 4640
1588 1213
2660 3591
4420 2129
2764 7425
3812 8252
4338 6784
2782 2877
4303 6359
945 3660
2559 1559
3809 7436
885 798
1472 7644
2133 3931
1414 1427
3237 2508
4233 1628
3676 6044
1565 4734
3627 3718
2636 5989
4184 5880
2110 4798
804 5152
1678 2391
4514 687
3151 3386
349 2084
396 5791
173 3148
4104 7009
4249 4949
3181 2984
3228 1228
3049 3604
1587 4170
3223 583
2041 5872
3774 7332
3442 5275
1572 6895
1698 2980
3620 272
238 4169
406 1315
4482 3824
1674 2269
1320 3124
4061 40
630 5114
2392 6281
3040 6571
1731 214
3087 5830
2169 6226
1296 171
1585 1100
1712 8247
2751 1165
2826 4245
1854 818
2993 3968
1512 6469
1080 1412
1669 7008
1935 5258
3312 1189
3055 6993
1994 504
74 1977
4087 4474
3971 1639
4078 7534
2733 2010
1726 2598
2678 3639
196 2706
2489 538
4254 4107
1571 7194
3934 3445
4444 2886
863 7536
2996 2262
749 4957
3360 2184
4208 5070
4152 5953
2882 5244
2263 1619
1070 4178
516 3051
1710 4685
1823 7643
4565 1151
3428 448
4190 6820
2475 3792
2969 4237
2262 3456
1441 4532
1641 5507
3784 3631
4434 1075
603 5485
1252 2885
4123 4051
3335 3612
3851 396
453 8401
2839 3188
1536 6525
998 1150
4089 5730
1292 2484
4132 5018
3511 6101
4310 7893
3644 7783
2815 4283
1029 3157
3035 7904
3509 1740
2787 3469
2904 8121
702 4492
1968 3025
1276 4559
725 6055
168 791
3264 4525
1550 1078
3374 2552
1977 466
3436 1625
3711 4947
4335 1176
290 293
862 3357
1988 6929
697 7244
4247 2782
3403 5292
166 4146
4138 175
928 8430
2099 724
3591 7427
2607 4666
217 3365
579 4339
2092 616
2747 2558
4208 4336
3223 740
2023 5207
1937 6088
2511 4597
1983 1738
1951 2662
1952 7810
2262 1629
801 5024
4166 1702
203 4353
2724 5319
1095 2857
865 3963
2601 6268
724 6240
1935 3452
3804 2046
591 3224
3780 6688
18 5766
2917 8037
1256 1446
1125 3289
117 7910
3134 4299
4344 2136
2848 2639
171 3599
1494 1017
3904 3526
1843 7360
1807 6177
721 7360
3504 4245
2826 7084
3293 558
3202 7419
1849 4543
4492 751
2861 8331
4189 5267
838 5892
47 2160
1357 588
591 2950
1026 3836
1170 6414
3007 2925
4199 2477
1155 8380
3485 494
3613 4770
4173 5195
2377 4110
3340 7039
2712 4525
26 7867
4503 1354
3118 4260
4435 3601
3543 8356
3671 5990
1756 4257
3172 7456
2742 314
2847 5992
3161 6954
264 3442
3400 3987
4108 4065
1078 6607
1285 2648
821 378
1742 6153
2720 1331
4442 6317
608 5754
4240 1328
1844 3442
354 5819
3227 6294
3146 5666
4292 2475
2885 779
178 5203
3979 4796
1669 3192
1020 8221
3405 7744
4373 4629
1469 6777
3476 3023
1500 3853
381 166
3580 6518
2109 7593
656 6903
2873 5354
2505 1420
417 3883
2830 2848
2150 6480
4383 3643
2449 2545
3420 658
1427 6006
2262 2518
4059 3605
2385 1669
470 2906
2731 4863
94 5620
914 5067
2413 5072
3573 7943
3084 7869
721 6218
491 6394
1452 2354
4271 8324
1570 6272
3310 6098
4444 6503
2929 2103
3011 3402
220 2045
4453 5983
2631 304
1067 4362
3040 1896
2762 2145
536 7396
2005 8079
2535 6967
3316 6872
4496 1354
1979 6259
2885 2600
1658 1746
599 7870
1613 102
1918 5031
4267 762
941 2823
4258 435
3927 1085
2848 4956
691 5957
820 6485
2538 3846
2926 6576
1790 2450
792 5654
4509 8273
48 7708
2869 3277
2705 1243
4514 5192
1253 2647
3123 3679
44 5340
2438 6827
1449 7972
1516 736
2411 4691
753 3868
18 2025
1608 2801
1005 3358
680 946
4092 6087
2804 2874
2981 7446
2175 1299
1473 4826
2277 7992
2651 1766
2584 5116
1487 1429
2448 2901
1060 2101
4087 831
2198 7429
2833 7316
475 5983
818 4574
2746 3073
53 1626
2728 2300
4350 7273
3723 1217
4361 2549
682 619
994 7271
3982 8140
407 7350
4519 1390
841 3751
3342 3521
2035 3781
3191 2321
4496 1905
970 415
3756 8046
2610 4330
2550 3372
860 6757
4212 2675
724 3567
1111 2968
4217 7644
588 8002
654 2871
721 7168
990 5320
1718 7338
2590 5078
602 2376
2089 3547
3223 1344
956 1447
3131 7312
4375 2610
3837 7201
3315 3885
910 103
4136 5874
2126 656
3219 4356
2760 907
564 4026
2345 4802
3037 7453
4383 1454
1261 5762
3706 7493
2008 397
3887 8330
3645 5549
4136 1492
1174 2966
2024 3422
2459 1068
1198 1593
1437 6236
3131 3850
2546 8231
1953 7854
4519 1831
2864 3916
1798 3904
467 8121
4112 2580
1543 4364
1128 3741
2383 5389
996 876
3240 3665
1657 7833
2156 5162
155 6897
1011 5048
1140 3221
2540 5065
1544 253
494 6494
928 6878
4151 4292
4118 2591
4376 4100
65 7370
329 3374
1172 5685
4211 3642
4568 6970
158 934
1364 3579
2032 7274
3845 7158
1231 1389
3643 1334
1375 7122
4489 6219
1045 1537
1185 529
861 2796
4200 762
3889 6775
3557 8031
3639 7744
2906 873
707 1596
4583 4164
1559 4639
2287 796
3317 3985
2185 6761
1279 5412
3992 5028
704 5324
2437 183
3628 4822
3751 5476
4186 3360
193 831
1015 2197
3092 1743
1512 7046
2122 8260
3146 5809
349 2208
639 615
769 8259
3420 2074
1011 6218
799 4725
2384 1817
581 5048
2318 3685
2435 4154
395 5956
4558 2823
1578 6955
797 8278
423 6224
4509 4814
1181 2196
4426 2178
453 6230
1639 5393
173 5342
3085 3399
3099 1129
3803 665
3553 2854
3757 34
1795 5171
623 6340
1294 7523
4271 2169
1894 5171
4424 6351
2774 398
2089 52
188 7016
2099 790
2478 7029
1674 3569
3784 5453
4543 5473
2992 169
4352 4822
2858 2303
142 5209
3687 5538
914 7457
2685 1846
3820 6941
4360 66
2212 2
2604 451
3405 8124
2581 2837
2660 1510
155 7821
2686 1879
852 120
4275 5721
2927 1258
1411 5447
2979 672
2566 7617
2904 5411
3561 3955
214 670
550 1624
2689 5627
2326 6033
4106 8046
1754 6341
327 3344
2205 6580
1915 6387
1313 2220
303 1291
3093 7125
3487 3764
4020 2854
2930 7351
2555 8122
108 5906
4341 6565
4340 2788
2676 5686
934 5788
2814 6035
2876 1020
310 6091
3221 5049
1401 7142
4267 1251
529 8269
2188 6450
3169 587
112 1477
1609 692
3964 4320
4551 7474
3019 7425
4555 1329
1432 6175
1897 3597
2640 3946
121 94
3603 1755
2392 515
330 6418
4319 1752
3943 5654
395 2548
4131 252
4178 1253
4194 3473
3770 162
3901 6330
4165 1078
3357 5058
1032 1842
1693 5111
2859 2630
4206 6139
3061 8304
1596 5888
4319 4432
3137 8292
663 1527
4286 5526
3617 4669
491 5049
1425 7787
2782 6303
1433 5956
1663 3158
2047 4003
4558 5769
254 6664
4517 1464
17 148
1434 5394
2017 1647
2127 7099
2610 4501
1743 4944
1456 2371
935 4969
3773 4674
2184 3422
618 7697
1029 7088
2966 4465
1118 4960
3809 2223
3858 4671
4190 6852
957 6732
4247 1878
1540 2774
4517 3420
3698 5703
2435 7882
1211 4706
323 7683
1484 1983
504 4314
3502 8433
358 6885
2606 3966
1211 8043
3086 8106
30 1727
4208 5685
3938 498
409 1942
3845 4079
141 2296
2801 2523
3062 185
2327 6191
4114 1437
3846 5534
655 4508
2997 5580
3025 4175
1782 1101
2927 94
4399 3271
2022 5973
505 4122
2215 2323
1075 7602
4228 5936
763 169
302 6794
3999 2998
2403 156
330 4796
1452 3052
4384 6508
2095 6445
1624 5657
3520 711
4327 6447
2104 735
3942 7651
2674 3448
685 4574
696 3214
4243 4209
4399 6189
3386 5647
372 5080
919 1266
1959 5425
1491 2993
1223 7760
2159 6619
376 784
268 8078
3469 5369
3089 218
1802 2422
920 4124
2366 4373
183 3022
1703 8249
2406 86
3626 1630
1589 3797
2240 276
978 3425
2840 4044
2088 7363
3402 5172
4441 7108
2998 338
1227 7908
3555 2046
2369 6486
2640 7309
1586 1734
1679 5053
383 4773
733 6561
2079 2159
1905 8312
812 3264
4114 5879
365 7064
4272 4579
188 2035
2901 4991
1595 5680
2820 2669
853 4452
4144 5143
871 1111
1080 7987
3966 3397
1078 665
2816 4085
883 5317
3625 3096
713 4597
2538 7127
1013 7495
3699 3189
3285 229
1734 6261
816 1669
1029 515
4129 4722
359 7514
2476 6177
1102 7835
2430 5853
1428 3990
946 3076
2139 7000
4221 7787
3410 6560
3442 1811
3619 4441
4584 3982
4552 4687
2800 16
245 5735
3540 4164
2929 8203
1682 3693
638 3932
4387 6609
580 3193
539 448
3196 1200
453 2613
1485 4104
3940 4398
3971 7705
2520 5765
2039 3948
149 5319
937 5378
1788 4962
1615 2499
2162 6010
3752 529
2660 4789
3855 7322
4060 6928
4514 4824
2886 3123
1991 5780
3832 915
1690 5635
3854 7809
317 2100
4061 1905
449 6824
2022 1204
1201 4046
2529 4523
2717 4557
3218 2827
1940 7334
4402 5340
3392 8407
4129 6763
2731 2322
547 8113
4142 4846
3644 4173
3851 1546
285 2161
2285 3081
3020 1631
1468 4365
278 1157
4201 4742
2123 6942
2946 1119
881 6820
643 4718
459 4309
1493 759
3336 7716
2890 1896
1799 7170
1507 1955
496 153
68 5059
1958 1734
1348 635
2355 5400
518 3464
1156 5820
2816 2521
1559 7116
1979 6213
154 4370
1117 3944
4369 8100
3741 688
533 3667
496 95
3525 5182
2421 4827
4009 3671
4225 1262
2441 4992
128 1142
3480 7609
2139 3194
3616 2171
238 4458
4091 5982
2581 8159
1559 5569
4140 3975
4514 6330
4402 8164
2083 3821
4132 4775
72 4374
1375 5435
1394 6100
953 3118
3297 2668
713 5297
1263 3647
4470 2656
3560 276
2064 5134
3926 7768
321 3164
715 1054
1704 4475
3549 8029
1044 7783
1885 5898
754 4849
1662 7373
1074 5715
777 558
3296 7107
1147 8085
1584 7184
418 3354
2045 6283
4558 2737
803 8308
3839 3030
464 6970
1911 5830
1300 2729
1988 7102
2808 214
451 6726
1090 7790
2403 3827
3274 397
3593 563
1947 3289
284 1518
3427 2598
4045 4869
2401 2394
1288 4469
2733 5013
1566 8210
5 5749
4025 6356
1142 2328
2207 7103
1247 4737
4147 3274
2918 1402
1349 7415
1542 7047
4223 3193
3502 3546
812 2055
4061 3289
1771 1921
568 7976
1731 6577
3012 4550
3840 6221
3375 3816
1647 7928
1755 8309
1647 4625
4018 1514
3606 2937
1479 8011
3393 7252
2426 2593
109 1775
2179 1742
2584 7289
524 5995
640 3347
1967 3156
2574 4739
3511 448
4457 477
2750 879
3840 7742
321 6628
3664 7337
354 5378
4582 1629
2261 3576
46 2574
36 7604
2062 7521
1396 7251
2962 1418
1311 4926
67 3750
2181 3050
951 5149
109 3696
4256 4131
2932 4119
2869 1665
4062 1021
1159 4692
562 6679
1868 1458
1313 4823
800 2265
4378 2675
2095 7278
2893 2174
3068 8243
1124 5261
1792 4674
3910 4111
1732 3628
1942 883
3965 1577
1796 8105
2403 463
3650 8056
2674 5324
2050 7797
3951 7284
1375 8156
4283 1051
3916 3344
1156 2275
2108 205
307 7449
3070 3921
1989 7753
2753 667
4010 6173
3686 664
2685 3071
4219 4316
3716 2657
2744 8429
1625 4607
1525 2711
687 4261
2467 5934
3753 7188
789 3645
3167 8260
63 5282
670 5708
2210 7206
2425 7274
2672 4050
498 5762
2119 3217
3397 5616
1492 2708
2104 2642
1754 5523
736 2820
1201 5192
566 6446
1443 5207
3555 2813
2148 5010
1348 5834
2478 5782
2257 6238
493 2693
3224 6373
1071 5100
3141 5363
2218 5959
4499 6666
575 3146
850 2626
4545 2390
4106 465
3891 4036
3183 2366
445 1364
1140 302
3295 4378
576 3146
2559 8102
4200 7995
1799 1879
4038 1542
3375 6754
4406 983
2920 1691
819 2673
1158 2959
1720 3678
1097 5852
2988 6127
817 7017
772 1534
2544 1612
2889 4598
3816 2829
3301 5703
1945 2857
2149 2786
3906 4956
1401 2546
2001 4741
2759 7106
4160 3776
4083 2753
3653 2230
1552 1253
1318 1321
4388 7529
2518 5152
1238 1183
1001 1803
3370 8213
945 6533
674 6120
4105 6136
2424 6331
1138 6945
1301 7423
4326 3357
4477 5313
4174 4338
3111 7912
4216 5326
1416 4595
3199 7826
4278 504
3367 417
1931 6707
2110 2833
3806 6452
3504 3850
1432 5137
2660 3664
3068 1781
80 7408
2231 5122
1215 118
2221 7007
745 7466
4526 2927
3136 4334
2952 7730
3464 2429
458 5907
4002 7390
296 2533
2648 8301
2556 2287
3187 7275
2226 5279
3390 1396
4086 5279
1001 3146
4195 6149
4415 3370
3739 2576
3689 1000
1203 8365
3927 6356
1729 744
3954 2311
2933 1997
4562 7245
1316 8195
377 3719
3304 7382
1817 6080
3443 228
2205 5436
4320 7435
4133 6396
2308 355
3403 641
3524 5873
456 7454
1877 5047
1115 387
887 6496
2639 4230
1643 5806
163 2919
1647 7796
1489 7942
1767 3264
251 3902
729 4309
1143 378
1963 4833
4144 1611
1508 7604
974 8431
4491 7002
2863 4989
133 126
1753 242
3017 789
4026 8023
3304 1528
610 5518
2199 198
1510 5621
3387 1165
152 8343
3085 4691
3824 8105
3710 5588
3043 2695
707 7563
1210 1326
1183 7651
2383 1549
2753 4579
4583 7136
3964 4719
3711 501
755 2370
2110 4695
82 1996
236 1206
4491 2575
1276 6700
1177 5755
3103 4246
4408 5744
1052 6723
4515 3749
3239 5715
1501 6173
2882 5474
2622 6038
2071 4553
3495 7601
136 3361
225 1980
2968 4422
574 228
1202 3437
3529 2616
1685 6583
428 6306
3082 7827
255 2201
3833 4388
1193 6105
72 4902
1599 7820
919 3179
2045 5961
1636 5466
2517 5364
2978 1719
4176 4719
2933 5606
3606 1435
764 7611
3889 1436
2115 757
3748 7819
813 7310
2813 7665
470 645
4289 2576
3370 380
3693 738
879 3693
3186 5118
2524 4503
2670 7660
2730 6706
3100 3149
3687 3466
156 7093
3469 3753
2481 3502
25 3696
168 5681
1462 3018
1731 3184
91 144
3296 1630
2044 735
3185 959
3314 1092
4418 650
671 7852
3882 7890
1463 1237
1032 4134
3607 6501
248 7177
1107 4904
1448 8155
1364 5565
4046 3095
1146 1036
2510 2451
1086 7839
1872 4642
3694 1233
1871 6503
3846 796
1824 6509
954 1112
1648 1178
3469 7947
2815 8197
2311 3987
1640 1106
830 8209
3709 712
1652 7663
461 5913
4091 717
1775 6386
2996 1586
455 8354
2466 3273
4040 8082
1712 7098
3097 7722
4206 6508
2278 4149
1547 5686
2439 1127
4056 3637
707 6768
4048 5568
350 3497
2607 6393
2368 3557
1170 141
1974 1976
405 3134
4013 2102
599 1550
1374 3889
578 7559
1320 7862
471 2759
1475 5099
3461 6815
1527 1730
1741 7994
2751 7185
4439 2251
1641 3244
4511 3205
1709 4880
2430 1919
999 1559
2749 1059
321 3778
3081 165
4239 3146
1035 1166
148 4563
379 3052
2244 5611
1371 488
3847 3389
3351 140
3141 8190
3430 6171
4305 3623
3803 6576
3271 7074
4047 6656
3440 3310
2899 8283
2402 6411
2059 8117
39 3256
3639 2361
3132 6013
2584 3607
219 1889
1784 5931
90 8164
1535 2556
514 4991
744 3103
1896 7293
3977 2889
3894 7508
4307 1804
3140 1956
4286 2499
3691 8328
1901 1195
1624 5858
4438 3061
2090 7124
2144 4373
2597 4734
4127 4338
2353 3697
442 2634
4185 7627
1970 3926
370 1319
287 5937
2279 1710
3588 3627
2395 4197
1179 5325
2404 6156
1991 1858
78 8441
242 5963
3178 2325
3744 5756
1501 5240
3063 7544
3183 1618
2964 5141
363 8076
3423 5036
18 8293
3221 2142
2959 904
782 5250
2275 7703
2538 6233
2941 6233
2161 7944
2647 1188
2354 1988
1402 1592
2279 695
154 5059
66 8361
2423 7489
420 5392
1236 5339
4161 6150
3977 4186
2011 6831
1062 5973
1555 2390
872 92
2316 6815
1679 4219
2551 6007
1178 5110
367 780
2657 4845
2862 2369
244 7101
3227 902
672 7377
704 130
202 6988
2859 3593
598 1821
1713 5323
2737 1964
3635 6149
2628 4245
60 5699
2665 4690
4224 2892
1422 6188
3463 517
1448 7048
320 5503
50 3289
2390 1930
1530 3014
1855 7927
2557 2726
1592 7923
2496 7158
1901 6363
1306 7619
4358 5295
4001 2956
3876 6993
3181 6638
1562 2060
3657 150
1124 4301
3776 3056
4467 2821
1258 2725
3704 8397
4008 1588
4306 5004
332 5578
4431 4219
1603 2483
3196 4687
955 5948
2018 7019
3214 2923
1959 8135
4460 5999
1971 1635
2062 8004
3440 2124
1387 4284
2130 2599
2722 4707
3867 18
809 8203
755 1550
2124 2913
2419 529
1881 2391
1486 1579
3976 5872
3139 3132
3702 268
1125 8352
372 3199
2796 8003
2751 6970
2789 2033
4216 3556
1019 3162
1345 5737
2244 3202
2723 6147
2516 6751
1390 2975
446 3904
4243 399
3744 2753
1648 6845
4439 5110
1108 8416
3039 4835
1383 8070
1735 4608
3345 7962
4394 6502
179 3575
2027 2919
601 5261
4196 4108
2710 6670
3170 4417
1417 1429
1008 3436
3771 1765
3821 3658
1057 7837
4472 1408
2386 6951
287 2282
3980 6359
304 4370
2908 3237
815 7056
290 6958
2986 5184
2180 8357
658 4042
1651 7426
3398 323
3724 6963
1312 1823
1459 7887
2342 6904
2994 400
1586 5545
4072 7253
1470 4011
4176 2539
713 2652
1353 793
1594 8188
2289 5629
710 3553
1012 2534
1432 175
1961 6706
3668 897
4302 4900
676 3625
2615 695
1529 7808
3153 1160
1332 8287
394 1718
3690 6050
2038 5249
1968 3999
524 232
4473 6591
4389 5366
3128 4742
3054 5407
901 1678
2668 4884
902 7481
243 4877
382 2026
1975 7539
3610 5436
3569 5082
2252 3642
2801 5818
1627 707
2650 7069
4178 2842
4108 4865
3569 8248
3683 985
2918 7673
3724 6891
2908 2315
3790 7519
2211 7037
508 5273
1490 3082
2059 582
4282 1355
3715 1838
1115 3801
2618 4633
1210 7220
1803 1759
522 1684
2642 6828
3122 5880
1865 4151
2494 3312
3711 8342
768 4487
429 5266
116 6840
356 8011
2683 4290
897 6908
368 5564
2521 7181
391 6868
248 2292
1913 5547
3134 162
3328 5285
859 7675
769 6833
4112 6474
2676 1816
3256 3632
3078 1725
4226 4281
2309 1966
3307 4887
1878 2424
4335 2534
3225 229
1493 6828
2421 7613
3785 1195
2837 6648
316 4802
941 7548
115 4560
3159 2544
1851 7336
1543 5561
996 946
731 5207
4396 6767
3586 2210
2775 8282
3259 281
2721 4538
3034 2364
1454 1654
69 2362
1732 1280
4537 7586
2389 4141
3387 7751
1993 2217
924 7085
519 826
270 1466
1412 2021
3103 66
87 1607
9 6239
1480 3358
1761 1847
3800 6333
2477 6150
2050 3528
2929 1744
1043 5634
633 7900
1184 3853
328 3375
3268 1616
2745 2188
1964 5952
4264 492
4545 5929
1522 733
3153 2753
4034 5711
620 4784
2128 2717
3187 4427
4263 7499
397 5413
2472 6069
3981 2529
1380 7847
3006 2827
540 1458
2874 556
2532 91
4458 6343
176 3340
1259 6313
833 5503
1147 2520
1702 1752
4267 7867
1261 2406
2780 7252
2418 7053
241 6172
4011 3659
1627 2519
3627 1812
1145 6316
2574 7798
2543 3641
3738 4993
234 3969
3669 6615
188 1399
3928 1203
3441 5145
2978 3857
760 6236
3813 6041
84 234
4255 1675
4191 4557
2874 508
3003 3790
71 4949
2164 2036
269 1636
4190 2905
3625 4726
4249 2356
1955 4215
1531 6758
4225 5599
350 3322
931 6208
2593 663
4361 3240
1587 7300
2255 415
2051 1037
4578 6174
1472 412
456 7035
2034 1390
1503 936
269 670
1545 4094
1785 4411
3322 4529
3444 8209
917 1890
2466 6451
171 4312
2773 595
4529 3923
2874 7891
3257 5742
2024 8078
3930 6435
3154 1071
1521 2658
4260 2748
4289 7078
4037 6416
4301 671
2232 5752
1238 6763
2190 704
4287 5018
3251 2943
840 357
1683 3920
1522 7266
128 6064
116 3927
286 4798
2363 5132
3814 518
2523 7186
2302 7809
2353 4879
3956 745
637 7401
3681 194
4385 2750
1412 3015
341 596
2903 7353
2188 7676
730 4915
819 1400
3559 2337
4050 4903
3061 5164
152 2734
2290 3932
230 5032
72 6678
1944 3349
848 2563
4453 889
1464 6474
2592 1679
3652 398
574 8238
3629 4955
3209 6518
1331 7855
4369 2448
142 4017
3386 5856
2105 5133
2340 3457
349 1698
1963 5346
3686 6252
2538 1213
1956 7322
916 5400
1045 7236
1275 5125
400 6205
3997 5185
2147 376
876 3293
3549 4909
3539 5343
723 7202
2459 4341
226 2543
2607 829
1201 2917
4499 4667
1027 7115
4170 4327
4486 2666
3255 546
534 1969
1903 4208
2430 7031
1379 8198
4199 4198
446 6573
1371 1821
3444 7016
317 4223
91 6154
3583 6347
86 7118
2156 531
902 3552
3955 7958
1241 2725
2253 5953
3153 6202
493 4741
4215 2783
2690 3687
4080 4408
2004 5231
1790 3391
1440 4454
2038 5815
4188 4233
3496 6405
4253 2744
519 6294
3124 4102
2537 2893
3623 4910
1456 928
948 2744
3397 4850
961 4899
2076 1399
3121 2393
4045 5363
4108 2476
3054 7370
3442 945
2930 1216
1487 8285
539 2806
2351 814
1558 1150
2073 49
1197 6865
3140 4131
1335 7259
2688 6972
2963 7808
1607 7895
3198 5554
4555 7070
135 4675
1174 2181
1434 3655
1697 5088
1601 1163
764 6368
3562 6939
1695 6020
4529 3645
1302 170
3160 1418
1036 295
1575 6593
2720 4124
3200 1755
2845 5430
1042 165
324 832
2386 2430
382 6280
4064 7842
1040 4217
3185 5464
1224 5774
10 720
3225 8093
3821 5419
1744 7042
4 1415
3347 2148
1459 4231
1970 6763
2175 5113
1158 1131
557 3361
1067 1266
987 7321
1945 5603
3955 612
4341 7331
2726 4171
1502 7137
658 4078
2532 832
294 2036
129 7482
2011 2277
1597 1207
1169 6049
1798 2492
1838 1193
1887 3264
578 5530
2004 5792
1606 4216
4068 3509
4393 7944
2184 2881
2004 4702
3661 1422
3248 3191
1553 4245
1556 2874
3880 25
2270 2174
3561 1536
2376 5547
3567 5708
4408 2768
44 3481
3322 7674
213 674
3242 1979
121 2688
1377 6410
268 1007
4192 986
3235 8148
2988 1095
4012 624
3328 3895
36 2090
3098 7052
140 3291
424 3945
4313 7826
2377 7303
1928 609
2668 1944
1828 4377
140 5755
4150 6328
2328 4709
1874 6238
403 2468
1924 386
2043 7761
2599 3295
4449 732
1783 3845
2701 247
3557 1955
330 3805
2275 5765
2128 6401
2182 1776
2034 7219
3333 672
1102 2734
955 1036
4137 2730
3569 8354
1390 2012
3816 4009
855 3409
428 521
1346 5212
4455 6825
4491 1301
1117 2151
1214 4013
4312 288
1128 2199
3189 1916
4340 1402
3175 2654
884 8313
2455 2384
982 3047
1377 2607
2242 1684
3488 2646
107 1017
1269 6274
2260 5460
2298 2990
784 4083
841 3732
2198 3098
3089 1951
2542 2597
1000 6831
2878 2146
3168 3112
2481 6973
1161 8343
2007 5873
217 4099
4008 6539
2937 22
1794 7356
2885 2583
1023 1909
730 3186
2733 3232
2137 410
2472 2177
2624 4777
1892 2303
3806 5648
552 5891
3154 7655
576 4251
2143 2334
903 1956
3980 5946
2750 704
2678 1453
29 6900
2731 3743
899 4943
3409 7246
1603 7461
123 572
2598 5856
1074 3884
617 6111
1508 2890
3747 7761
282 4959
2818 3029
1243 2425
2488 2758
2441 6042
29 1511
971 2310
392 2251
3963 5422
2503 2914
659 3944
1823 3094
3058 84
1998 2606
1326 6801
3939 6034
2469 4847
4246 2116
1946 2350
3706 7342
1812 5671
983 3883
3341 2562
2017 5745
1186 868
2914 4176
573 6329
638 3760
2726 4171
3867 2333
1358 4208
1296 4422
3810 919
1293 8344
380 69
3233 1199
2351 263
1278 1899
1799 5186
3218 1998
1621 6517
68 1939
163 1160
3086 3669
2432 1015
226 4041
2707 438
4284 1786
4018 7131
2097 2229
262 5528
3677 111
4276 5998
1145 3613
1527 3973
1554 7858
1976 7814
3310 1922
975 5925
3473 6559
4261 5486
3886 1002
1513 967
2166 3047
3366 7075
1647 206
2130 1427
512 6912
3539 1670
1909 1568
2907 212
1522 4398
445 1426
3336 7986
160 5366
2276 7932
4027 1201
248 1751
1746 7299
2002 7639
773 6775
4381 6431
3201 4677
1229 3036
4503 2962
3032 6855
1909 6112
4174 6947
1341 1569
2201 4835
3427 2442
4459 5861
3301 1060
3217 168
833 2258
4437 1591
3346 4827
2224 219
3244 2956
227 822
496 3275
1498 2073
3701 6306
2900 2386
342 1826
1693 5758
2300 6285
1520 7777
1668 3038
2422 6763
3299 4077
146 3160
1129 4098
498 351
2286 93
1986 6575
2263 720
3849 6163
153 1561
4267 7436
3671 7249
189 1170
4511 7110
3753 724
1848 3924
2586 6815
3877 3343
3159 2344
4374 5710
2431 5068
1942 5156
13 2537
650 7493
428 148
3814 6036
2472 3709
4379 5098
2531 4972
3575 5994
369 1413
6 6574
2613 833
1696 3872
373 4811
3009 3313
589 7370
3412 6211
3302 1582
2247 7623
759 1344
3003 6658
133 3559
4164 2022
4073 5530
994 6861
572 7865
1634 7565
1740 292
2140 3749
2752 990
3065 3376
3779 7960
3563 6578
966 4766
2675 3420
4342 7933
2069 3622
2382 4115
634 7633
2155 8374
3115 1575
4240 5444
1270 1559
3279 2096
1646 5830
135 3691
3922 6906
4107 2739
1617 4398
4536 2586
2115 290
3077 3343
3381 7855
2990 5611
2268 2758
3097 2811
73 7759
4174 4154
2889 3453
3887 5037
3774 1469
664 5201
2860 4811
2149 5809
11 7939
4394 5943
917 164
2706 4959
4396 6456
1951 7982
3989 3398
2652 3493
658 5888
2153 3928
2456 6924
2660 1217
2886 7022
351 1975
1191 4313
3519 8078
32 1353
3844 6304
829 2671
797 6050
4304 24
2335 1939
2511 2961
4037 1258
1160 3007
765 6433
163 3654
3907 1964
1510 1549
2080 4103
2469 7689
3441 880
889 2384
4293 1417
291 4018
3970 4206
133 468
489 2903
4146 1386
1810 5748
2576 3894
1943 1111
1469 4488
2421 4265
605 5808
1572 7386
2164 3748
3610 6275
3928 8149
602 6669
291 4278
3173 7945
1171 4782
1344 506
1599 8207
514 7537
2888 4958
2383 4963
2202 6427
2609 2969
349 2141
2380 6587
2629 2024
1205 6172
732 2477
1599 4305
434 1156
1063 4071
4322 5956
4232 1801
