4283
2004
1536
2826
4235
1392
878
1167
2674
580
2543
1380
1003
2352
4028
3831
1900
727
794
2090
3135
956
1580
478
2396
284
1474
2443
2805
4228
75
2265
825
3674
950
100
1379
573
3714
1916
2931
1555
2264
3038
581
1610
1652
2467
3077
4130
1840
73
2930
50
2984
3934
2631
1614
1518
2833
653
54
2841
1839
3663
1566
1396
3457
1673
1178
808
2353
3599
2725
2488
3428
2821
1086
69
888
535
1085
1409
2057
1711
136
1414
2933
771
730
3868
98
743
2030
3094
2368
398
4062
751
625
3397
693
2208
2383
1782
1717
390
1641
3695
389
1260
3530
1341
3468
3020
2754
3684
2345
1144
2936
1944
3002
1206
1390
1047
486
10
2534
2792
3085
1363
3940
1707
1518
2056
667
2041
43
388
2210
4208
371
3027
3712
630
2431
2775
2800
622
978
1675
3465
2651
3229
458
2389
2191
330
1896
3286
1082
1747
1581
3438
1559
682
114
4010
1633
2140
2447
2262
941
430
3477
589
1455
2292
2062
2933
1887
2481
1094
3386
2203
3465
1186
3106
3005
687
1348
2756
728
2823
2132
2078
4174
4336
1738
1124
2565
2899
1575
2861
703
1040
1406
3078
3567
719
1811
1682
2494
2861
1607
1012
1920
3545
2206
477
3480
630
2715
2032
2082
3340
2539
2807
3148
3170
2735
2418
675
3510
3575
1642
1172
3788
2374
1905
324
1215
2733
2804
950
3935
2050
2402
2742
1263
534
2859
1448
1662
3002
1512
3460
2469
1150
4077
3556
87
2968
3377
2359
1816
594
1842
3340
4220
3585
3355
3832
3025
1350
2035
2620
599
3601
3678
1525
303
3312
2621
2738
3305
3015
2233
2411
316
3546
556
3268
1447
1861
443
1682
967
1261
2077
659
2532
69
1800
1248
743
2469
1385
1175
890
4212
2091
979
1274
833
322
332
919
1217
2506
636
1220
1654
709
593
2804
2416
856
2469
280
2609
1453
416
3675
3531
963
1801
2607
3398
3392
455
2015
3172
2326
1233
1314
3075
1399
2846
3310
2282
875
1847
2446
1276
2440
3441
2502
3616
2866
1130
1175
3835
2562
3040
477
683
701
1784
2225
853
2502
2740
3278
478
2919
948
3171
1306
1950
1759
1959
2270
1715
3272
1365
3676
3180
2951
3188
1577
2878
438
3256
3135
3101
1613
2445
576
1315
2552
578
3873
560
1827
3248
1721
2982
2225
304
2403
2754
2086
2722
36
2759
1868
4087
257
397
3487
967
1753
1195
3447
1772
3552
1375
1715
1310
4114
1357
1015
2133
3621
717
2532
617
1397
2803
2675
3358
572
1599
1709
3117
4249
229
3718
2960
1366
1441
3506
2096
3374
2158
3437
2754
1010
528
1567
4198
2327
2168
528
3069
1221
1254
1630
2576
446
3096
1980
217
159
2370
3739
4285
1131
141
4077
747
565
53
1579
2938
3558
3747
1910
1881
2040
1856
941
1902
2046
2325
3139
766
143
3316
