974
419
194
46
765
408
956
561
27
647
24
1282
129
705
1125
594
895
743
319
847
630
328
950
1153
809
907
607
602
831
564
701
38
503
399
1101
328
1113
125
574
308
673
935
121
925
407
372
871
1097
720
344
560
1254
1364
987
713
1220
1320
1052
511
47
357
1130
1067
40
409
1191
687
565
432
1288
638
718
262
179
1263
352
1116
323
738
436
1070
316
208
5
684
108
880
107
993
740
720
241
61
1281
292
543
647
815
1030
262
146
1192
822
122
4
526
1148
264
632
312
746
634
497
124
699
184
628
615
923
1053
377
660
247
176
98
704
960
537
705
654
1025
22
1182
1296
830
579
681
1046
988
1321
106
493
919
809
992
912
1265
100
465
906
14
685
51
515
1019
1121
769
518
1018
597
325
509
613
617
342
254
1015
441
1350
325
946
277
80
1221
391
775
365
898
54
1139
1127
848
717
622
304
301
452
798
872
43
1224
1111
376
242
1180
89
789
832
804
695
385
54
129
1201
918
188
387
296
255
1173
1221
1075
618
916
598
673
1080
107
1130
761
91
699
1126
1080
73
261
1017
746
476
468
1061
494
119
196
213
328
903
666
931
1166
914
699
763
1132
63
359
272
582
442
761
321
1060
412
1129
887
863
669
1058
443
927
295
24
98
1138
119
1013
330
51
905
63
297
580
392
1178
610
309
975
736
921
483
318
1002
888
254
684
96
1186
319
187
338
1320
1010
585
1063
740
555
521
313
813
369
1026
567
893
676
1357
361
1320
1180
261
124
1282
334
1210
1345
321
734
576
448
67
801
1136
325
521
448
1173
98
684
486
274
787
984
90
28
707
93
778
1243
759
892
1207
480
85
107
369
1346
379
1001
600
886
469
34
266
1025
1228
158
752
1116
442
813
178
572
648
610
705
10
973
175
560
683
944
1164
809
717
650
24
561
923
365
376
444
691
437
1109
211
964
410
974
140
834
389
616
66
886
822
104
761
890
441
299
903
1213
276
451
758
1224
1095
285
573
378
821
1001
968
967
1327
425
921
183
190
857
128
95
196
954
490
261
543
591
320
661
508
56
1086
548
511
581
639
622
813
1304
1138
15
248
471
61
330
680
350
506
1202
925
897
812
308
490
515
1074
922
521
1024
861
286
356
805
655
262
623
146
827
659
1170
909
983
189
490
228
1321
148
812
360
639
490
928
796
980
1125
513
643
1016
1135
731
978
1158
321
1138
436
1254
1332
308
736
311
