621
2185
1705
2624
3419
2984
4134
1681
2011
1585
1148
3646
2165
384
2656
1622
1021
903
2881
1668
2784
3257
805
2348
1708
391
3547
3251
1459
3244
1564
3528
2896
140
2313
3927
2842
733
2180
1049
3843
526
1945
1240
402
2169
2251
320
889
1286
2522
2373
129
6
2757
1993
1667
1408
1173
3969
2503
1782
3933
1228
3514
1022
754
1094
454
2485
1812
1394
655
3512
2550
1874
1869
583
1064
3459
299
1837
1382
3870
2583
281
2128
1905
2719
1529
1015
1398
2644
344
1994
345
3444
3406
3115
2379
3407
1270
2736
1293
890
3175
2000
1171
4205
1948
2384
2788
2590
807
1925
2591
2056
2387
1744
2612
3231
2047
2593
2646
4432
3700
7
2509
1760
1589
2531
4342
2562
313
922
105
2910
3366
2185
2858
5
833
1031
3037
440
788
600
3645
1332
3254
1539
745
2115
2622
3429
4181
3048
4092
1385
1950
3230
3631
975
235
396
2918
1696
3425
130
3992
3653
699
426
4106
186
2095
2408
2610
1786
1777
560
922
2948
973
1270
482
2054
3437
1744
1828
1871
1762
3295
793
2814
2491
1680
2394
3139
309
1760
1487
480
1354
2190
2142
3286
1269
3532
1508
1574
338
2182
951
78
3326
2726
2686
1960
1901
2487
990
2386
676
1950
2666
3170
2155
2484
3924
2217
1614
2141
1215
3290
32
643
1554
1406
1298
2489
1186
2835
364
3641
1565
1979
2515
2243
3879
992
3409
504
995
2414
2303
2206
381
713
366
3498
2592
3335
1439
1536
2658
2246
3666
4311
3472
3290
2763
3053
36
1553
1183
3334
1663
2633
1210
1086
3339
1806
709
3820
1263
607
547
2359
3257
3560
9
3646
14
3717
4211
1697
2799
1487
1035
1593
2191
1403
3108
1682
1909
1851
1908
201
1616
3127
3137
1418
81
1888
1926
3004
660
2189
397
1950
3506
2836
3855
3071
134
2279
1179
998
465
1726
2911
3797
2905
3057
87
1607
1838
386
59
112
3652
3823
810
1617
2648
3913
971
2350
325
1285
19
3252
1222
2443
3108
2839
2561
203
1597
135
1021
1985
3579
3985
554
82
3956
820
1406
4308
64
2637
934
3265
3692
2418
2089
2786
3031
2862
1657
3896
1099
841
248
1244
523
154
2677
3184
2603
2104
3390
3643
329
4009
46
705
1846
3152
1331
3787
2200
941
3454
1457
1018
226
3737
3240
894
2334
3586
3376
1043
1948
1081
1241
4502
2886
3668
1834
1242
342
2657
651
2075
3723
3042
3812
1875
2391
1928
1161
1685
2307
2115
751
2935
629
1988
2757
1242
1377
860
4141
1336
215
3423
1667
1616
1168
1681
3753
2361
1352
1762
3184
4182
924
764
1087
738
1397
702
796
2376
3905
1879
2420
383
1823
2944
2971
2784
1068
1698
3129
2547
2456
3127
3424
2410
2209
29
1702
3707
463
21
3589
522
4171
4199
253
1045
1803
415
4205
2108
