1772
2879
2432
485
520
4547
1331
3431
1595
3598
4827
3731
2355
1696
1278
214
1186
3333
1363
3513
3323
1952
1385
2737
3701
1462
2578
3126
85
1120
4161
4116
1550
1945
2439
4265
1073
2138
2545
1504
3305
4490
4419
3630
1944
3018
1076
3126
3258
4932
1454
3681
5297
4804
579
361
694
3395
1558
1742
1809
2805
755
1368
4425
4821
3086
2122
890
4335
258
359
1604
4274
692
427
594
1942
688
226
2382
3248
3447
4600
3928
2844
1696
2562
1095
5246
2359
2169
428
898
1841
1400
2410
2779
3660
2233
2005
1588
2096
1249
735
2723
424
844
3419
4904
5481
3668
1877
4441
2521
3743
1408
512
4023
1064
2552
1654
2525
3116
1511
567
1315
2801
1490
2699
2629
1613
3016
2075
3641
2285
3345
3310
5408
1800
2013
1445
957
4852
1549
1206
1927
415
3106
527
1206
1750
1481
1104
4098
2555
2939
1901
2749
3753
2512
2345
2041
2515
4244
5065
1139
1356
157
652
118
2226
1918
2504
4358
4374
133
3291
2924
678
5414
35
3352
2069
426
5050
2786
1446
918
1830
495
4833
4772
3778
2406
654
4165
4650
2241
4799
66
3868
347
3398
2826
3869
161
2941
2940
1251
4062
4140
591
1104
3812
3151
456
1674
864
3254
1561
2325
4480
3336
456
3343
3392
4446
1095
4958
494
687
2505
3628
1003
4075
720
2144
2074
4144
4697
1019
2500
4405
3574
1315
1310
616
3013
60
1219
1804
1254
1645
4254
1089
2823
1955
3411
2075
911
1030
3361
2443
2853
1582
3580
2009
3107
1009
5089
3497
4855
4661
4396
2011
3609
2769
3697
2839
1758
2187
3022
2266
423
2670
2423
3600
1796
2426
102
1790
2048
3449
1630
1162
2437
3743
3089
2324
2833
3847
627
1761
412
1776
650
1145
3628
3380
4594
2740
1502
2894
2426
2518
673
3670
1464
2471
541
536
2421
260
1658
1359
117
5106
5095
3490
673
854
886
3712
159
2958
1857
206
1553
4783
3099
1926
995
2831
1223
3404
4406
2345
797
1336
4196
3943
1102
4588
4339
3728
1843
508
515
1169
2939
1638
1090
2601
1065
2310
2202
2868
4370
1439
1380
1747
3636
5096
2117
1117
356
794
1807
3335
3456
3469
3504
586
4164
1170
731
2984
2227
1767
821
94
5089
2484
361
634
1486
12
4055
583
4459
4200
639
3011
2336
2149
4252
5343
909
4933
1111
2676
13
1655
103
638
2283
1821
4133
2939
1328
3671
11
2209
366
4962
2369
3549
1266
2890
3470
2614
2974
3532
4146
3847
3728
2204
357
68
2101
596
421
1195
3383
1295
3187
2064
4009
3392
3402
2960
1274
4096
3433
3044
306
2894
3984
1651
2437
1696
2921
2213
1248
521
2359
2290
2137
4644
2122
3027
1539
1297
1834
1514
3759
269
4016
2223
2316
1823
4429
4063
3492
4626
4422
2894
2522
1750
1920
2171
2613
3607
2009
2389
3572
966
1188
1559
2310
4136
2924
118
1670
3717
5057
2947
3174
2085
444
2057
783
4591
1754
1999
1522
2973
4634
4308
3695
1019
4579
2187
4438
4691
4047
4088
366
2858
1120
177
4282
1562
1041
2653
4091
2826
2486
4558
2269
4041
2038
3795
3671
602
5301
668
2790
486
1613
1223
4394
2013
52
2553
3870
1828
1514
1387
3014
4026
2133
814
1279
600
1462
536
2886
1726
3798
946
2276
1079
4089
4419
455
4067
981
2677
1892
2353
4217
1036
2625
1321
1328
2002
2391
925
1306
2596
1960
3611
4809
87
2290
3459
1822
4339
4030
3825
1756
5087
1653
5268
2742
1550
2826
4394
1372
4074
1438
4086
4664
2078
4747
1434
2140
4820
24
1899
2782
740
4764
772
5152
3233
4098
2769
2820
2229
794
100
3446
2053
3634
4575
2426
683
567
5044
2729
160
3695
733
2851
390
2300
1280
3855
1996
4396
4974
2261
1751
3044
3222
2725
3753
3073
5083
3783
5286
2162
3018
410
2075
3375
3058
1655
3630
2240
686
454
2875
2850
2697
3245
1076
3632
3818
4235
1892
321
1236
1943
4508
4296
2048
2416
1489
4455
4144
5065
400
4647
66
2495
4216
2469
936
1683
880
1095
3322
4560
2526
673
4423
920
2403
5015
3282
1469
2996
645
2001
717
2741
3049
3034
3738
4522
4113
681
137
1380
3469
2186
960
4623
4402
563
118
2097
2025
3034
2893
3805
4489
2156
61
3825
1409
1522
5259
4117
61
2920
966
366
3060
594
3565
3798
3584
2083
4060
4483
4622
2773
233
1790
3544
743
318
1838
2954
506
3585
1951
4267
1753
4578
4617
3075
2030
5309
1294
3690
2124
3864
3231
3140
4695
1146
4463
294
226
4298
3495
1953
345
3441
2262
2137
1697
2718
3333
1702
2527
3133
3524
4093
3695
4487
1008
1223
1618
1912
3294
1536
1918
4934
2496
3623
717
1537
1390
3901
1127
113
813
922
3803
3602
1830
105
2023
1374
4749
4053
1721
4398
748
5047
3174
262
929
3432
4137
48
2376
2618
2982
3501
761
1394
3471
58
5217
4605
4871
120
435
2078
76
4736
2650
1960
370
3262
141
2698
3995
2688
271
149
1722
4807
1431
1706
3676
80
1586
2802
2718
4184
212
2247
4819
3142
1483
1909
1078
3566
73
3664
2893
2770
3277
2008
3595
804
3803
2728
4280
3612
4327
3059
1135
4749
1016
3024
2807
1694
2615
4337
3864
5089
5223
4744
495
301
3598
3136
1443
2930
1230
3768
634
959
763
383
1670
3790
2171
2700
2071
4757
1613
2220
1169
932
4399
1318
4558
3044
3365
1140
3464
43
4034
3793
134
1500
4545
323
5218
2875
3843
2736
3558
3285
3602
2012
2806
3069
3727
172
2779
1539
1619
491
1684
2046
2087
4476
3544
1015
4024
3049
731
3452
4150
2356
1504
2766
3051
2299
3623
3491
3588
2230
1404
3369
1596
1707
1844
888
111
3218
1306
3037
1262
4696
951
1331
3736
5007
3782
1546
3885
1751
3120
15
1140
2593
2521
1544
4932
5208
2663
1702
783
3928
259
551
2405
1077
3186
1799
126
1844
2493
4499
2970
3564
4742
2297
3207
2641
5290
1276
5038
2736
1100
3968
1837
4771
983
1722
3959
882
4623
2584
3045
3985
2246
3458
1037
4112
1338
471
3103
3099
734
5242
4029
2187
3252
3267
2500
400
1485
911
822
3680
5146
1329
2950
1518
1999
1183
2709
980
2007
3375
2323
4665
4632
2541
236
3900
3154
2745
4177
5095
664
4770
986
3556
2893
3767
1392
314
1426
4158
3029
1749
389
4069
1718
4635
1371
1431
4765
4328
3672
3293
3103
581
4986
3483
4510
705
194
1702
1144
551
4901
1053
4385
536
3609
2653
1630
1504
1477
3428
4438
3671
1976
2691
605
4436
1290
3117
3748
1401
196
1516
234
1871
3679
2923
3736
3681
3834
2600
1380
3561
2487
2659
3501
715
4119
3645
3961
1239
3691
1899
3747
1080
1282
3147
417
5146
1517
1180
1257
3655
2519
1799
2964
3904
3752
2318
4168
3515
458
844
1097
487
437
3378
1934
1319
1903
862
4291
2965
5042
1931
1028
158
3352
3464
4970
895
3876
750
778
1019
2171
1078
1169
2090
568
4876
2101
3542
1586
321
1784
3873
417
2752
1197
2422
2463
529
2710
2999
154
1559
915
4156
4039
2344
546
2363
1364
5029
2297
2924
2427
3131
1736
1456
1903
131
2189
1233
3277
2679
2878
1615
2915
1899
359
874
833
2603
2432
3259
1488
433
2146
2435
264
3403
3509
3734
878
1243
4064
1260
2509
4018
3255
918
5034
3132
4078
1156
5128
4139
2773
1806
4048
1164
2919
4778
2673
2518
1705
971
750
4066
3683
1018
2706
4417
4289
1580
198
1464
3156
3556
1327
533
4321
645
883
2528
3006
2721
1649
3238
588
2601
1968
4508
2340
1608
168
2455
3222
2480
3177
3388
3154
1003
210
2421
2591
4306
1736
4610
2997
4285
2106
548
1830
2519
2442
3520
1384
2669
3156
4374
3469
1937
4418
1257
2591
3405
1280
2171
1436
2849
2494
794
933
2359
2629
2110
748
95
5023
894
2089
2922
4454
2546
955
4739
3570
670
3961
4007
4352
419
2838
1633
3538
759
4267
2073
2361
5311
1646
1997
1238
1398
2950
1152
519
3768
2570
386
3723
144
4538
104
748
3020
2974
2390
990
3506
3785
3921
1327
5065
2578
2362
2923
2892
1819
4478
3228
2977
4501
2705
4310
4260
515
4262
3635
930
3363
418
4869
2746
4701
1140
476
4144
4216
5031
851
178
1898
2730
2016
1932
2637
62
2182
1217
2486
2514
3417
2063
2351
1594
3604
691
205
170
4196
655
447
2223
5029
2857
3312
2367
3064
2382
3847
1001
4611
4593
3491
4024
429
557
2515
977
713
1328
5164
4663
4884
4228
1376
1311
4724
2711
717
3134
2313
2120
2880
5013
4365
288
3052
937
1737
3315
807
2156
227
3590
5280
19
2085
4068
531
1762
3877
4563
3918
275
2659
1759
4741
2926
4309
302
172
1422
3563
1865
1277
4545
1679
2414
599
1560
3375
3049
3588
2752
3333
2175
2183
4060
4794
1701
41
4795
2562
299
3909
4219
1780
3782
3396
4931
4181
4466
2656
383
4873
1341
2745
439
2254
4165
1369
1112
3453
1583
4357
4438
1387
1145
2808
3780
4083
435
818
3088
3494
36
345
2741
1402
1108
1392
2421
510
867
1931
917
136
1884
846
1319
691
3122
3456
1408
4870
393
2261
415
2194
914
1648
4527
1755
3838
2373
4326
2726
3015
782
5002
2910
2773
1680
860
3268
2409
738
1657
2579
2567
3027
2902
4089
314
149
4945
2696
883
3438
2466
5012
2313
3665
2699
745
2993
325
2117
1812
4629
1677
841
1992
209
3661
1089
4226
3776
1144
2695
2307
4846
4131
4247
2136
1596
2367
4394
221
3570
3719
682
2493
4799
4585
786
1489
665
2533
1778
1438
3392
934
4965
411
3278
1521
3892
407
58
1048
1227
1783
4948
2304
368
304
4851
120
660
1614
2567
2946
3070
2321
2913
4755
4565
2067
1750
3126
2954
4350
3351
327
1264
2116
1768
4736
1799
1509
4386
3275
191
5288
4191
4130
3047
2580
1328
1973
3464
554
345
1864
2954
2428
3375
4328
2547
1610
461
1759
1480
1572
1415
4948
417
1630
3902
2267
2006
1048
118
3520
1074
3863
2034
2254
3971
726
2297
515
3185
3005
4633
2757
2067
1203
1126
4219
3361
12
2799
271
177
3734
1310
1331
1893
1047
4803
3411
3316
2295
2650
4221
1699
4037
3978
1816
682
2748
2902
3730
4468
3528
1555
1773
793
4082
1647
2277
1063
1676
4768
303
619
3295
387
1401
5093
893
699
3199
695
3948
1383
1958
12
930
2351
3075
2349
3090
3131
744
572
4897
1056
2610
3095
2686
3616
3517
1088
4581
2303
42
738
3662
3014
3977
4021
95
5385
3422
1520
1605
2668
4049
48
2964
3350
3518
1469
3666
3863
280
1798
3368
4471
699
1885
2579
2350
4762
2113
3500
2393
1784
3212
1985
3945
1115
1123
1109
3477
4928
1297
3143
3846
867
4623
691
2216
2338
4493
4604
4090
2230
2005
929
1548
2040
908
3373
1923
319
497
1899
737
3966
3419
3138
1666
4497
2683
3641
2884
1398
397
4112
1556
3235
723
2720
4357
4797
2990
1590
3581
1123
1581
3176
1380
3169
2862
1176
2978
3812
1267
1244
826
268
347
539
3408
1170
3290
1427
2560
1664
3653
4595
12
2316
2331
2851
1797
4795
4416
202
1944
772
3817
179
4046
174
3507
4750
1658
2746
478
2756
2855
2646
2665
2017
3556
1630
30
3311
4407
943
2562
2360
4518
1694
732
3232
1924
2083
1659
329
4701
1108
2501
3602
2973
4545
1464
3148
1900
296
1525
1638
445
2841
465
1350
1701
4126
492
1251
808
435
1194
5117
2278
2068
2743
613
581
1029
2973
1620
118
2096
871
4545
2995
3209
4750
4105
2725
12
689
2371
1319
4308
558
3211
118
3600
2397
177
3989
582
5257
2252
980
3659
4086
3180
4424
4706
1243
3702
3148
3088
145
2149
3924
2289
983
2988
4160
3841
616
4845
4532
2705
1515
174
701
3964
840
633
2839
2523
1834
941
1832
1
2321
3784
4598
3925
5263
1779
717
443
1415
1145
2901
4341
2569
2410
2603
2191
839
2205
3861
4292
5124
4168
550
958
3599
225
2479
4430
4465
1256
1398
4410
4619
746
4836
3620
3085
5196
232
1549
1282
1146
873
546
1004
1883
3029
4429
734
3246
3395
2922
1232
379
3723
42
2100
5018
2963
423
2956
1635
1587
4426
1813
2646
4026
2732
2352
4718
4147
1680
2802
1179
799
28
1938
340
1262
835
600
4572
3776
192
2589
1328
1313
3496
202
214
866
2
3212
2983
3548
1875
4783
2654
2743
2269
571
3650
3761
3284
1944
634
1166
3425
2576
2389
4510
4499
1014
1863
1192
738
1997
508
355
5136
2680
1331
57
1706
4081
3881
571
3831
2538
132
1738
3531
1966
3881
1449
4147
3436
1866
1004
412
2846
2042
3838
5422
1193
260
1179
1146
3594
265
361
1448
378
2641
2718
1006
4639
2533
3300
2249
1690
3131
1223
806
3137
2497
3680
3830
361
353
1993
257
538
271
3163
757
834
182
1586
2649
1385
2068
3880
988
4171
3912
724
2083
4147
3378
1825
961
3879
2181
112
2581
3875
1806
1793
2657
1047
5123
1602
3809
4573
3755
4558
4111
2584
1557
4701
2415
4711
2672
691
4117
51
951
3305
1060
2184
3412
2930
3586
1121
263
1359
1367
569
698
4836
596
307
3218
1456
280
233
3114
2379
2160
1630
3127
816
1839
2548
1302
1400
471
4868
2030
2882
1265
5486
4822
1625
3457
1216
4009
3919
1478
1498
4189
2413
970
2980
4189
3825
3536
91
2375
2702
3575
3849
608
156
4655
1916
1263
3002
1144
2121
1992
2656
2026
3997
1213
567
2238
2530
3413
2091
3468
4266
1606
2443
2687
3034
2038
3319
2307
3209
3535
293
1422
1672
3017
312
1679
321
3099
3828
4404
2509
2919
935
1054
2380
2257
2748
3376
2403
2761
3018
3390
3502
4173
2538
329
2062
2967
3143
1760
3055
2282
1959
4457
2731
3600
1472
1977
4623
3230
3353
19
4620
2935
3564
1150
183
2351
1062
4308
3281
1637
233
598
3013
1527
1912
4310
1536
198
3628
824
3012
2180
3814
3807
3068
1938
3787
3203
4239
1810
2449
1318
3484
496
2912
953
2356
2898
4053
304
1812
1696
817
2039
344
2090
2403
1268
1348
1311
2228
3461
2096
559
1367
114
1469
1604
2156
1495
5180
2936
2936
1040
935
981
482
5104
791
4157
3267
1257
929
1747
884
4745
497
1980
646
3428
3698
1205
3250
2209
977
262
5151
3013
5093
1709
2390
839
2550
2116
828
940
3724
3536
2521
1120
2726
2985
2324
769
1177
2720
1783
1640
2107
1047
3060
3030
445
1674
258
1580
3793
2562
4910
1397
2322
1428
613
2949
2882
727
7
184
1940
678
1144
3521
2253
4506
2387
3906
3338
1924
782
706
579
1259
2397
4272
1593
3476
1047
2303
3799
4253
2228
2526
4189
3511
2024
133
1015
2173
1402
2145
5305
441
2496
1913
2487
1951
1004
2051
365
1921
588
1539
3727
650
3174
755
2132
2321
4418
657
4795
3886
2270
1633
943
5087
3783
1719
3563
2006
1192
3904
829
2170
2565
2598
633
1385
2335
2935
2748
4297
4167
490
2283
1804
1002
1882
4533
100
4257
2456
1404
1098
3241
904
2657
916
2645
580
4457
1309
4143
2561
1301
724
1045
2270
1691
5011
3613
3205
498
4149
2857
3738
1970
3453
2936
1629
137
1471
3555
2916
1926
1961
2630
1827
3423
3027
2116
597
364
3714
3616
1225
3868
2886
3872
1960
1838
309
3052
4639
1215
4054
1914
5054
2287
1356
4705
1106
4487
1361
1970
3268
1044
305
1469
565
649
246
922
1647
2029
1233
1058
2783
2229
422
2112
2289
1828
540
583
3416
4126
4176
5098
2141
1347
353
2173
1278
1393
1406
871
2016
926
3543
4440
4399
2820
4606
530
1192
333
910
247
3045
4039
1036
2573
1803
1365
2193
3266
2913
650
588
289
1951
1234
1746
1724
3510
2056
3219
2407
3508
1719
1384
3569
3396
3810
2494
61
2015
1142
1414
3561
1986
3573
2053
1703
2524
1965
2313
2902
3227
142
3386
3145
3001
4311
4207
1926
3964
4245
1008
4628
2394
3467
1682
3639
1505
586
4218
966
1787
1263
1928
3082
2316
97
1691
692
568
1644
692
4245
3245
533
3991
1909
4107
2509
2166
2359
1177
1296
2714
1479
1659
4260
4958
4119
2975
2653
3431
1856
3140
455
2789
2960
36
1609
1287
3142
1592
3656
3470
3440
2163
1642
2203
1221
3136
1689
2040
3371
705
646
1859
4734
2571
965
4357
3305
1534
2255
4340
293
1409
302
1493
3364
875
853
1654
180
1359
1939
2628
4291
1775
4987
1188
1900
3700
3013
403
139
3690
1995
2158
4463
1376
1869
4630
2983
1094
4616
3826
774
1503
1933
4516
3303
824
4070
1114
3279
3031
4523
681
3897
2291
130
2607
3928
920
4038
3094
3801
327
1600
2506
2212
1495
4171
3594
2395
5010
2424
4450
3562
1515
3832
3614
3263
1353
2211
3770
2033
3650
2549
5102
3164
2478
1155
1742
3901
1328
5212
5243
1456
5076
3111
1353
1494
628
4401
1145
98
2711
2891
3426
3287
2077
497
132
947
5083
2454
2553
1841
3868
5014
2996
2578
1623
911
659
4190
418
4008
2634
2973
681
1889
1266
3067
4254
200
2540
3878
2294
327
1045
443
4438
4873
1615
3305
1120
821
4706
3757
1500
1028
3369
3540
3203
1232
399
1741
4891
1233
2500
3288
2265
2644
2978
2003
5036
981
792
4501
3746
1017
3042
58
3493
1879
4683
442
4100
1268
2763
2645
2935
238
3312
310
994
4050
1130
2154
3026
2137
2659
3083
3428
2032
692
5357
1680
2178
621
3595
2250
569
1883
1170
4573
4509
885
878
3541
3359
767
2311
529
2077
3426
1535
2204
3517
4446
51
1648
4673
1032
823
3068
3287
2968
3563
4301
3042
5015
3722
2299
183
231
3575
3848
960
3024
544
499
2009
1346
2713
1284
2763
4266
2260
124
1295
3228
4053
1860
1303
3378
1329
397
4658
3537
3221
2841
2034
2681
1934
1711
3181
4231
1105
2519
4776
3412
571
398
1138
4483
580
667
3703
1100
2126
2384
3336
1046
593
2074
2799
3059
1263
1507
3308
12
3740
2982
2512
2440
468
525
4880
2310
997
1392
3338
2114
271
1062
1643
3092
1079
2102
4876
3294
2453
645
2609
715
4790
3480
1329
5443
2017
3430
2181
1165
49
2774
2705
3023
2119
3230
4184
1464
5098
629
826
1445
2241
2090
3849
1175
4466
243
4992
3100
1510
1512
156
2319
3580
1217
4397
3167
797
4027
2265
4434
2741
2059
4434
1074
1953
274
2629
517
2286
2773
2978
2081
418
2294
1307
1267
2803
349
1851
2617
1902
2255
1451
973
2499
1322
3296
1156
4008
1723
1525
1034
2075
2812
2520
1437
1687
1597
1867
319
463
543
3933
1497
1376
4921
3872
1780
4904
5018
1730
2951
2088
327
1354
4380
2442
818
3296
2718
4633
436
4492
1178
607
1598
4529
4119
1223
4542
352
1124
4850
1395
1065
4081
932
173
3237
387
867
2964
4046
4202
2453
977
4495
4776
2353
2570
1710
3439
4586
1497
3000
3317
3103
2507
2343
3873
2368
3694
3226
2910
705
3728
4081
2864
502
873
3213
2800
4692
879
557
2060
4084
1414
3037
4375
4044
1054
1838
4644
4460
2653
2178
1038
1484
2672
4958
3789
3654
2673
2858
4063
2272
4225
1450
3929
3883
681
958
3541
1629
619
4962
321
2580
4759
3730
3721
4746
4095
1828
3320
1595
552
453
222
1541
3903
482
3718
3791
4401
1800
545
4342
2311
2641
2192
4664
2731
3991
4657
208
4177
4830
2544
4104
5017
696
2600
4009
2031
3569
2598
2329
855
1281
2638
1364
938
3670
3108
1529
4574
3044
1117
3055
4811
53
3440
4215
131
476
4558
2548
4114
3175
3087
804
3745
1675
3511
1937
364
941
1581
2460
4738
3311
2648
2558
456
3132
1108
214
3863
4448
1987
4711
574
4185
2130
5109
2171
4006
614
1033
1553
551
4749
4561
1516
3149
239
21
97
3752
3337
4076
4444
2374
3378
656
3012
3431
1076
1469
1908
2497
2836
2048
5122
3255
2270
1217
2213
3775
2791
3528
1164
2873
3407
2664
4400
3105
1929
4152
3161
1209
735
95
1463
480
254
3777
2071
1343
428
2087
2106
2821
3516
3290
2248
761
2140
929
548
3996
326
4961
495
4150
2141
2632
3187
751
788
262
4466
5046
2896
3891
4350
1310
5003
700
229
2133
5147
1615
199
3519
115
5027
3397
2898
2491
2776
196
190
817
2992
896
182
2490
4449
1693
3717
4654
55
519
2361
2984
2816
1637
2560
755
1822
912
3295
97
2275
1614
484
3570
3663
2078
2629
3657
264
677
804
4257
1884
68
2331
4496
84
1478
1184
3453
1395
4573
1363
3751
1083
1857
1337
3213
3141
1894
3466
2901
1147
3136
2946
4296
3374
629
4211
3095
3491
668
373
3791
1581
2018
2393
1789
1885
2159
2468
3507
876
1628
1526
3065
2619
1133
1680
3819
2801
2136
1492
2275
2766
194
2410
5175
333
4423
3924
2451
2838
1676
1636
889
1956
713
2939
1367
2203
4984
375
380
4458
2184
53
3612
2223
4535
5256
4638
1814
1455
3603
1662
1148
4234
797
1293
1187
1747
2492
623
4515
4974
2173
5057
1167
1113
2267
2050
4234
2776
3941
3364
1017
4248
1477
541
2315
2209
3401
318
1353
1917
3784
912
2571
1481
799
4272
2003
732
1133
239
1279
2473
3402
1221
4101
857
3803
3339
718
3504
467
244
816
4206
531
1069
2515
3749
922
1603
1859
512
2247
3563
3675
46
797
193
1179
2157
5240
2557
1259
61
4126
68
3227
1596
1499
5040
2691
1290
4384
3384
183
3334
3884
2468
4147
1948
980
1514
2392
2103
782
1475
4757
2053
2798
1078
1762
532
1836
2619
225
1997
2903
4775
267
4148
3706
2762
2427
2680
870
3025
4003
376
426
1133
1980
1582
1949
818
1408
3308
2877
1037
2899
4613
2853
2970
4150
836
3328
4217
4732
1929
3526
2928
1799
3092
686
3050
192
4205
584
3093
530
5086
3157
3144
2502
3488
1978
1958
2775
3629
996
2515
140
5180
975
3885
3791
4446
593
3164
248
1752
617
316
4011
1351
1821
308
3591
4081
4529
2717
1243
2430
4078
4125
1769
3764
5198
2657
1537
542
739
634
4191
4515
1795
2885
1903
630
1322
641
3940
2919
2888
3744
1966
2176
3916
672
209
3057
1919
3195
3067
4211
679
5093
1909
5157
117
2552
2341
3310
3173
1012
16
1306
242
4183
653
118
2318
940
1784
1603
3143
2017
475
2273
2322
4377
5152
2359
4141
2266
955
4091
3513
4958
3367
1319
1302
1560
4471
1050
493
2455
2322
230
4255
2325
4170
1872
1950
4418
726
3930
3301
202
1816
5151
4079
1154
2476
3134
130
3113
3564
1899
4418
3257
3221
3634
4196
4485
3523
398
1246
923
2557
4078
2804
1517
865
767
452
2863
4485
3004
2165
2410
2791
3156
3258
1092
4524
2230
4111
2061
2256
3588
278
4533
255
2644
782
1350
1642
3904
265
485
806
3598
2026
4855
2128
4023
3508
1570
1974
2894
2136
2242
4382
4076
5159
2643
3020
2698
2236
3030
537
579
3421
1630
3500
2256
3036
4512
1170
1418
4398
7
1540
1395
1441
1660
3282
2952
956
254
3389
1256
2894
2269
670
554
3579
4455
895
770
1609
4340
3966
2450
1872
2900
3281
1858
1065
2600
995
4704
4493
2323
4828
3106
1488
1467
4959
1037
3169
4032
1751
4137
1451
1812
381
889
1448
4095
1490
3211
3627
3408
252
1303
5247
1394
1675
1598
2611
976
1181
4109
1997
1867
5170
4221
3652
872
416
3722
2405
3969
1356
374
1239
1973
3093
638
2673
758
2350
5094
73
1889
4206
4403
1927
3316
4780
1265
1634
110
1459
2142
4064
1927
3138
4153
742
4727
1508
1053
545
3256
4697
4439
1967
3195
2423
5001
928
962
3047
2640
2889
2973
1328
1844
2706
2296
2735
4571
4573
4558
3159
271
3936
1223
1190
2038
4350
2807
251
2127
3518
4606
1271
2104
1062
1245
5202
2501
3840
2219
1474
3751
2419
3847
1166
1767
2494
3105
1054
2853
4128
548
2084
4495
1758
2673
3268
4288
120
1223
442
2822
880
694
2964
4245
3264
4756
2765
727
3627
5473
1351
2293
997
1236
2844
4777
1929
493
4419
3842
3489
3998
3189
2910
3168
79
3081
2531
945
3387
2724
2634
3717
1348
4500
606
773
3452
4095
283
136
2348
1773
2140
2532
4181
73
3250
3799
5027
3917
855
1315
2000
832
4936
316
1113
461
1421
2493
4058
3372
1686
1606
249
2471
4326
4639
2095
3970
2822
602
96
1626
3100
2869
3042
543
4878
2965
2284
3647
833
3537
3779
4411
1888
5029
395
3276
445
938
1559
847
4147
4174
823
2429
1692
1575
4190
3403
4991
4893
3026
152
1756
3503
1255
2454
5169
5468
2397
1885
4103
2383
3693
598
742
1119
4928
1495
4605
3989
1926
3496
5185
1327
3010
4405
1214
1775
2775
3353
2710
2196
1653
3428
749
4110
4363
4343
1180
237
139
4715
1783
4469
2394
2462
1492
3105
1603
4580
2516
1099
2561
1726
3154
1631
4675
3714
452
481
4403
2257
2415
3138
2711
2642
1244
668
3843
691
1200
1926
4915
4143
3080
742
541
1795
4259
602
1099
3101
3940
3548
2342
4509
4569
1730
4619
1941
4117
4177
4782
2340
108
5408
1645
910
1841
4959
2438
3173
3875
1686
1090
831
861
3540
1094
3066
4844
2578
2235
2310
171
1172
4110
4123
918
2595
2750
2401
373
2871
2250
217
3958
3327
2125
4935
2103
3970
4157
2995
934
3639
737
2140
3071
1663
660
1250
2861
859
243
1652
1428
4390
4677
80
2829
4906
2097
838
2035
2729
850
3620
4074
2998
2081
191
2996
3237
3240
2280
5008
4409
615
4305
725
5049
2372
989
165
3702
1590
3906
216
1276
4386
1272
1520
4274
550
328
1214
5018
2437
1632
939
1146
3143
3368
1684
876
514
4685
2199
4213
1930
1418
4233
3319
3600
1823
394
2927
1051
600
2486
2134
733
1604
668
3317
3081
700
4586
3945
4017
4616
10
3857
1299
907
2883
4243
2627
1004
447
4096
2715
3127
3793
3643
876
1944
2889
4330
2515
4000
1521
2438
264
941
3724
1868
4194
2293
1471
4235
296
2697
2054
2072
1449
376
1719
1182
569
3147
3040
2870
500
4641
4436
3379
4293
3691
2490
3492
3960
3288
4089
4270
1877
3294
3006
4375
2160
1701
2776
1300
1009
1101
626
3077
1177
2198
346
1162
2012
5156
2665
357
3229
2046
849
4104
2386
3432
4435
3874
3949
1299
385
532
865
3172
3624
2203
3769
3993
3818
2275
1761
1096
3207
2377
2344
103
501
2857
4845
2015
2806
1033
49
1735
2885
1527
4656
2314
1896
3851
701
1414
3960
3508
3347
1124
2238
2404
3700
2879
1072
1024
1851
1259
3556
1629
4223
1109
4688
4523
1143
2001
4651
405
3530
1587
489
1675
1549
1804
1471
3987
3568
816
1312
2639
4259
1261
3024
1672
1865
2998
1011
2135
3856
3362
556
1322
3408
1709
4240
2623
3413
3956
1033
1800
2128
3326
1923
3863
2898
2037
2470
2699
5379
1739
1798
3832
2877
2258
1361
1072
679
2816
1940
1141
4119
3348
4417
1557
3925
3915
337
351
2587
3624
899
2851
4014
259
3906
3158
1561
2468
1650
2087
4002
381
1975
5036
1572
1374
1736
5292
5025
2139
4517
3855
4609
1128
250
5358
1990
3251
2262
2193
4165
3412
1578
5069
1646
1453
1080
1821
3338
3022
483
390
253
4307
2056
6
2816
2106
1223
999
1000
4403
2889
546
5216
2458
248
2795
2849
4864
2266
1139
371
1344
205
2806
4577
610
1792
1430
4934
1654
2553
2057
477
3635
1436
2571
724
4012
186
2772
455
3041
2233
3536
3014
2515
4443
3877
3178
2997
4093
773
2490
3768
1202
1888
621
4103
3587
1057
3085
2074
1979
166
1806
680
1410
560
2888
3963
4232
4069
4078
584
1754
1276
1018
3144
4490
4829
436
786
993
2482
3074
927
1297
3965
2659
2718
624
4145
498
1889
36
3084
664
4142
4313
1595
1129
1478
4529
3446
1037
4464
1006
1229
501
1873
2844
55
3566
4073
2252
3919
3011
161
2422
4575
3523
2789
2087
1738
545
4593
2612
390
4363
3586
2342
4264
934
1610
1678
4161
3018
2845
237
469
1452
5
1770
1778
2864
4447
4797
3257
1320
2048
139
1640
2840
3959
224
2754
3601
3837
2995
2783
5102
3453
3514
4780
3375
4603
3424
828
401
3814
4999
2348
2769
4243
1191
3351
1124
788
1507
872
2319
2195
3821
4252
4704
3640
2951
707
750
1435
92
2372
2286
3315
5321
3328
3522
1020
1014
4159
998
4944
2721
3469
2871
3392
2671
26
1002
2270
3467
2239
3899
4633
3387
2631
3542
3065
3966
397
855
4837
3088
3997
1249
5053
4205
4219
5136
3115
5240
2592
1411
4429
1859
3536
1360
4945
1970
484
2333
2758
2228
3250
962
1577
1830
4233
873
2731
4674
1302
493
444
2015
1701
5068
3180
3313
718
4678
4976
391
4614
142
1936
2579
1982
1133
3883
119
