1531
1869
1689
3036
1923
2889
3700
3501
2431
302
2333
3426
3907
2636
2472
2115
2347
3143
2001
57
2852
220
4570
120
4374
746
3421
1157
3879
1835
4100
2133
1310
114
1472
3679
1509
1390
1044
2655
659
4357
393
3880
4318
3933
3010
3864
3732
2777
1633
3993
4010
3018
1073
4127
1940
1444
1368
31
1568
2756
3184
1621
1219
1728
552
2000
1489
817
2893
3760
750
2409
4556
4072
3240
2834
3375
2524
4645
498
1906
2981
1808
3192
884
2571
202
2425
1118
2043
3889
3272
2669
2670
2647
69
2835
1642
2190
3788
1440
3979
1357
2532
4024
188
1157
2928
2539
3229
967
273
2543
1858
2500
1431
1718
2497
3004
2587
2949
2162
1864
2851
2897
407
1467
3406
2675
1224
1964
2188
2495
2852
521
365
2855
215
3342
2555
89
1939
612
4011
551
3862
2027
1814
582
2618
819
97
2908
2942
1889
560
325
3703
3268
1553
3526
1020
2554
3505
3825
1424
2275
2590
1274
3710
1023
164
4109
1444
2493
1933
1775
3466
1677
1226
1628
1591
1273
577
1703
1404
4472
3839
1209
74
270
3592
1931
4398
32
43
1885
4420
2650
2116
1163
366
3415
1023
1008
2908
436
2902
2044
3844
3432
4124
3373
3490
1855
937
1517
2334
340
2519
3652
1264
1217
1788
112
3556
968
2419
2844
2609
1452
1679
4073
334
2322
3642
18
2894
3617
2896
1091
2367
4186
600
2271
1903
1159
576
254
4162
2895
1005
2549
3597
3964
3940
1337
3943
2777
2395
683
2579
1782
359
894
3826
2990
3752
4293
3512
3022
1559
3332
1081
54
413
2463
3231
2868
2320
3237
3666
3584
2876
893
1055
3504
2095
2605
2649
263
3977
4619
3720
2319
1390
627
4326
557
2847
2038
672
2405
1325
2303
2641
583
436
1732
1418
3695
2904
3485
4078
509
2542
4223
102
2121
2181
328
3791
2288
663
872
1989
3115
3929
2123
2688
4236
3074
3692
1028
4467
2238
730
562
3550
3236
2200
2643
4131
658
1471
1208
942
3413
1243
1462
2805
3791
4196
2627
4062
1070
2831
1080
1418
1328
307
2098
619
358
3445
4343
918
2479
1706
3025
2174
3161
1083
2605
3734
1569
2636
1128
600
3459
1086
1615
2960
2152
271
3628
3099
2624
414
1480
3068
552
861
2812
2559
3867
3159
4495
2592
4086
1639
1153
990
3814
4438
571
1210
1585
1324
1084
1029
4176
4054
1625
1585
1320
1378
3110
1159
1104
2835
1648
841
3493
1389
3767
3604
4254
3223
1741
3856
2718
3946
1486
1586
1157
1191
595
2617
1926
200
1141
677
1066
3220
1646
3168
2844
2893
1796
4305
134
3304
193
840
645
2262
1860
2825
3743
3088
1168
1810
1369
424
416
4231
2866
586
2586
4598
1956
2727
3029
1052
3458
3966
1496
1496
3973
1005
3443
4516
2874
359
3723
1553
527
3273
3175
3694
1528
2119
2106
3768
714
1523
2765
953
1069
2132
3686
3160
2522
1030
2426
3451
1501
2852
1636
421
255
3361
3412
576
2542
829
4542
782
1233
1931
2
1820
3591
262
3234
865
1140
544
2297
2598
588
3138
3386
3049
3323
3934
2645
784
1014
3017
1516
3816
2178
3720
2065
4198
2136
1783
971
2270
188
2411
2823
3368
703
3321
2267
1249
2740
3898
3238
4005
2363
2423
325
2055
1062
3597
2408
2648
4275
214
2349
2652
493
3855
3054
2963
1847
489
1082
2168
1006
1530
745
782
2611
4204
4342
3657
901
2642
4484
3956
2310
1102
1266
92
2485
868
1526
2078
945
419
1883
1098
2411
2031
939
3563
708
1135
4233
1518
1051
860
1180
4245
930
3192
1877
2434
3197
1923
1859
2183
2562
3103
1937
1929
2779
2150
1620
489
3991
3333
4297
2186
3412
1025
2844
1409
3580
911
909
4298
471
3230
1550
4085
739
237
537
3001
202
1169
4340
2153
2689
735
2394
2765
1626
557
3261
327
1313
927
180
976
4078
4129
4151
452
4428
1427
4133
29
2396
1835
2445
3263
220
4034
3720
3202
3950
3433
2258
978
3546
1670
3259
4502
1274
719
3768
564
1080
805
1225
3949
3974
4055
3564
1331
2467
2465
293
2355
2839
897
2929
1937
940
1092
3351
4421
2865
1078
3882
759
1665
211
3805
902
2252
846
2387
224
4542
2997
3598
580
3924
4311
3470
3762
2814
3599
3158
2307
1739
658
4166
3582
3814
1531
769
1253
2864
2799
1797
1890
3178
143
2264
181
2539
2101
3396
1461
25
1108
254
1588
3328
3839
3137
887
31
2652
3643
51
2228
1948
2486
2407
2774
3624
790
1310
1831
4251
681
4205
2887
1812
2759
3511
1392
2363
4544
4320
94
1519
1421
3955
1749
112
2779
3877
241
198
1546
1398
764
878
1197
1807
783
4068
1703
1328
1219
2049
3937
2423
1703
2193
800
1336
2498
3070
3675
1667
925
2029
2948
2861
3325
3977
3106
3614
2782
1338
2646
599
817
1210
990
4292
1097
263
499
1851
3211
4378
3331
344
929
363
2636
2450
1925
4587
1853
3326
3791
3775
1652
1164
4191
1316
259
4648
2751
3561
1711
732
2350
2068
2047
1537
3074
2902
1466
1992
4743
1096
531
917
1278
1941
205
2271
2034
122
1121
146
88
516
4636
1969
1325
1488
2407
1648
3171
657
789
254
1325
1562
1818
767
392
4244
1570
1991
3860
2450
2624
1748
2181
2363
3949
3778
1200
1537
3192
3012
3187
3307
322
3000
535
1164
3135
2745
4049
736
118
2351
3932
2334
1695
3300
3324
577
2638
213
994
3082
3349
3462
3534
682
3738
1176
3045
3484
2626
3582
2557
4421
4011
1060
4182
2435
1261
498
2766
3070
2264
574
773
1460
254
3794
2360
2741
2948
3252
3627
1672
4664
2691
1932
3122
1746
3046
491
276
4577
857
3369
3296
1002
3154
506
2152
3128
1680
2011
3378
1658
2493
845
1785
790
4010
1306
4198
3432
613
3366
4502
2769
3286
2809
1503
3056
259
3453
3136
1369
152
3039
1540
4730
753
3098
925
1796
2634
2118
2972
156
4221
1088
478
3748
1607
2910
1077
368
1506
3399
4492
3287
863
4380
3406
1366
569
4319
2849
871
812
2070
3368
955
2941
4214
2462
3966
3543
1407
4459
2961
1827
1710
460
3068
950
3151
983
2569
1657
2735
641
3498
4232
1444
4426
2206
1950
550
876
2180
3856
684
2755
2445
1387
1322
4005
1327
1761
3342
2894
3950
3453
1690
752
2732
1614
2361
3343
1534
222
803
506
11
4298
686
3153
3476
1867
739
859
3199
4048
4040
2305
1038
3176
40
152
4006
797
872
1279
504
527
4551
616
1948
911
2745
1455
604
2791
1418
237
933
692
2463
3948
3530
1091
2110
2773
1062
3686
2174
11
4456
2470
2333
1604
3330
2352
4214
3197
4404
383
3354
587
2843
1284
1126
3153
1315
1407
1716
1489
4561
11
276
1542
3043
2108
2994
1581
4193
2517
3105
1993
1237
1096
334
3516
4486
237
1748
3655
1347
1277
1560
2097
3059
3446
1661
503
1237
3123
2891
555
1499
2664
1080
3434
1659
76
1583
2626
3337
1452
3199
766
4319
2980
2979
1127
2642
2148
3260
3856
1045
4414
3408
1251
812
3654
3334
4117
3177
3913
4012
3002
4080
1218
3515
2066
3686
3060
1999
3785
3204
3591
4071
2685
456
3459
1461
2265
3540
3355
1864
3048
401
1062
460
2948
1883
621
3036
2868
937
919
2606
880
3011
2708
3502
260
4021
3200
1893
2447
374
1726
2325
4060
3405
1983
4718
713
2787
2697
1971
109
533
3317
1991
3931
2299
2828
820
1275
3641
4476
3414
2489
2157
2756
4031
3700
1752
3043
880
3781
4243
4237
1362
3968
3357
2604
3896
4244
4120
4131
3598
3653
1453
2174
1067
4625
293
1722
4125
3512
934
3058
960
886
647
1836
444
2775
1632
464
2514
3474
1694
2321
1751
3767
1679
579
2360
149
1037
3464
3850
2146
1107
1469
1636
811
1609
1823
4658
3472
1729
261
3008
1758
18
4340
39
2570
4619
3870
1511
129
1688
160
3251
2450
3404
614
4041
2753
3658
3871
2197
300
2838
3662
50
1277
3440
702
455
1492
2991
3679
1266
2613
3168
327
74
588
510
3803
3614
2654
1267
1842
874
3963
1709
2300
1682
4291
3620
1143
1592
3343
3522
517
3330
1946
4047
1132
152
4123
966
2232
3855
3106
1890
731
1525
4105
2795
1972
1204
2264
701
1250
30
1047
2562
2125
1029
3281
971
841
3163
1220
2570
1608
4085
2436
2114
3278
976
3482
982
3542
3473
1942
826
4322
643
692
1030
1523
3132
924
3067
212
1407
2435
2741
2239
2981
4166
531
365
1824
4665
2694
2992
2122
120
4050
1671
324
1719
3518
864
3862
1856
1494
471
1975
1500
1819
955
3497
1891
1857
253
691
1981
3407
2279
2990
62
560
2086
171
3168
441
739
2162
2357
1584
2363
3612
2376
1903
1520
3646
2411
2025
1633
1750
4671
2823
574
2118
3725
3649
3085
574
2977
4033
2839
4253
3230
2380
1895
289
228
1140
2093
2129
2064
849
1419
399
825
3558
3227
1067
4465
1079
4098
3509
203
627
936
740
2607
3974
4016
4685
2710
4158
1820
591
4265
890
3720
3640
4437
2817
3584
4545
1080
3413
2235
1498
1949
839
1818
3874
1318
105
4078
1954
2075
1255
3715
3827
548
459
3347
744
1776
1414
2486
2615
4203
968
3076
1891
4477
3670
378
786
1121
1195
1718
514
4445
3124
41
3587
3600
3441
2300
1427
4241
329
2399
1324
1722
3168
1604
323
1692
411
3459
2675
3529
2642
1031
1838
2831
547
3523
2013
4165
4079
3615
2424
3589
2730
2456
514
1168
1494
4273
834
1798
1419
590
3767
3479
4358
3018
2307
1395
2777
1659
787
2071
592
3173
81
3346
4318
3915
1669
1688
1263
2959
3384
3985
206
929
3354
3925
3611
530
4006
4302
2027
67
1833
2426
3520
3264
3693
3644
2745
842
2163
1652
1934
949
4073
1546
1524
2939
2220
177
345
1157
3126
2484
3736
366
3073
2274
253
1960
1130
2981
648
875
2827
1037
3957
1019
2180
3419
2617
4098
2588
3783
1530
2548
2189
2337
903
1593
733
529
2229
2708
629
3206
872
1627
270
314
904
2787
3435
3211
2524
1916
2539
1818
3509
853
2405
2135
2617
1719
3416
4533
2083
276
4114
1639
2353
1160
240
1071
2123
7
2616
2091
2623
756
4461
1259
4062
2338
1778
288
4196
261
204
3338
1599
3310
1875
2037
1656
344
4329
875
2090
1357
3041
2491
3882
1317
3458
3682
1689
327
1689
221
60
4068
2042
4531
3255
3094
3564
1624
118
1945
1676
969
1679
2758
1122
1459
2021
879
276
2477
3461
1002
2252
90
1395
2706
3563
676
3390
365
2070
97
3514
3009
2886
3518
3671
2671
427
3462
1117
802
260
3730
4266
4129
2718
4
2986
1039
916
2435
1760
899
2543
867
1205
3603
3174
3498
2225
373
1272
1604
3587
3207
3109
851
1997
1013
3168
3628
1928
1910
1423
2211
4139
3373
3275
2660
3434
1152
117
3379
944
4162
4433
2994
3649
948
304
2159
827
1025
1559
1125
3503
390
2519
705
187
3759
1528
2562
3870
181
2781
3270
2794
2818
2879
3013
3494
2955
2659
966
2347
628
2052
3591
2243
1090
1889
1350
483
1403
2945
2688
1609
3416
1562
3623
3289
3578
3412
2675
4027
557
976
3985
3394
3169
2446
3167
1289
2023
2809
4667
3736
3832
3150
4467
2780
662
1432
1380
2101
1694
2388
2934
4415
2767
3362
2283
2816
1973
873
2597
1808
3244
3716
2929
2253
4511
125
1677
107
2891
276
700
4015
7
1320
2856
1883
569
3979
274
2335
1249
3792
5
2325
129
1292
738
3280
1417
1054
3311
1277
1049
2416
816
488
2389
4414
4426
2681
4159
2780
910
1406
1762
3476
1980
2732
3066
1351
2703
2955
2551
507
4472
1944
3965
889
4364
3868
1861
1268
1978
3497
2344
4335
1856
4056
2210
2510
611
1408
1185
3331
4112
246
1121
325
2452
587
2226
3304
3463
1841
4211
1225
3521
3733
453
3344
978
1149
2941
631
922
783
29
1976
575
3176
1979
1537
3244
1680
3664
3110
2441
1367
1961
328
2658
4155
2791
1221
366
2088
2047
4408
1590
2800
1286
3219
3667
2570
1810
2620
1357
3162
3314
805
3609
2393
145
3636
1553
1609
2756
2890
3341
2630
1311
444
3524
3144
2677
3736
138
3397
2878
2663
71
1986
625
735
1430
1091
4308
1796
3494
874
4077
3408
1937
401
1359
3904
1375
738
3483
594
1987
2064
2424
3397
1111
2961
376
3756
333
1458
3391
755
2030
1633
4074
2435
2987
3960
2767
2539
4395
1454
183
1406
2791
2477
2096
1426
349
2979
1107
1072
3915
339
204
1468
1013
708
464
2841
953
2207
719
3087
361
3375
764
4103
2053
2820
546
3430
165
1858
2568
2331
4549
1048
3097
3962
1793
3930
2011
1679
1329
2126
3768
3048
2924
3002
2311
3802
1050
919
1522
1740
2282
3207
387
1994
2938
216
1469
212
49
3272
2583
429
3475
3689
2078
2303
3692
1150
3746
828
2936
1679
643
433
3709
3420
358
188
4480
1300
574
122
3332
4036
1277
2593
1943
1612
3799
1233
121
2889
1120
1807
3282
1966
1789
4428
834
934
1437
3884
2961
4381
244
1808
1039
949
798
1487
2335
4587
1565
3154
2191
4249
2620
743
1473
3349
3176
1957
3986
3354
4607
3979
2
1362
1390
3610
2068
3424
1174
4088
4029
1309
899
3301
249
1476
2737
2585
2193
431
1382
2198
206
620
2701
3041
1060
4217
4611
2737
178
3396
671
2669
2527
2962
404
1872
237
4122
3680
3458
4354
1819
4206
1344
1314
374
2965
3836
3633
511
1506
3432
3307
2593
3013
1730
1645
1503
818
1218
2001
1924
1305
2045
2104
1240
201
3451
1519
3823
4443
3553
1484
1575
2730
3066
1112
981
2216
3615
655
785
4050
3313
4746
1689
3412
224
1734
453
4455
1186
770
3082
4411
3529
1144
2647
319
2062
2047
337
885
3759
3760
303
4383
2306
537
1628
862
4067
1885
3654
981
2806
3554
1141
555
1538
4043
4459
1874
4421
176
2859
1950
204
2922
1681
417
3345
3001
664
2369
1780
1693
964
2855
2993
130
2349
2142
3806
2922
3474
814
21
660
3403
4081
3622
2202
1457
2487
3346
2900
3267
250
745
33
901
2526
1746
4108
177
4293
560
3875
3463
1487
432
2736
2319
987
987
1823
542
2643
500
275
772
2695
3534
3341
4020
3212
1708
1736
1624
39
412
3271
2472
2872
1775
2307
1060
3520
2484
3551
4611
1369
615
3430
2184
2270
342
4120
1378
3744
3954
2867
1225
968
2584
3281
2731
1250
2163
1114
3191
1658
3945
2561
2638
4117
3768
1220
4002
3718
3625
2455
154
1422
1303
2710
3919
42
4570
3486
1069
2050
2979
4308
1024
2601
1742
1406
596
2234
122
3024
1762
3908
3108
1161
4084
2261
3257
1032
3833
915
841
4180
4081
3158
2834
3777
2198
3394
2929
3295
2536
2369
4509
2221
376
1070
3388
3470
4018
2994
1139
3527
1493
638
1408
1993
430
3210
2077
2713
2513
2539
4486
4348
354
4291
1206
58
1444
2791
113
3867
3036
3696
3444
391
419
3018
1756
4077
2950
3376
775
3541
1112
2404
2569
349
3829
430
1761
1757
3303
125
2764
798
1274
925
152
1639
4195
2826
2769
987
3181
1381
3425
3431
1983
3366
1768
2844
4537
1397
3230
2569
2680
451
3350
2978
1163
2776
461
1356
1489
1997
1193
4387
3839
2466
3342
1812
2381
447
3223
2790
4433
2119
2846
1235
4498
2460
2740
1970
3699
360
2809
931
623
2002
662
662
211
3064
1353
4525
3516
1285
814
4664
732
3214
2610
4279
953
3073
941
3233
3676
3411
3352
4135
3744
4694
2700
3169
2949
2623
3365
1548
2147
3534
137
3733
361
2502
3966
3449
3603
3983
2606
1026
4294
2346
1628
4077
809
959
1184
1093
2222
1658
1198
2057
2033
4202
3395
1655
1973
831
332
4137
2333
1674
1199
2684
2303
4311
1606
958
4313
1217
3782
4107
3219
399
701
1817
129
2241
4728
3800
1409
2167
1169
2954
299
1216
4157
4541
3246
804
3339
583
3844
214
3374
827
2137
2465
2702
3029
2825
3913
3492
2537
3457
1390
451
1909
705
1262
864
2121
219
3264
598
3413
462
3468
620
675
1291
2414
1697
3669
590
3043
3540
574
2405
1290
2853
3209
1685
1484
3966
758
3049
4279
3280
4430
1479
376
1192
1190
2976
2368
4247
1819
3982
2684
4127
2532
1298
467
1484
3379
2372
3753
3776
3408
2770
2129
2168
1534
1259
2403
2667
1087
2523
192
651
4356
2337
999
2553
2181
743
3395
1273
2537
498
2861
4396
2588
1383
4459
299
855
1944
2162
3287
1320
2955
2923
2474
2411
1584
1409
997
313
2702
801
3333
2038
1178
1658
1641
2378
21
4295
4123
2910
375
2418
1222
3500
2109
4274
1069
3525
3086
3684
1081
841
4116
3318
1789
3548
260
1181
1761
1961
3662
4144
590
3814
121
179
3833
1540
3372
3971
1033
46
871
3073
3293
3181
2259
1676
1890
2682
3540
3798
3933
2273
1211
3920
4424
892
1346
3990
2866
2954
2578
468
1306
3117
2464
4348
3411
239
1913
4360
872
3045
2036
3962
722
1309
1268
1742
4409
3312
877
1308
3492
2349
2957
1957
1453
2070
2564
1676
1033
1602
3376
2724
3629
1677
1177
3651
3854
3799
1454
2113
3958
3806
1790
4198
1512
3011
2600
3970
524
426
1640
2422
1591
3884
228
479
2640
2286
55
2206
4220
2857
3994
856
995
180
2733
309
476
3570
909
4521
1376
4356
3045
3201
3155
302
2404
1751
2211
3533
2520
1242
228
3101
3706
1698
4571
1876
3085
1581
1139
1176
2938
4235
2206
2767
3824
950
736
1232
985
4157
3650
2788
1047
2123
2879
4506
4386
47
1968
1589
512
3689
937
776
218
2762
3122
1398
3775
717
903
3515
1540
2192
770
2988
2442
984
504
3003
3806
2484
385
159
3328
3631
3441
2578
1827
1475
1924
3278
3835
1737
1186
4002
57
3806
2983
373
4383
2510
3865
4110
264
259
3187
4481
3260
1832
697
1667
760
4209
141
2876
2727
3739
340
1881
3420
732
955
4271
956
3574
3096
1832
640
213
3497
1654
692
4021
988
3244
399
3314
3768
928
2037
3140
1552
4505
700
1612
2474
3779
3810
328
697
3779
1602
320
87
816
2719
2040
3600
3037
52
991
3184
3075
1699
2673
3769
701
4065
3577
3243
572
4045
2322
1920
68
4196
712
4529
1599
1700
1039
4294
3346
767
3890
2163
935
2633
754
3721
961
641
2131
1111
2628
4431
2199
492
3864
1218
3358
933
1527
532
2456
3363
457
554
3865
3751
765
3448
1246
1599
850
1486
800
2273
1794
1328
1537
2793
2614
4055
2305
2108
2895
2961
109
871
3897
4603
2309
2384
103
2394
3661
4177
3644
971
4180
3484
2677
19
2649
353
1118
1504
1454
3365
2066
2550
2361
775
2339
3676
1718
1908
2254
3582
409
1262
3348
2003
3050
2292
3336
2017
443
1453
2745
1943
1012
4515
2676
3045
2262
2749
3099
155
3819
731
2702
803
2702
2775
2855
2158
1401
283
1973
4642
3825
2952
585
1622
4729
4543
2041
1084
726
2642
1943
4455
2082
3166
871
4061
314
2637
34
2539
3635
558
1973
4077
573
2516
2232
1480
2386
380
1561
1404
418
2454
415
2746
1348
1987
444
1557
3067
1398
42
3440
192
417
2932
692
2582
3250
3313
440
4363
3152
392
2229
4256
965
741
215
1838
3343
1671
3520
363
2779
4418
2167
2683
340
3985
3528
4685
362
3760
1655
2321
889
1782
1356
3257
3859
4183
1325
2670
935
416
1852
391
86
1956
3533
3234
2205
1783
4072
1523
1135
3631
459
637
274
4159
3740
850
3264
1897
2278
151
311
120
3931
2388
3000
3130
3574
4573
2412
3957
3194
1116
2561
4098
3368
753
1157
2339
2179
47
319
2380
3113
4158
4406
1546
1834
1594
1792
409
4296
910
2369
2340
2115
703
2450
4456
2627
129
2614
877
1441
1548
1832
1785
1624
3286
4035
1170
1878
3000
4142
2640
2762
3483
1579
596
3386
2802
298
2256
122
3949
2334
4243
2284
3721
3729
2515
2890
3174
3619
624
1205
3344
248
2038
2739
2043
2594
1779
2952
2654
3225
624
1740
2473
764
2057
1113
561
1430
100
68
4427
3006
445
1167
411
798
1204
3331
3690
2505
4533
3160
3035
2004
3474
2996
2188
2332
3713
276
2938
2286
444
3211
2051
1398
2644
2827
771
368
1369
1721
2673
2241
1397
1246
4154
1129
2894
3444
2820
1599
4319
1318
3651
2547
230
2223
1185
2421
691
2069
3107
1468
2533
3072
3577
4235
4449
3246
3334
2439
1117
2326
178
1177
2292
823
2205
1050
1947
4061
2187
1629
1642
1090
3941
4031
1654
4105
2787
2509
134
2778
2555
989
837
1507
1982
1552
4529
2574
600
2254
1997
4121
2576
1739
2162
1346
476
776
2108
3713
2987
2468
258
103
766
2925
4301
4529
3873
3099
1831
390
224
2254
1024
1272
3767
3629
3673
2143
417
4541
2774
2344
362
1489
598
1026
746
2250
236
133
3409
455
2832
2454
660
3868
1284
1836
368
2614
3056
740
4387
2875
1363
270
1549
2108
3331
3046
2695
1324
1465
2475
254
824
1483
3334
1135
1321
1482
2362
3944
387
1756
342
3187
3843
6
2035
3891
4014
3616
1812
1374
703
1602
4088
1782
4145
2681
856
2316
3523
802
2910
3930
3330
1303
3475
1154
2835
1974
3148
78
2735
466
4067
279
3253
4258
2444
229
1229
3169
4541
405
356
3722
1136
3407
1377
1607
967
3928
2494
4468
2294
1609
969
379
4021
3552
1192
2225
2650
3159
160
2902
3804
1147
3542
1203
598
340
1357
2967
693
1292
3665
459
858
1379
2943
2698
3658
2593
3173
604
599
868
1149
39
2254
4048
1531
4554
3924
3668
4100
1128
3920
2337
2389
4156
1079
2530
3414
2444
1682
138
1673
3982
4359
2269
1802
4292
1989
2976
4341
2330
631
176
2774
2545
3780
184
4226
3489
686
4007
2045
4506
1955
1951
3069
2232
1412
4252
2396
821
2229
115
2124
2584
2280
4005
2130
988
262
4150
2851
2540
3468
328
2690
217
1104
2958
2453
2114
2791
2296
4313
3392
1440
2020
2026
4232
2725
281
1408
2883
2762
2128
284
917
4561
520
1620
1289
2426
2050
1470
2747
3028
408
1362
640
1012
2750
2134
3400
261
2187
1839
966
2614
3927
4440
2578
2734
2804
1405
88
3312
511
1197
240
2149
4516
2974
901
2398
243
2885
858
1861
3835
4143
3951
4648
3933
3533
849
1207
882
3087
2151
2908
1190
964
2277
2870
3163
2657
271
4527
3818
2019
1200
3513
3460
23
3023
957
3592
4305
1901
900
2610
3983
3368
3741
1849
520
2353
4142
159
2897
2758
4447
3216
802
4347
24
1918
723
1998
4617
1808
2730
825
361
4450
3236
930
2143
1431
3149
1740
3616
2104
1416
2307
4442
3758
3074
2358
1269
1877
92
3452
2436
3917
1158
3023
4071
3734
1218
1480
3049
1397
2320
743
3427
3335
3289
3729
1015
3086
1302
1228
2735
1672
4019
3587
3263
339
967
3245
2350
964
669
1365
1097
1950
3015
3360
2552
3956
74
3248
531
3758
2670
435
1056
2657
768
1788
2830
2745
3443
408
3157
3408
1992
1063
3256
1337
1755
517
3178
1298
4426
4513
1192
688
2986
2042
1779
3729
3874
3918
3056
2948
4213
1753
526
2132
3043
2452
2384
1330
1001
3657
2897
1223
691
3151
3654
4202
4580
1172
948
816
4213
4628
1183
3403
2010
1128
945
3047
3617
1637
3511
603
1695
4623
2150
2560
1836
1942
226
1957
3683
4434
692
705
3476
3832
4231
3968
2171
3401
3038
3463
2181
1358
4223
4045
1975
4181
625
3370
393
2602
19
3349
2263
2849
2055
444
335
2871
2033
3835
3540
901
3317
1791
4231
566
468
3988
1660
229
375
398
1497
2711
2110
4050
3227
623
2478
4082
1079
1798
992
1316
2732
1298
2197
1782
2952
4271
4062
3745
460
3241
3789
1093
766
2322
2113
2186
3357
160
478
2987
4106
1726
2721
1855
2743
1994
305
2173
451
1149
10
24
728
1138
2304
3986
2147
2527
967
1653
371
4070
4440
3741
2400
98
411
4159
4176
305
4648
2584
2280
658
4120
1082
2863
2423
2309
3136
2970
3518
1105
1646
1789
940
395
2621
961
2477
2812
3277
1225
4273
3505
277
3409
1393
1800
3851
42
1420
2605
1442
1726
1640
1085
1542
4187
2566
3201
1065
2996
846
3033
2540
218
896
2027
1095
1435
856
4464
3434
1251
3061
1714
3661
3841
3204
2712
2817
1782
3625
4086
1432
3874
2545
266
3020
1614
1807
1232
1188
2354
2354
935
398
4200
587
2466
2332
284
2714
796
1298
3855
1052
585
1665
3310
2932
2576
2723
3758
4
3825
1952
1163
1183
2626
4340
4570
1470
582
3304
2446
2546
3840
2539
3434
229
1605
3329
3441
1470
1854
2845
1892
1475
794
2389
529
3451
489
2119
4123
2011
1077
1342
320
2231
12
1710
171
3388
289
3963
1667
739
2061
2955
2746
1266
1863
3871
4395
1586
4207
4128
3903
273
543
887
3058
2255
3584
3974
814
3168
3451
1543
3995
11
2128
2570
861
429
174
1705
849
2279
4282
3138
3739
1197
4562
3032
1812
3010
2647
3175
2990
806
1048
3109
4365
965
2753
276
3224
3617
2553
3826
3495
1085
393
3271
4409
4204
3921
1263
3814
1701
2147
3482
4106
1265
2000
3064
2450
113
82
2769
1344
2368
2247
2040
142
889
3171
2206
1342
769
1105
3342
2183
2004
3256
2094
2551
2079
3695
2256
293
1498
212
2892
4563
28
1464
2484
1238
3117
2883
1107
1035
3524
4131
1715
1205
734
1207
2380
2922
1346
670
3246
4656
2180
3670
2931
4193
3411
416
202
601
284
1932
1788
2451
1052
2245
1931
3392
611
3412
2853
2959
3933
1664
4191
2194
2588
3286
2134
2581
1795
3609
2648
1916
42
578
3143
639
3003
779
1511
293
1588
3052
920
3061
1762
1737
2951
907
1230
2421
4547
2954
3293
1137
825
3113
1651
2185
3438
3237
2496
4480
2649
3955
4214
556
587
3966
3087
490
1745
1506
2546
2952
1320
454
3214
3620
1786
274
1970
75
2494
1667
1187
4316
4614
778
1992
286
2554
3314
4439
927
3236
1303
1100
1263
2162
3482
3573
1609
1637
742
3457
4629
3008
3869
1541
4268
1231
3487
3908
193
1
4277
811
3047
468
781
3079
42
4015
4101
1039
2932
3640
3900
4628
3973
2810
1370
3236
259
1427
1526
2467
1224
1007
4530
2008
4549
1946
3991
94
626
3114
2324
3993
3292
18
66
3400
3734
3202
3658
971
1285
459
2797
1749
3376
193
1521
2951
3412
2309
4221
2392
2116
3986
3790
2072
4192
30
1013
3637
514
4370
1341
974
227
2751
372
2123
2507
4011
3790
689
4510
4226
1979
2211
2970
1304
4457
2330
1070
2440
1998
1088
3904
229
506
4317
312
3927
3956
4080
2166
1550
1762
1548
3736
1555
3437
4721
1046
332
743
1412
911
2678
3963
1436
16
3485
574
3209
3566
4583
3999
4028
4351
1995
2633
1241
1246
3338
3100
4532
3234
2308
2611
2729
3532
336
3990
2077
3794
2254
3130
4091
3628
1374
2164
3800
124
870
1987
4091
1108
1869
2775
3226
1214
2524
4105
1701
3050
21
2124
2920
3099
2629
2038
4700
511
3431
3369
1670
4392
4123
4439
540
3030
152
3056
3570
570
3327
1095
746
4160
1911
3886
3511
3926
454
1190
3562
1959
3801
3474
3106
3779
1244
2667
649
3909
3502
4113
1118
788
1372
1235
1083
2817
2373
2294
1586
2012
1554
3783
1269
905
159
3595
1855
1455
3500
3376
248
2546
2624
1527
1829
3895
1339
1310
879
1585
96
4517
3694
3947
4094
2103
2608
698
3667
4241
1493
424
4343
86
3470
453
2282
2384
1528
3475
3777
1372
2665
3911
325
2819
1371
1890
3457
1448
1491
3095
3661
2078
2810
3408
3957
130
3697
3705
1586
1331
3798
1530
896
1760
2724
3875
3145
2555
2129
3755
3296
1959
777
1255
3703
2804
3567
4303
4503
1488
427
3077
3077
4049
1186
2382
1634
3881
1819
720
1770
3059
641
573
4279
2178
1260
2581
4721
3457
1992
3857
897
3881
2811
133
2460
4717
4036
3707
1091
1952
1856
387
1593
2122
1578
2566
4252
438
1843
3658
413
207
3500
3119
569
560
4161
2103
3112
47
2880
449
106
1118
1008
1887
2181
2134
535
3430
1961
246
2119
1764
4447
2861
687
3881
953
4206
1039
3124
1236
3605
2240
2974
4470
565
1162
1742
3635
2284
3094
3143
1153
1489
1165
586
47
2707
289
1769
987
2268
2264
2243
3345
829
2368
532
3343
1152
1274
2444
807
1876
3554
4160
312
1441
26
3159
65
2167
320
1639
1091
3572
35
3028
3891
3155
2353
3597
1244
1983
1865
4489
3385
4130
1622
2344
2869
2806
4435
762
447
1865
250
2430
202
2594
2246
4156
493
2898
2744
1361
160
1779
3797
3129
3518
1316
3517
4355
