3572
2806
827
2724
4601
3767
2543
1614
687
2814
261
5011
3163
1095
3775
715
2216
3407
1755
3852
2316
3740
2156
3359
3334
3011
2966
1109
114
405
1740
2380
2871
3275
4509
301
3643
239
1615
4398
3480
952
4864
1026
1650
2635
3856
1961
4218
786
2247
155
4398
4395
286
4418
1358
454
1290
1238
3467
1208
1884
2382
2551
4024
691
3515
3794
1818
2652
3970
527
1959
216
3722
3969
256
4509
588
1607
211
4617
4362
3116
733
2424
2692
3489
3674
42
117
2060
1138
708
4081
2630
1745
1587
82
1653
924
2612
3068
1756
2574
2876
1086
4574
3305
490
1971
683
875
1761
4336
3954
1597
3394
2552
1954
3811
2036
1947
1451
2386
1922
2155
213
3414
1884
2751
2744
3186
519
1971
535
951
4782
3111
4379
498
5041
4765
1218
305
4994
1987
4148
3338
3023
754
311
2163
2271
1721
497
1900
4717
1803
264
1898
4174
2052
4623
1495
714
1727
1904
1324
746
927
470
3066
4324
3537
2876
3306
4299
3577
2725
2846
3943
4298
2274
2679
4464
2499
2145
2885
4852
1442
2337
1799
2114
1041
3540
1845
3387
2146
1182
2484
1866
2200
4638
2010
3764
4067
5021
3498
3652
2691
1520
457
1873
1028
2358
4
1493
2418
2469
1772
2109
4393
3700
3869
4112
4829
2699
3316
2250
1145
1854
3764
3661
4351
1093
2212
4643
2833
410
3663
499
3186
848
4196
650
3919
1528
556
1468
4318
1185
3070
950
1780
4152
3210
3646
370
3580
2309
2890
2868
172
3141
4042
3782
4676
3246
3919
576
4220
207
3360
3405
3769
2398
1765
1447
4940
2137
11
2541
643
3512
2890
4173
3094
877
5037
522
4352
3070
3718
3438
175
1488
434
282
4174
3173
2588
1152
2310
3448
2954
1627
2134
3140
49
2387
3658
3597
4045
1743
1038
718
293
1912
3150
4253
2666
3208
3545
2080
3361
4807
83
3555
4640
4176
2107
1646
2044
932
2007
152
1790
4402
3341
2962
984
3541
4423
4513
448
1931
37
443
3722
1949
1402
1597
4698
2483
4670
2101
1104
3655
3123
427
3035
3118
2077
1259
3561
272
2042
3620
138
40
3891
1450
972
808
4434
4287
1056
2804
4557
276
338
4616
871
1805
3481
1264
107
1100
186
3544
1349
1412
1103
408
402
3598
64
154
4627
2732
1950
4297
3302
4153
2434
1496
4187
1233
1657
2909
3562
616
477
1943
4513
2229
1569
142
3768
3772
3943
1463
2263
4123
3344
452
2895
2884
684
1095
2552
2985
3936
4507
779
2269
1190
3971
3732
1674
830
695
1256
86
1093
828
2941
81
1606
1528
1347
3425
723
4026
1356
1040
3166
3438
3891
1170
4374
4380
753
983
773
2144
1629
2155
140
2926
5022
2643
4191
4874
976
3963
2272
4689
494
2349
3466
1481
201
3907
178
2603
3762
4366
2406
2955
226
713
2190
2267
1895
3899
3827
382
395
4124
2878
2711
2213
1584
4419
3208
4045
1634
2571
4350
3347
229
2262
2350
1595
4601
2018
993
3310
2067
1081
1059
2483
816
826
1926
1873
800
865
2461
1400
2494
411
1926
2823
3214
3507
4322
4604
401
4850
2270
248
2102
445
2387
887
3061
2807
5
3779
3145
607
2719
511
4868
1081
3068
4210
2910
4338
3376
653
53
4062
5015
1206
755
3005
4635
2133
3929
3660
4867
4613
3352
1485
3818
387
417
1584
3964
2835
2197
4744
2833
3861
4021
193
4461
2011
2122
248
57
575
188
74
4009
3198
2734
4756
2195
3109
1499
3642
2837
1616
2637
3787
4502
700
297
88
1785
2870
2122
4063
2409
2525
4795
1214
1256
4407
1978
216
2982
1793
3255
1809
4782
256
2867
925
406
3257
618
3616
993
4822
1552
4967
3701
360
4530
4173
291
3238
1489
2716
752
2139
2296
4301
1540
3692
2539
4201
1888
3482
2678
4902
3469
3126
2586
665
4638
436
3855
1946
3120
771
2804
758
1164
3446
1746
2711
4306
1091
954
4161
1999
3354
2194
4240
201
274
1597
743
1078
3428
747
4282
4373
1033
993
3455
3371
2324
2699
1430
299
587
3075
983
3558
3358
3355
368
639
4369
368
2860
1725
3866
1874
2121
2942
1069
1560
4116
732
2693
1813
915
2678
2482
1374
780
738
360
1636
1287
1136
1723
4000
2541
919
2216
512
4696
2276
2001
3331
3994
608
1929
4843
62
4988
3515
1007
675
1520
2790
2317
2427
2376
289
3337
171
4159
3986
704
4517
2505
3784
3590
3626
857
10
3129
293
185
3159
4154
4612
2964
389
2426
696
2546
3320
4150
164
4356
4265
646
900
571
3265
436
1189
1816
2706
3427
2517
308
2595
2677
1718
4284
221
726
402
3228
4553
1818
4121
4520
532
104
4018
1665
2240
2551
1076
3432
34
2713
266
2753
2401
1469
2973
3907
3446
1076
2263
2016
3455
4295
2452
3993
2094
3169
3320
2764
38
652
801
3535
1367
2241
1763
2301
3393
3708
2425
4554
462
1743
4084
2869
4268
3647
1543
638
1761
2923
1960
1433
543
1063
3936
3049
39
3274
3639
3003
1855
2604
1038
1027
2513
3040
1043
1662
3132
3410
3935
1298
4348
4439
3389
3416
1798
2903
3776
831
3375
1163
2038
4409
2477
4164
658
612
3994
1550
2678
713
245
1236
628
3650
1697
1131
1699
4936
3766
3880
1480
275
3212
4269
146
513
696
2612
2066
3286
1379
764
1407
1836
3496
4608
84
1311
1769
3129
2031
2860
3707
552
1803
1931
930
2088
334
4910
2964
4231
4478
1509
1310
3492
1726
2495
1263
1093
1173
2917
2557
3000
118
1530
4815
1399
1178
1172
1833
4121
4116
2490
4261
4543
1459
318
3093
3398
3634
4950
3151
185
2951
3746
775
2925
1393
4167
3417
1036
834
1172
2403
926
1211
1477
1743
776
5020
4938
2583
942
1310
4192
3880
758
2657
1206
2358
1313
300
3464
1170
21
4976
1623
877
1527
1991
570
4456
2716
4181
4156
463
3397
30
2776
1476
2379
1595
2012
2385
1164
4662
21
639
1323
3792
1485
957
2226
4948
2115
2454
381
347
3654
518
1121
1038
1987
4528
2928
3096
198
1857
3520
4023
1911
2217
1175
2927
2604
4649
4556
1560
3763
649
742
910
3426
4024
2330
2843
1989
3702
2023
3690
3307
2925
776
344
4338
529
2740
2636
3621
79
4557
2713
2202
1856
4226
998
2057
1026
4049
3887
1347
4022
618
1158
1262
324
3409
1463
4331
4498
2987
1393
2610
3288
2050
1125
4600
4889
1740
3918
2943
49
2563
1720
2235
4171
981
2858
295
1779
3521
1784
2288
1386
2511
2791
3406
1417
3179
200
4082
436
112
2239
2839
602
4549
1777
4031
2914
1577
2331
317
2478
3968
4767
2747
146
3626
4040
2681
465
3672
3197
2212
4775
3903
925
684
4689
3218
1367
1231
1621
4024
2447
1063
789
868
1621
1509
1654
566
555
406
2472
2028
2476
882
2817
2109
3678
1160
372
1222
1682
2647
4695
1154
1664
564
3715
4018
836
2225
1705
2728
1520
4662
2539
1370
1763
3328
1785
689
547
4368
2009
93
1548
1442
413
2563
2467
2458
2053
490
4199
3267
15
2903
298
2843
486
2493
4133
1018
3125
3340
4274
3127
4112
2256
1110
5014
2926
1634
3169
1907
3509
4801
1071
4733
4385
3656
244
2403
1623
378
4203
1977
1896
3038
752
2330
797
2822
1612
2128
2462
812
3965
4033
732
3342
4248
3085
3614
505
2549
1269
827
1782
2222
2241
158
1076
4255
1735
3667
1913
3664
4713
2272
2810
4552
2336
2570
170
2134
2799
2117
3318
4233
3990
272
1577
60
1018
4405
2435
3490
454
74
2694
3130
3684
1571
410
1593
3433
3458
2648
559
2006
4338
4470
356
15
4611
569
3590
2249
648
3149
2410
2643
107
2184
699
4564
1917
206
646
1868
1991
1800
2769
2460
842
2737
3218
1317
680
4504
743
627
3057
3567
2489
4118
4863
3339
4458
4196
2632
4303
111
2567
1209
503
956
1948
763
3065
2123
4097
1901
2174
747
2748
3539
2613
2255
1161
882
4030
3136
3084
3937
878
1985
2126
1031
4218
1952
238
3629
3979
3500
1184
1582
896
1692
657
450
2202
2782
1571
4248
1162
788
3060
1664
2375
3565
3255
1513
2533
1723
3510
509
90
351
3864
1479
4033
245
157
1083
3410
2652
2574
3879
1978
3052
3372
2537
4408
221
4385
903
4432
1135
408
3023
2612
1497
1549
4633
1473
3078
2855
51
3651
3098
4030
123
2335
2361
2966
4360
2791
3273
2267
1961
1409
3032
2978
904
1512
3637
3354
3999
1770
2796
1929
358
2931
566
4197
1627
168
4400
2034
1428
4639
1572
4801
2022
666
219
2992
2224
3227
4730
4255
3524
1441
1459
3711
1257
3794
3025
92
2981
4603
3083
4495
2063
3973
2271
3243
400
481
1084
735
3302
3939
4230
3046
4781
3642
1149
713
4579
808
3342
973
2781
232
1138
4127
1397
644
1737
3475
2598
1070
415
361
1766
1489
1613
1192
2969
4285
1700
753
3138
607
2672
3535
1067
442
257
1173
812
598
1050
1127
3446
2170
2598
1638
722
1782
3590
4770
1373
3949
2541
1324
2583
1256
1362
137
3547
2589
982
4315
1262
2600
429
4466
149
2729
799
3644
1454
3765
840
4849
3911
2584
2941
2789
2431
1985
4567
898
968
2950
1490
4080
4157
127
4877
3160
836
4383
303
3056
4198
3832
1967
4377
534
2656
632
3512
1864
1156
1938
3157
515
2161
2770
1675
1788
203
1338
2470
2960
1323
836
755
2639
3877
3954
644
2138
2389
4078
980
3763
3410
4695
2252
4329
3214
4316
3434
4431
150
514
681
390
1393
2465
2983
2698
2556
1255
471
3974
569
3872
3958
1179
4570
3968
2005
2569
243
3431
3137
1752
2544
3708
3333
4985
2325
3131
377
4472
3333
4333
4817
1765
2520
2024
175
496
2890
223
2776
4693
3140
2399
937
1193
1596
2991
1321
425
2039
4128
2652
4374
2333
4527
2132
3654
591
3230
1107
288
612
3747
4404
3864
295
1762
1609
1000
4727
4662
3421
2515
2299
1202
2074
574
2185
2140
156
217
1342
4781
4434
1615
2377
2051
3991
3262
357
1416
1572
2032
668
1192
3472
1103
2251
754
746
57
1750
3234
2378
2396
3399
2537
2532
1036
3455
963
1495
2178
581
624
3768
3174
1832
3461
1812
1476
2678
3464
1894
2867
3562
2518
2735
2955
3438
2675
939
3699
319
1828
1147
1095
1548
1808
4173
912
162
2510
3091
268
3302
793
2503
2342
3186
1985
4103
2484
2074
2946
410
582
3488
4097
2064
1186
199
4441
283
1355
4498
4545
2491
4726
4818
1511
2416
3602
798
4125
2572
952
3289
890
2293
4095
3829
199
3475
437
1013
646
2429
1296
1761
4463
3164
342
2668
4733
4460
1901
2910
3198
1977
111
1496
341
2815
3782
167
4171
3507
2361
2364
91
1765
276
304
1245
2045
4318
3697
734
4064
1669
1982
3981
2932
3904
32
2806
4850
1450
3723
109
2952
588
1830
1768
622
4040
2660
2699
1876
396
2143
2611
1077
3180
508
3403
765
4425
4141
2904
2487
902
4526
2121
2973
422
1369
783
2604
5046
3068
4086
1412
2091
3522
941
3693
153
498
294
4836
4798
2978
1737
4387
1871
4345
3142
1301
2312
2371
4315
4093
1338
1039
2541
4503
4014
392
232
3148
2746
4150
1818
571
3069
2252
4785
2736
3483
2624
2266
2088
3232
1412
1086
2201
4291
3015
4061
675
3755
706
3446
1411
3293
2106
318
3735
2177
1109
1246
721
3571
3793
1679
2154
3726
2263
1886
3170
112
2015
4448
2569
3734
3704
400
2151
4065
3416
1249
875
2238
814
1592
4484
698
3658
4307
1695
1174
5014
4291
208
417
95
385
379
17
3949
286
2420
1262
2069
441
56
4030
2890
2168
3041
439
1133
3314
2337
3720
2012
4002
4037
3696
4
649
5029
2715
3478
3305
4811
2983
3632
3444
2303
1440
3781
213
250
4189
2442
3507
1461
3576
3178
2615
3849
1211
1018
3626
2337
1122
1739
3724
275
4465
3878
4466
1601
3813
1477
2852
576
1947
1318
3507
2646
1729
3234
3081
4601
3067
3314
424
4864
2127
2981
1287
2408
2389
4822
3379
1370
1093
2378
2539
2955
1238
124
2405
3840
4711
2946
4206
3484
4370
2442
4051
441
790
815
2532
737
3982
1405
4085
2529
3260
616
2412
2946
2526
284
3891
2103
2271
1465
947
464
3921
3607
2347
743
2788
2724
65
4721
4164
566
3233
1439
4956
1026
1861
5002
2369
1873
1972
2556
2789
1141
3643
1366
632
319
3137
1920
1616
619
596
3728
736
2080
3279
1550
2077
4024
48
2680
1566
2429
1782
4365
2196
927
3755
3460
3218
354
1429
669
3900
3697
2867
502
2781
3513
307
3933
3800
1861
4733
968
1688
4168
2608
981
3501
811
4182
522
2969
2266
2594
117
2164
2757
2656
3868
2595
2600
4561
2186
1867
1079
1427
1578
2649
3793
3063
1393
2736
3498
1066
4007
1173
458
225
3428
2286
3329
2737
1719
2609
4016
4392
999
381
1894
953
1584
2033
3236
3207
1729
2755
2885
604
2984
4129
192
1755
2273
327
1073
3873
4162
4879
3869
1879
2002
3739
561
4423
2449
573
2200
1193
2956
2159
628
3844
370
3294
2055
4448
2010
276
1372
1082
1279
3392
1078
803
2311
3161
536
900
4704
2112
3259
1002
3455
2038
93
2721
3870
691
2605
4257
2480
1605
796
1628
5029
4554
3082
2629
212
3817
2648
1555
806
1909
1134
3577
803
1483
4257
134
905
4049
3064
2378
3747
129
562
4282
1514
550
3547
81
3225
339
860
4599
1990
4860
3420
2718
4564
981
559
3536
2856
558
3686
1286
1183
3472
4148
1457
1474
2979
1946
1309
371
4300
3678
4191
2152
1226
3478
2747
2017
1914
1998
4314
3598
3760
1770
2057
578
4622
2996
3706
4366
1605
3252
1116
2413
3541
920
1406
4459
4086
3012
4087
3231
3447
3408
4625
3500
863
4639
3126
1176
1332
690
1895
287
1336
2953
3120
3457
5035
4532
1916
2815
1547
3555
56
1822
4614
1151
2917
95
4629
1895
2315
2865
459
525
3480
1276
3546
4351
1495
1455
941
4632
4007
2249
2741
605
4184
3073
1918
622
737
1238
3600
1684
3846
3690
3020
1417
2737
1014
1323
1029
1754
954
3587
2047
41
478
1926
662
3388
2556
530
822
3128
4837
2784
4594
2406
4350
2836
649
1682
1223
2876
2117
2910
3799
1989
2072
2972
408
3117
167
273
670
4704
1079
764
2879
3544
882
3328
423
1909
1074
4192
156
2415
3860
3667
13
2594
425
4127
2585
2356
244
1156
1059
2189
4396
1368
1336
4934
2438
696
3225
4159
4076
568
1954
488
825
460
4344
1570
3836
458
2960
4101
4681
1319
1873
2243
2439
3118
2978
2580
959
1568
2069
2983
547
3987
1855
4675
2328
2562
687
664
38
4562
4094
2083
2740
3453
4846
3435
3720
2450
2913
2352
4330
4119
3278
3137
3687
1809
562
4324
2751
1930
4629
442
2086
3026
2317
2118
891
1409
2646
2867
1799
1738
1216
468
670
4524
4313
1728
1636
2855
2218
4813
4306
725
4686
4857
3206
4070
3791
3894
1826
878
4890
2132
1388
3407
2896
4672
2373
4672
1401
4417
1383
2352
4196
1952
3109
2354
160
2525
1791
3620
1992
1974
1316
1929
2340
2992
3365
1566
3176
4529
2782
4650
1716
135
2051
2824
428
1945
2602
3266
3617
3631
4876
2594
4924
458
2457
1528
4494
631
3133
4131
229
3647
3539
3816
399
3992
404
492
3564
3456
2573
4256
823
3660
2245
2887
1500
988
1854
609
4133
1174
1239
4488
1217
1901
4167
4331
1772
4485
1165
3868
2005
2741
3236
1832
3116
2976
2912
2853
998
3645
251
3991
162
1942
1754
2251
2350
755
2441
2365
256
346
1659
3687
1064
2920
766
327
2248
2582
2993
378
3841
2139
646
1146
20
3398
1915
4502
3425
819
2624
4191
909
2307
3274
2113
2220
4737
3582
3234
3094
685
4235
3017
1108
4997
3062
1819
2359
4709
3416
4457
3896
4196
2549
1113
2329
495
1547
2954
2318
3153
4664
3366
2885
798
785
2465
1742
1785
627
790
3853
42
79
2586
174
3855
674
4219
2297
4224
2205
1811
4129
3995
1184
2000
3405
3145
550
1795
3100
3119
2303
321
336
2638
3109
2536
2982
3573
4679
860
3848
1583
4242
3657
5019
600
2915
489
2429
4254
4120
1166
3034
1994
1176
2952
612
383
4640
1606
428
693
4818
1161
4414
3165
3064
841
2119
2500
4367
2869
1573
370
3011
1784
1791
4312
4657
1865
261
1286
122
768
1805
955
1267
1317
4885
1095
624
27
2129
788
3842
3497
4300
3040
3860
1973
3028
2985
1730
3448
3319
4461
4117
980
1660
3091
2717
2367
2565
2885
4283
1667
3326
4217
1653
1908
4143
4849
166
2213
4254
4071
359
1868
3465
4148
2582
1371
1101
3793
98
355
3643
2445
4247
2669
1423
1074
68
1930
2808
1972
4877
1592
1801
2273
4190
2963
1412
1243
715
4019
1061
2070
673
4063
2970
2822
2386
1533
4816
2053
1351
3705
2691
1970
3549
3371
1064
207
580
1045
4672
3293
2907
4583
831
3595
1416
1169
3476
2246
1335
2880
12
1587
1564
3217
1241
3826
1283
3040
1506
953
2050
1114
944
560
4861
2946
2106
156
2038
54
236
3161
4131
1260
3807
1864
3983
1609
3915
3858
4185
1787
2414
3159
3253
3730
1131
1778
2308
1671
8
1470
1884
1818
1876
4260
632
195
4998
396
4688
1354
2320
2118
4737
2492
3933
401
1875
3749
2600
2068
3782
3267
1339
2640
2777
4769
1628
14
3002
3208
655
3750
4380
686
2742
3578
2564
3683
3200
4518
2575
3185
3191
1219
2195
142
2508
2837
1207
1097
2728
3661
3201
1728
248
1297
3496
1649
491
3104
2930
3717
1702
2711
4534
3690
3616
2800
2614
1726
896
2658
4710
4447
3797
999
4933
3271
1025
1140
2979
395
4341
2303
353
4484
1173
3403
1505
1223
819
1968
3684
204
1878
4802
1546
474
1117
2405
1697
133
1873
1970
2309
3130
1431
4635
3107
4466
260
3854
2167
1550
4567
2197
2441
3487
3244
3294
1258
4212
3246
1815
61
1064
1635
2419
3776
2029
1095
929
615
3192
177
1276
1235
4972
5000
1591
3831
4548
1647
2549
3591
4372
1185
1455
2996
2475
2292
4923
1361
1803
3169
3343
995
2660
3101
2456
1517
738
3816
3049
2271
2457
2156
384
2566
2309
4989
4934
2115
2541
4537
1788
1680
2039
4404
1242
4145
2892
2419
2194
553
3867
1552
3943
3144
3994
3102
577
1679
2550
4020
2881
1430
2039
2422
3124
1435
1500
4689
3875
2286
4008
4588
2464
535
4209
4700
1206
2875
4766
1862
522
1477
2861
3679
225
1012
2382
100
2391
3330
253
2067
1401
1
2343
3566
3908
3762
509
1813
3419
4473
2984
2626
3852
1490
4050
553
1276
4434
1177
2044
3577
29
1414
1226
4343
2398
1391
547
3337
3675
4301
1397
1503
3800
320
564
3936
2896
835
1662
1030
4340
3867
1250
2045
4813
3567
1877
2907
1986
814
4266
4052
2665
4969
1303
2956
1848
1153
4295
1963
2999
2412
1364
1192
1089
3365
2274
16
4110
2509
1701
3506
3708
3015
3346
2014
4067
3579
3533
2498
1992
3467
1910
1449
1528
2515
657
4928
3887
2805
549
1833
4395
4087
4161
614
2490
543
5038
3570
626
1536
856
1952
2226
3538
4675
3156
4000
4169
377
1797
3093
3826
1868
1329
79
3520
1190
713
146
2674
902
3299
1172
532
218
3554
489
3060
3170
3518
944
85
833
3965
1326
4477
3384
2566
2924
4849
3055
4928
2454
1601
4041
3595
1115
3976
2585
2704
1544
833
2999
4108
4503
966
3111
1561
4028
2271
2437
1115
4750
1103
3249
2599
2122
674
78
4623
293
4380
2773
3102
153
2095
4081
3186
3774
1261
4084
4408
3287
4995
3157
2174
3176
2592
3572
4760
1567
49
393
1535
3313
1929
3895
2666
4058
4212
2832
477
2921
3731
4619
2271
1204
4104
1143
591
2223
2836
202
1925
347
3672
3315
1855
2689
2663
2649
4153
4791
1567
4078
4904
4902
3395
4278
3233
1570
3978
4271
2020
3958
1519
99
976
891
358
4427
3554
2237
1818
254
3827
576
1489
3960
3351
3016
2263
4311
1108
2874
1615
395
1731
477
4150
4822
1236
2112
2020
611
665
1816
1671
712
3961
1566
2289
1067
699
345
4434
434
2094
837
4187
418
576
1656
1702
2182
3885
1844
2268
4514
2620
490
1214
4171
2554
1924
3624
2572
1260
2099
3341
1394
3695
2124
4268
2424
3475
1445
1507
144
1700
3563
3918
4039
1096
4696
496
2612
5004
5053
3195
2773
4549
60
3022
1099
4253
4962
684
4956
1681
1943
3185
1236
3981
3785
4019
698
605
3958
198
70
1155
2313
4795
454
3496
1712
3138
3384
3479
2762
2124
4037
2619
1187
2981
3204
1978
2294
802
1248
1716
2903
1950
173
3573
2765
3181
2179
3004
3269
1855
2047
4691
2493
1725
4170
4791
3419
3360
784
3984
2273
4527
4092
221
852
3781
3021
1877
2281
3106
4579
2222
2483
3842
1671
4157
3920
902
4552
2145
1150
3328
3396
3363
2858
2862
886
4005
3057
2817
4599
38
2244
825
1852
3394
1965
1307
3646
3682
1140
1388
1163
3369
1114
1516
4988
1847
3193
1614
4385
402
3957
724
126
3614
469
1269
1210
4249
243
3927
2885
2322
2165
3023
2428
2182
2548
3846
3300
1507
1825
1229
4637
981
2395
960
167
3316
485
2006
549
2532
2250
1496
2360
3937
1979
74
2066
4885
2933
3225
3466
3840
3217
3386
1012
4069
3434
4493
767
1139
1125
4843
75
3817
2514
4906
3638
4655
3654
2973
1605
4005
3078
658
2436
1073
1527
2296
1160
4410
1307
334
2432
708
267
4620
1739
1760
1054
3742
965
2737
592
4628
623
1577
1014
3285
3604
1018
2266
4
2087
2783
2494
2627
1667
4081
1802
364
2018
2953
2432
1872
2017
3739
2728
1203
1962
265
477
4169
541
2097
1629
4577
2313
4631
4777
2707
4713
4067
3516
1198
744
2633
1423
4472
2121
253
463
339
1768
4221
726
3006
1931
706
1088
1727
3994
1262
585
4464
2898
2055
3553
4432
4438
486
4362
851
2107
2159
1962
3515
503
4757
4818
4733
2385
2658
2938
2400
2797
4371
4612
3692
2299
4147
4036
4542
379
2625
1984
4222
3851
4815
1920
2830
3882
732
3485
3922
2315
361
2057
2140
1979
3222
353
4468
2852
4483
3696
152
663
124
1151
4543
4886
267
4182
840
2872
1905
2676
3727
1811
687
1177
511
1930
3255
1554
432
1616
4643
4342
731
102
3390
2485
3011
3961
4639
1737
174
3831
1967
2482
2243
975
557
780
4900
4091
4642
1114
58
165
2474
1223
3999
913
3838
1179
2960
455
3616
4126
3617
2504
1327
2167
419
302
3634
3093
2831
4768
1630
3908
3673
145
1030
557
1947
1040
254
3072
4299
2350
3844
618
1258
4885
1579
2739
2331
4935
1916
2765
1437
1608
3816
3637
2659
1620
3604
4120
2649
4483
2043
4487
739
2440
4568
4770
2626
230
282
2425
1500
2401
1105
4918
1893
4056
91
485
1257
3488
3490
3180
4755
1958
1744
360
4301
296
2579
227
220
3134
3200
2934
3563
1880
2078
3314
193
4897
2383
4132
934
2757
992
4643
4848
2026
3938
1271
1753
888
3841
558
2749
3878
3201
773
804
425
1837
2712
4063
320
37
674
921
2961
799
4849
2588
347
3164
2860
3194
4150
4107
4305
142
1588
566
3466
2083
746
1448
4351
58
3416
2954
2750
1005
1330
494
2156
4061
3117
468
2757
3693
3499
1838
2169
4821
474
3590
1488
4946
4151
1000
2008
1706
4324
1258
3943
3273
2046
2039
4327
4810
2076
967
3740
3322
1090
3784
1637
1699
2140
261
324
4163
3684
4139
2946
4164
4571
4367
2939
1958
837
1455
4846
2828
2700
3585
3974
778
4746
2263
705
4886
3734
1157
1323
2175
4016
1361
166
1907
4605
2188
4217
3690
1224
2317
3018
3134
101
1645
4845
1852
785
4423
1348
2027
2341
3944
2837
3419
306
4421
3392
736
1708
3411
3203
3173
529
2867
4895
3941
2911
3889
2598
2980
3510
1578
4947
4737
366
3692
2260
181
954
2697
4386
1317
3283
505
4427
2094
1150
4029
1317
3476
106
1121
4423
772
2619
2506
2486
1576
4725
4175
952
4008
2955
1739
1342
231
4588
3330
2637
2782
4622
2771
2480
2095
1399
1696
2610
2024
186
3297
4432
672
2759
465
4694
141
808
917
1603
20
772
3033
4431
1115
3168
4735
4677
956
2893
2665
3076
2046
4222
1747
2219
4690
777
4230
643
691
2702
3999
2883
101
114
2765
881
2068
2519
2629
360
2236
980
4201
2265
3237
3356
1756
1449
2824
3407
1757
2640
2369
3649
2415
194
342
2492
3486
4756
1755
3226
4958
1746
4046
1333
2379
1503
4908
1441
411
1744
3082
1749
4396
485
1049
4021
403
3794
4168
1500
4808
4539
2802
1163
2056
1941
1002
1249
1338
2137
2520
3518
3117
494
2211
3613
1752
3269
2539
4359
948
1786
3648
1847
4669
4181
3938
1690
4440
1475
71
4405
2230
2076
4568
3353
1380
2737
1086
3269
4756
2188
2479
2079
1153
3509
4157
2517
3035
1657
229
2968
4023
1588
3240
2407
892
219
1570
286
1032
4814
405
2490
3224
2798
4355
3509
3654
1279
4434
1182
4785
47
4956
2231
1023
1341
3097
4075
2438
841
3288
3790
2711
3157
1837
1517
2813
3499
3004
2897
4309
544
3854
2027
611
52
2764
4960
1869
1419
1154
1786
601
1408
1189
3179
1916
2159
684
680
1211
2306
2247
527
1868
26
2361
197
3086
2055
2699
4586
4728
3422
1011
4297
3579
3100
2323
1066
573
2652
1636
1557
3097
5034
309
950
4132
972
434
2705
1332
3348
544
1568
5029
183
3893
2933
4888
4504
42
462
3163
1264
3175
1968
2070
3097
4057
1617
1054
2744
2251
3806
867
2838
3245
459
4061
4190
23
2134
1422
2189
3085
3773
3069
3331
209
2460
1962
1968
1818
2870
3658
425
703
3098
2378
1933
424
2344
4153
42
1036
3198
2836
2678
4053
1438
360
1456
2146
2970
507
72
3531
4240
1750
1703
2242
4067
3877
4197
4777
2146
263
1471
2692
3417
2096
266
418
1902
1571
4495
3750
945
925
1617
4836
653
2058
3807
2968
3650
477
3556
4307
2405
3101
42
1881
3228
4299
2625
3759
2384
1552
3411
1669
3412
674
1105
1936
1019
4471
66
4072
1932
2875
690
185
3010
2249
3361
334
72
4190
1877
3990
3248
2834
2525
4924
1572
458
2265
2188
2099
4185
1970
1835
3895
4872
1410
476
1482
3712
1951
3813
477
838
1616
1626
1261
3114
4141
1583
1402
929
4368
55
328
1724
4505
1472
355
190
3672
3404
2802
3285
48
1606
2092
3927
1251
861
742
1114
602
171
196
1022
3755
3987
3151
4615
886
178
2371
2507
4043
2147
3451
1428
383
3516
4137
3662
2139
1645
505
4146
1492
4877
180
1383
1944
2216
1667
4464
487
4750
60
822
4464
3708
3922
3407
1631
3378
546
3411
1978
3307
3533
817
1056
4038
1833
3097
2078
3263
3174
3593
1033
1090
4771
2978
3308
1077
4841
53
3019
735
3482
2972
1103
4264
2082
4690
1417
1935
4331
1585
1015
1226
1833
82
4314
914
1227
3180
689
4402
4624
82
3039
3677
701
4341
2246
4073
4163
4456
688
4204
1064
3240
3041
4527
250
949
4191
1719
3312
2411
3100
2379
215
254
2143
3873
1215
1295
3431
1790
3817
738
4710
1268
1205
612
1109
627
3288
3658
3834
1183
3047
2975
155
4422
2697
3319
107
3175
4634
1033
346
1100
245
1970
1772
2551
321
3249
2498
1828
2137
1859
1053
4586
819
4511
29
842
3621
293
4172
695
1262
3286
1621
757
2727
4233
4791
3553
452
1690
4775
1660
1479
2993
4665
1761
4377
170
4499
3372
3496
2930
1730
4428
2331
2377
4063
2612
4729
2977
1842
201
362
3057
4275
776
2360
1021
820
2212
3195
575
3114
2380
3726
4607
2120
1262
2776
3642
3023
3628
2710
3528
3255
2263
4498
4164
2010
5019
1864
2732
2551
4951
1039
3162
790
3032
4046
3197
2481
4536
4046
4833
659
1369
4106
2093
2871
2341
2461
2018
3528
3041
4718
4447
598
1292
1204
2207
4227
1513
4219
1844
4922
4132
1517
1797
2758
2111
3372
1001
2965
1718
2211
1849
2683
859
745
1338
2041
1624
4542
103
1819
186
120
157
2437
2650
2348
4381
69
2289
3268
2469
3902
1259
2961
441
4063
604
2444
1381
3004
715
3217
3935
4561
4725
4432
3558
3480
3614
268
1179
346
3795
2081
823
533
1890
388
2605
3772
967
2241
79
3796
2982
2838
2067
543
1964
1313
470
863
536
674
2362
1401
205
2169
3067
2302
3580
724
1765
2613
3886
2045
1494
2415
1706
684
2243
3218
1924
1498
3180
2898
3877
3615
4811
3597
2007
3442
1518
2612
3991
4811
2191
1773
800
2824
3349
1639
1565
217
96
2468
146
2281
2059
765
4393
3766
4173
2009
1283
2815
4424
3444
1755
2603
3999
242
1234
2160
4526
1671
526
4071
