-200000 -20000 -2000 -200 -20 -2 1 1 10 10 100 100 1000 1000 10000 10000 100000 100000
-200000 -20000 -2000 -200 -20 -1 -1 2 10 10 100 100 1000 1000 10000 10000 100000 100000
-200000 -20000 -2000 -200 -10 -10 -2 1 1 20 100 100 1000 1000 10000 10000 100000 100000
-200000 -20000 -2000 -200 -10 -10 -1 -1 2 20 100 100 1000 1000 10000 10000 100000 100000
-200000 -20000 -2000 -100 -100 -20 -2 1 1 10 10 200 1000 1000 10000 10000 100000 100000
-200000 -20000 -2000 -100 -100 -20 -1 -1 2 10 10 200 1000 1000 10000 10000 100000 100000
-200000 -20000 -2000 -100 -100 -10 -10 -2 1 1 20 200 1000 1000 10000 10000 100000 100000
-200000 -20000 -2000 -100 -100 -10 -10 -1 -1 2 20 200 1000 1000 10000 10000 100000 100000
-200000 -20000 -1000 -1000 -200 -20 -2 1 1 10 10 100 100 2000 10000 10000 100000 100000
-200000 -20000 -1000 -1000 -200 -20 -1 -1 2 10 10 100 100 2000 10000 10000 100000 100000
-200000 -20000 -1000 -1000 -200 -10 -10 -2 1 1 20 100 100 2000 10000 10000 100000 100000
-200000 -20000 -1000 -1000 -200 -10 -10 -1 -1 2 20 100 100 2000 10000 10000 100000 100000
-200000 -20000 -1000 -1000 -100 -100 -20 -2 1 1 10 10 200 2000 10000 10000 100000 100000
-200000 -20000 -1000 -1000 -100 -100 -20 -1 -1 2 10 10 200 2000 10000 10000 100000 100000
-200000 -20000 -1000 -1000 -100 -100 -10 -10 -2 1 1 20 200 2000 10000 10000 100000 100000
-200000 -20000 -1000 -1000 -100 -100 -10 -10 -1 -1 2 20 200 2000 10000 10000 100000 100000
-200000 -10000 -10000 -2000 -200 -20 -2 1 1 10 10 100 100 1000 1000 20000 100000 100000
-200000 -10000 -10000 -2000 -200 -20 -1 -1 2 10 10 100 100 1000 1000 20000 100000 100000
-200000 -10000 -10000 -2000 -200 -10 -10 -2 1 1 20 100 100 1000 1000 20000 100000 100000
-200000 -10000 -10000 -2000 -200 -10 -10 -1 -1 2 20 100 100 1000 1000 20000 100000 100000
-200000 -10000 -10000 -2000 -100 -100 -20 -2 1 1 10 10 200 1000 1000 20000 100000 100000
-200000 -10000 -10000 -2000 -100 -100 -20 -1 -1 2 10 10 200 1000 1000 20000 100000 100000
-200000 -10000 -10000 -2000 -100 -100 -10 -10 -2 1 1 20 200 1000 1000 20000 100000 100000
-200000 -10000 -10000 -2000 -100 -100 -10 -10 -1 -1 2 20 200 1000 1000 20000 100000 100000
-200000 -10000 -10000 -1000 -1000 -200 -20 -2 1 1 10 10 100 100 2000 20000 100000 100000
-200000 -10000 -10000 -1000 -1000 -200 -20 -1 -1 2 10 10 100 100 2000 20000 100000 100000
-200000 -10000 -10000 -1000 -1000 -200 -10 -10 -2 1 1 20 100 100 2000 20000 100000 100000
-200000 -10000 -10000 -1000 -1000 -200 -10 -10 -1 -1 2 20 100 100 2000 20000 100000 100000
-200000 -10000 -10000 -1000 -1000 -100 -100 -20 -2 1 1 10 10 200 2000 20000 100000 100000
-200000 -10000 -10000 -1000 -1000 -100 -100 -20 -1 -1 2 10 10 200 2000 20000 100000 100000
-200000 -10000 -10000 -1000 -1000 -100 -100 -10 -10 -2 1 1 20 200 2000 20000 100000 100000
-200000 -10000 -10000 -1000 -1000 -100 -100 -10 -10 -1 -1 2 20 200 2000 20000 100000 100000
-100000 -100000 -20000 -2000 -200 -20 -2 1 1 10 10 100 100 1000 1000 10000 10000 200000
-100000 -100000 -20000 -2000 -200 -20 -1 -1 2 10 10 100 100 1000 1000 10000 10000 200000
-100000 -100000 -20000 -2000 -200 -10 -10 -2 1 1 20 100 100 1000 1000 10000 10000 200000
-100000 -100000 -20000 -2000 -200 -10 -10 -1 -1 2 20 100 100 1000 1000 10000 10000 200000
-100000 -100000 -20000 -2000 -100 -100 -20 -2 1 1 10 10 200 1000 1000 10000 10000 200000
-100000 -100000 -20000 -2000 -100 -100 -20 -1 -1 2 10 10 200 1000 1000 10000 10000 200000
-100000 -100000 -20000 -2000 -100 -100 -10 -10 -2 1 1 20 200 1000 1000 10000 10000 200000
-100000 -100000 -20000 -2000 -100 -100 -10 -10 -1 -1 2 20 200 1000 1000 10000 10000 200000
-100000 -100000 -20000 -1000 -1000 -200 -20 -2 1 1 10 10 100 100 2000 10000 10000 200000
-100000 -100000 -20000 -1000 -1000 -200 -20 -1 -1 2 10 10 100 100 2000 10000 10000 200000
-100000 -100000 -20000 -1000 -1000 -200 -10 -10 -2 1 1 20 100 100 2000 10000 10000 200000
-100000 -100000 -20000 -1000 -1000 -200 -10 -10 -1 -1 2 20 100 100 2000 10000 10000 200000
-100000 -100000 -20000 -1000 -1000 -100 -100 -20 -2 1 1 10 10 200 2000 10000 10000 200000
-100000 -100000 -20000 -1000 -1000 -100 -100 -20 -1 -1 2 10 10 200 2000 10000 10000 200000
-100000 -100000 -20000 -1000 -1000 -100 -100 -10 -10 -2 1 1 20 200 2000 10000 10000 200000
-100000 -100000 -20000 -1000 -1000 -100 -100 -10 -10 -1 -1 2 20 200 2000 10000 10000 200000
-100000 -100000 -10000 -10000 -2000 -200 -20 -2 1 1 10 10 100 100 1000 1000 20000 200000
-100000 -100000 -10000 -10000 -2000 -200 -20 -1 -1 2 10 10 100 100 1000 1000 20000 200000
-100000 -100000 -10000 -10000 -2000 -200 -10 -10 -2 1 1 20 100 100 1000 1000 20000 200000
-100000 -100000 -10000 -10000 -2000 -200 -10 -10 -1 -1 2 20 100 100 1000 1000 20000 200000
-100000 -100000 -10000 -10000 -2000 -100 -100 -20 -2 1 1 10 10 200 1000 1000 20000 200000
-100000 -100000 -10000 -10000 -2000 -100 -100 -20 -1 -1 2 10 10 200 1000 1000 20000 200000
-100000 -100000 -10000 -10000 -2000 -100 -100 -10 -10 -2 1 1 20 200 1000 1000 20000 200000
-100000 -100000 -10000 -10000 -2000 -100 -100 -10 -10 -1 -1 2 20 200 1000 1000 20000 200000
-100000 -100000 -10000 -10000 -1000 -1000 -200 -20 -2 1 1 10 10 100 100 2000 20000 200000
-100000 -100000 -10000 -10000 -1000 -1000 -200 -20 -1 -1 2 10 10 100 100 2000 20000 200000
-100000 -100000 -10000 -10000 -1000 -1000 -200 -10 -10 -2 1 1 20 100 100 2000 20000 200000
-100000 -100000 -10000 -10000 -1000 -1000 -200 -10 -10 -1 -1 2 20 100 100 2000 20000 200000
-100000 -100000 -10000 -10000 -1000 -1000 -100 -100 -20 -2 1 1 10 10 200 2000 20000 200000
-100000 -100000 -10000 -10000 -1000 -1000 -100 -100 -20 -1 -1 2 10 10 200 2000 20000 200000
-100000 -100000 -10000 -10000 -1000 -1000 -100 -100 -10 -10 -2 1 1 20 200 2000 20000 200000
-100000 -100000 -10000 -10000 -1000 -1000 -100 -100 -10 -10 -1 -1 2 20 200 2000 20000 200000
