-933 -612 -432 -192 -7 15 20 143 157 195 272 394 399 411 767 830 911
-933 -612 -432 -157 -20 -15 -7 143 192 195 272 394 399 411 767 830 911
-933 -612 -394 -195 -20 -15 -7 143 157 192 272 399 411 432 767 830 911
-933 -612 -272 -195 -157 -7 15 20 143 192 394 399 411 432 767 830 911
-933 -399 -394 -272 -143 -20 -15 7 157 192 195 411 432 612 767 830 911
-933 -399 -272 -195 -192 -143 -20 -15 -7 157 394 411 432 612 767 830 911
-911 -830 -272 -143 -20 7 15 157 192 195 394 399 411 432 612 767 933
-911 -432 -411 -272 -143 -7 15 20 157 192 195 394 399 612 767 830 933
-911 -432 -411 -195 -192 -20 -15 7 143 157 272 394 399 612 767 830 933
-830 -767 -394 -143 -20 -15 -7 157 192 195 272 399 411 432 612 911 933
-830 -767 -272 -157 -143 -7 15 20 192 195 394 399 411 432 612 911 933
-830 -767 -195 -192 -157 -20 -15 7 143 272 394 399 411 432 612 911 933
-830 -612 -399 -192 -143 7 15 20 157 195 272 394 411 432 767 911 933
-830 -612 -399 -157 -143 -20 -15 7 192 195 272 394 411 432 767 911 933
-830 -432 -399 -195 -157 -143 -20 7 15 192 272 394 411 612 767 911 933
-767 -612 -432 -195 -143 -20 -7 15 157 192 272 394 399 411 830 911 933
-767 -432 -411 -394 -157 -15 7 20 143 192 195 272 399 612 830 911 933
-767 -432 -411 -195 -192 -157 -15 -7 20 143 272 394 399 612 830 911 933
-767 -432 -399 -394 -157 -20 -7 15 143 192 195 272 411 612 830 911 933
-767 -411 -399 -272 -157 -143 -20 -7 15 192 195 394 432 612 830 911 933
-612 -432 -411 -399 -157 -143 -15 -7 20 192 195 272 394 767 830 911 933
-612 -432 -411 -394 -157 -143 -20 -7 15 192 195 272 399 767 830 911 933
-612 -411 -399 -394 -195 -143 -15 -7 20 157 192 272 432 767 830 911 933
-612 -399 -394 -272 -192 -157 -143 -7 15 20 195 411 432 767 830 911 933
