-19 -17 -15 -14 -11 1 3 3 3 5 5 6 6 7 8 9 10 10
-19 -17 -15 -14 -10 -1 3 3 3 5 5 6 6 7 8 9 10 11
-19 -17 -15 -14 -8 -3 1 3 3 5 5 6 6 7 9 10 10 11
-19 -17 -15 -14 -7 -3 -1 3 3 5 5 6 6 8 9 10 10 11
-19 -17 -15 -14 -6 -5 1 3 3 3 5 6 7 8 9 10 10 11
-19 -17 -15 -14 -5 -5 -1 3 3 3 6 6 7 8 9 10 10 11
-19 -17 -15 -14 -5 -3 -3 1 3 5 6 6 7 8 9 10 10 11
-19 -17 -15 -11 -10 -3 -1 3 3 5 5 6 6 7 8 9 10 14
-19 -17 -15 -11 -9 -5 1 3 3 3 5 6 6 7 8 10 10 14
-19 -17 -15 -11 -8 -6 1 3 3 3 5 5 6 7 9 10 10 14
-19 -17 -15 -11 -8 -5 -1 3 3 3 5 6 6 7 9 10 10 14
-19 -17 -15 -11 -8 -3 -3 1 3 5 5 6 6 7 9 10 10 14
-19 -17 -15 -11 -7 -6 -1 3 3 3 5 5 6 8 9 10 10 14
-19 -17 -15 -11 -7 -3 -3 -1 3 5 5 6 6 8 9 10 10 14
-19 -17 -15 -11 -6 -5 -3 1 3 3 5 6 7 8 9 10 10 14
-19 -17 -15 -11 -5 -5 -3 -1 3 3 6 6 7 8 9 10 10 14
-19 -17 -15 -11 -5 -3 -3 -3 1 5 6 6 7 8 9 10 10 14
-19 -17 -15 -10 -10 -5 1 3 3 3 5 6 6 7 8 9 11 14
-19 -17 -15 -10 -9 -6 1 3 3 3 5 5 6 7 8 10 11 14
-19 -17 -15 -10 -9 -5 -1 3 3 3 5 6 6 7 8 10 11 14
-19 -17 -15 -10 -9 -3 -3 1 3 5 5 6 6 7 8 10 11 14
-19 -17 -15 -10 -8 -7 1 3 3 3 5 5 6 6 9 10 11 14
-19 -17 -15 -10 -8 -6 -1 3 3 3 5 5 6 7 9 10 11 14
-19 -17 -15 -10 -8 -3 -3 -1 3 5 5 6 6 7 9 10 11 14
-19 -17 -15 -10 -7 -5 -3 1 3 3 5 6 6 8 9 10 11 14
-19 -17 -15 -10 -6 -6 -3 1 3 3 5 5 7 8 9 10 11 14
-19 -17 -15 -10 -6 -5 -3 -1 3 3 5 6 7 8 9 10 11 14
-19 -17 -15 -10 -6 -3 -3 -3 1 5 5 6 7 8 9 10 11 14
-19 -17 -15 -10 -5 -3 -3 -3 -1 5 6 6 7 8 9 10 11 14
-19 -17 -15 -9 -8 -7 -1 3 3 3 5 5 6 6 10 10 11 14
-19 -17 -15 -9 -8 -5 -3 1 3 3 5 6 6 7 10 10 11 14
-19 -17 -15 -9 -7 -6 -3 1 3 3 5 5 6 8 10 10 11 14
-19 -17 -15 -9 -7 -5 -3 -1 3 3 5 6 6 8 10 10 11 14
-19 -17 -15 -9 -7 -3 -3 -3 1 5 5 6 6 8 10 10 11 14
-19 -17 -15 -9 -6 -6 -3 -1 3 3 5 5 7 8 10 10 11 14
-19 -17 -15 -9 -6 -5 -5 1 3 3 3 6 7 8 10 10 11 14
-19 -17 -15 -9 -6 -3 -3 -3 -1 5 5 6 7 8 10 10 11 14
-19 -17 -15 -9 -5 -5 -3 -3 1 3 6 6 7 8 10 10 11 14
-19 -17 -15 -8 -7 -6 -3 -1 3 3 5 5 6 9 10 10 11 14
-19 -17 -15 -8 -7 -5 -5 1 3 3 3 6 6 9 10 10 11 14
-19 -17 -15 -8 -7 -3 -3 -3 -1 5 5 6 6 9 10 10 11 14
-19 -17 -15 -8 -6 -6 -5 1 3 3 3 5 7 9 10 10 11 14
-19 -17 -15 -8 -6 -5 -5 -1 3 3 3 6 7 9 10 10 11 14
-19 -17 -15 -8 -6 -5 -3 -3 1 3 5 6 7 9 10 10 11 14
-19 -17 -15 -8 -5 -5 -3 -3 -1 3 6 6 7 9 10 10 11 14
-19 -17 -15 -7 -6 -6 -5 -1 3 3 3 5 8 9 10 10 11 14
-19 -17 -15 -7 -6 -6 -3 -3 1 3 5 5 8 9 10 10 11 14
-19 -17 -15 -7 -6 -5 -3 -3 -1 3 5 6 8 9 10 10 11 14
-19 -17 -15 -6 -6 -5 -5 -3 1 3 3 7 8 9 10 10 11 14
-19 -17 -15 -6 -5 -5 -3 -3 -3 1 6 7 8 9 10 10 11 14
-19 -17 -14 -11 -10 -5 1 3 3 3 5 6 6 7 8 9 10 15
-19 -17 -14 -11 -9 -6 1 3 3 3 5 5 6 7 8 10 10 15
-19 -17 -14 -11 -9 -5 -1 3 3 3 5 6 6 7 8 10 10 15
-19 -17 -14 -11 -9 -3 -3 1 3 5 5 6 6 7 8 10 10 15
-19 -17 -14 -11 -8 -7 1 3 3 3 5 5 6 6 9 10 10 15
-19 -17 -14 -11 -8 -6 -1 3 3 3 5 5 6 7 9 10 10 15
-19 -17 -14 -11 -8 -3 -3 -1 3 5 5 6 6 7 9 10 10 15
-19 -17 -14 -11 -7 -5 -3 1 3 3 5 6 6 8 9 10 10 15
-19 -17 -14 -11 -6 -6 -3 1 3 3 5 5 7 8 9 10 10 15
-19 -17 -14 -11 -6 -5 -3 -1 3 3 5 6 7 8 9 10 10 15
-19 -17 -14 -11 -6 -3 -3 -3 1 5 5 6 7 8 9 10 10 15
-19 -17 -14 -11 -5 -3 -3 -3 -1 5 6 6 7 8 9 10 10 15
-19 -17 -14 -10 -10 -6 1 3 3 3 5 5 6 7 8 9 11 15
-19 -17 -14 -10 -10 -5 -1 3 3 3 5 6 6 7 8 9 11 15
-19 -17 -14 -10 -10 -3 -3 1 3 5 5 6 6 7 8 9 11 15
-19 -17 -14 -10 -9 -7 1 3 3 3 5 5 6 6 8 10 11 15
-19 -17 -14 -10 -9 -6 -1 3 3 3 5 5 6 7 8 10 11 15
-19 -17 -14 -10 -9 -3 -3 -1 3 5 5 6 6 7 8 10 11 15
-19 -17 -14 -10 -8 -7 -1 3 3 3 5 5 6 6 9 10 11 15
-19 -17 -14 -10 -8 -5 -3 1 3 3 5 6 6 7 9 10 11 15
-19 -17 -14 -10 -7 -6 -3 1 3 3 5 5 6 8 9 10 11 15
-19 -17 -14 -10 -7 -5 -3 -1 3 3 5 6 6 8 9 10 11 15
-19 -17 -14 -10 -7 -3 -3 -3 1 5 5 6 6 8 9 10 11 15
-19 -17 -14 -10 -6 -6 -3 -1 3 3 5 5 7 8 9 10 11 15
-19 -17 -14 -10 -6 -5 -5 1 3 3 3 6 7 8 9 10 11 15
-19 -17 -14 -10 -6 -3 -3 -3 -1 5 5 6 7 8 9 10 11 15
-19 -17 -14 -10 -5 -5 -3 -3 1 3 6 6 7 8 9 10 11 15
-19 -17 -14 -9 -8 -6 -3 1 3 3 5 5 6 7 10 10 11 15
-19 -17 -14 -9 -8 -5 -3 -1 3 3 5 6 6 7 10 10 11 15
-19 -17 -14 -9 -8 -3 -3 -3 1 5 5 6 6 7 10 10 11 15
-19 -17 -14 -9 -7 -6 -3 -1 3 3 5 5 6 8 10 10 11 15
-19 -17 -14 -9 -7 -5 -5 1 3 3 3 6 6 8 10 10 11 15
-19 -17 -14 -9 -7 -3 -3 -3 -1 5 5 6 6 8 10 10 11 15
-19 -17 -14 -9 -6 -6 -5 1 3 3 3 5 7 8 10 10 11 15
-19 -17 -14 -9 -6 -5 -5 -1 3 3 3 6 7 8 10 10 11 15
-19 -17 -14 -9 -6 -5 -3 -3 1 3 5 6 7 8 10 10 11 15
-19 -17 -14 -9 -5 -5 -3 -3 -1 3 6 6 7 8 10 10 11 15
-19 -17 -14 -8 -7 -6 -5 1 3 3 3 5 6 9 10 10 11 15
-19 -17 -14 -8 -7 -5 -5 -1 3 3 3 6 6 9 10 10 11 15
-19 -17 -14 -8 -7 -5 -3 -3 1 3 5 6 6 9 10 10 11 15
-19 -17 -14 -8 -6 -6 -5 -1 3 3 3 5 7 9 10 10 11 15
-19 -17 -14 -8 -6 -6 -3 -3 1 3 5 5 7 9 10 10 11 15
-19 -17 -14 -8 -6 -5 -3 -3 -1 3 5 6 7 9 10 10 11 15
-19 -17 -14 -7 -6 -6 -3 -3 -1 3 5 5 8 9 10 10 11 15
-19 -17 -14 -7 -6 -5 -5 -3 1 3 3 6 8 9 10 10 11 15
-19 -17 -14 -7 -5 -5 -3 -3 -3 1 6 6 8 9 10 10 11 15
-19 -17 -14 -6 -6 -5 -5 -3 -1 3 3 7 8 9 10 10 11 15
-19 -17 -14 -6 -6 -5 -3 -3 -3 1 5 7 8 9 10 10 11 15
-19 -17 -14 -6 -5 -5 -3 -3 -3 -1 6 7 8 9 10 10 11 15
-19 -17 -11 -10 -10 -9 1 3 3 3 5 5 6 6 7 8 14 15
-19 -17 -11 -10 -10 -8 -1 3 3 3 5 5 6 6 7 9 14 15
-19 -17 -11 -10 -10 -6 -3 1 3 3 5 5 6 7 8 9 14 15
-19 -17 -11 -10 -10 -5 -3 -1 3 3 5 6 6 7 8 9 14 15
-19 -17 -11 -10 -10 -3 -3 -3 1 5 5 6 6 7 8 9 14 15
-19 -17 -11 -10 -9 -7 -3 1 3 3 5 5 6 6 8 10 14 15
-19 -17 -11 -10 -9 -6 -3 -1 3 3 5 5 6 7 8 10 14 15
-19 -17 -11 -10 -9 -5 -5 1 3 3 3 6 6 7 8 10 14 15
-19 -17 -11 -10 -9 -3 -3 -3 -1 5 5 6 6 7 8 10 14 15
-19 -17 -11 -10 -8 -7 -3 -1 3 3 5 5 6 6 9 10 14 15
-19 -17 -11 -10 -8 -6 -5 1 3 3 3 5 6 7 9 10 14 15
-19 -17 -11 -10 -8 -5 -5 -1 3 3 3 6 6 7 9 10 14 15
-19 -17 -11 -10 -8 -5 -3 -3 1 3 5 6 6 7 9 10 14 15
-19 -17 -11 -10 -7 -6 -6 1 3 3 3 5 5 8 9 10 14 15
-19 -17 -11 -10 -7 -6 -5 -1 3 3 3 5 6 8 9 10 14 15
-19 -17 -11 -10 -7 -6 -3 -3 1 3 5 5 6 8 9 10 14 15
-19 -17 -11 -10 -7 -5 -3 -3 -1 3 5 6 6 8 9 10 14 15
-19 -17 -11 -10 -6 -6 -3 -3 -1 3 5 5 7 8 9 10 14 15
-19 -17 -11 -10 -6 -5 -5 -3 1 3 3 6 7 8 9 10 14 15
-19 -17 -11 -10 -5 -5 -3 -3 -3 1 6 6 7 8 9 10 14 15
-19 -17 -11 -9 -8 -7 -5 1 3 3 3 5 6 6 10 10 14 15
-19 -17 -11 -9 -8 -6 -6 1 3 3 3 5 5 7 10 10 14 15
-19 -17 -11 -9 -8 -6 -5 -1 3 3 3 5 6 7 10 10 14 15
-19 -17 -11 -9 -8 -6 -3 -3 1 3 5 5 6 7 10 10 14 15
-19 -17 -11 -9 -8 -5 -3 -3 -1 3 5 6 6 7 10 10 14 15
-19 -17 -11 -9 -7 -6 -6 -1 3 3 3 5 5 8 10 10 14 15
-19 -17 -11 -9 -7 -6 -3 -3 -1 3 5 5 6 8 10 10 14 15
-19 -17 -11 -9 -7 -5 -5 -3 1 3 3 6 6 8 10 10 14 15
-19 -17 -11 -9 -6 -6 -5 -3 1 3 3 5 7 8 10 10 14 15
-19 -17 -11 -9 -6 -5 -5 -3 -1 3 3 6 7 8 10 10 14 15
-19 -17 -11 -9 -6 -5 -3 -3 -3 1 5 6 7 8 10 10 14 15
-19 -17 -11 -9 -5 -5 -3 -3 -3 -1 6 6 7 8 10 10 14 15
-19 -17 -11 -8 -7 -6 -5 -3 1 3 3 5 6 9 10 10 14 15
-19 -17 -11 -8 -7 -5 -5 -3 -1 3 3 6 6 9 10 10 14 15
-19 -17 -11 -8 -7 -5 -3 -3 -3 1 5 6 6 9 10 10 14 15
-19 -17 -11 -8 -6 -6 -5 -3 -1 3 3 5 7 9 10 10 14 15
-19 -17 -11 -8 -6 -6 -3 -3 -3 1 5 5 7 9 10 10 14 15
-19 -17 -11 -8 -6 -5 -3 -3 -3 -1 5 6 7 9 10 10 14 15
-19 -17 -11 -7 -6 -6 -5 -5 1 3 3 3 8 9 10 10 14 15
-19 -17 -11 -7 -6 -6 -3 -3 -3 -1 5 5 8 9 10 10 14 15
-19 -17 -11 -7 -6 -5 -5 -3 -3 1 3 6 8 9 10 10 14 15
-19 -17 -11 -6 -6 -5 -5 -3 -3 -1 3 7 8 9 10 10 14 15
-19 -17 -10 -10 -9 -8 -3 1 3 3 5 5 6 6 7 11 14 15
-19 -17 -10 -10 -9 -7 -3 -1 3 3 5 5 6 6 8 11 14 15
-19 -17 -10 -10 -9 -6 -5 1 3 3 3 5 6 7 8 11 14 15
-19 -17 -10 -10 -9 -5 -5 -1 3 3 3 6 6 7 8 11 14 15
-19 -17 -10 -10 -9 -5 -3 -3 1 3 5 6 6 7 8 11 14 15
-19 -17 -10 -10 -8 -7 -5 1 3 3 3 5 6 6 9 11 14 15
-19 -17 -10 -10 -8 -6 -6 1 3 3 3 5 5 7 9 11 14 15
-19 -17 -10 -10 -8 -6 -5 -1 3 3 3 5 6 7 9 11 14 15
-19 -17 -10 -10 -8 -6 -3 -3 1 3 5 5 6 7 9 11 14 15
-19 -17 -10 -10 -8 -5 -3 -3 -1 3 5 6 6 7 9 11 14 15
-19 -17 -10 -10 -7 -6 -6 -1 3 3 3 5 5 8 9 11 14 15
-19 -17 -10 -10 -7 -6 -3 -3 -1 3 5 5 6 8 9 11 14 15
-19 -17 -10 -10 -7 -5 -5 -3 1 3 3 6 6 8 9 11 14 15
-19 -17 -10 -10 -6 -6 -5 -3 1 3 3 5 7 8 9 11 14 15
-19 -17 -10 -10 -6 -5 -5 -3 -1 3 3 6 7 8 9 11 14 15
-19 -17 -10 -10 -6 -5 -3 -3 -3 1 5 6 7 8 9 11 14 15
-19 -17 -10 -10 -5 -5 -3 -3 -3 -1 6 6 7 8 9 11 14 15
-19 -17 -10 -9 -8 -7 -6 1 3 3 3 5 5 6 10 11 14 15
-19 -17 -10 -9 -8 -7 -5 -1 3 3 3 5 6 6 10 11 14 15
-19 -17 -10 -9 -8 -7 -3 -3 1 3 5 5 6 6 10 11 14 15
-19 -17 -10 -9 -8 -6 -6 -1 3 3 3 5 5 7 10 11 14 15
-19 -17 -10 -9 -8 -6 -3 -3 -1 3 5 5 6 7 10 11 14 15
-19 -17 -10 -9 -8 -5 -5 -3 1 3 3 6 6 7 10 11 14 15
-19 -17 -10 -9 -7 -6 -5 -3 1 3 3 5 6 8 10 11 14 15
-19 -17 -10 -9 -7 -5 -5 -3 -1 3 3 6 6 8 10 11 14 15
-19 -17 -10 -9 -7 -5 -3 -3 -3 1 5 6 6 8 10 11 14 15
-19 -17 -10 -9 -6 -6 -5 -3 -1 3 3 5 7 8 10 11 14 15
-19 -17 -10 -9 -6 -6 -3 -3 -3 1 5 5 7 8 10 11 14 15
-19 -17 -10 -9 -6 -5 -3 -3 -3 -1 5 6 7 8 10 11 14 15
-19 -17 -10 -8 -7 -6 -6 -3 1 3 3 5 5 9 10 11 14 15
-19 -17 -10 -8 -7 -6 -5 -3 -1 3 3 5 6 9 10 11 14 15
-19 -17 -10 -8 -7 -6 -3 -3 -3 1 5 5 6 9 10 11 14 15
-19 -17 -10 -8 -7 -5 -3 -3 -3 -1 5 6 6 9 10 11 14 15
-19 -17 -10 -8 -6 -6 -5 -5 1 3 3 3 7 9 10 11 14 15
-19 -17 -10 -8 -6 -6 -3 -3 -3 -1 5 5 7 9 10 11 14 15
-19 -17 -10 -8 -6 -5 -5 -3 -3 1 3 6 7 9 10 11 14 15
-19 -17 -10 -7 -6 -6 -5 -5 -1 3 3 3 8 9 10 11 14 15
-19 -17 -10 -7 -6 -6 -5 -3 -3 1 3 5 8 9 10 11 14 15
-19 -17 -10 -7 -6 -5 -5 -3 -3 -1 3 6 8 9 10 11 14 15
-19 -17 -9 -8 -7 -6 -6 -3 -1 3 3 5 5 10 10 11 14 15
-19 -17 -9 -8 -7 -6 -5 -5 1 3 3 3 6 10 10 11 14 15
-19 -17 -9 -8 -7 -6 -3 -3 -3 -1 5 5 6 10 10 11 14 15
-19 -17 -9 -8 -7 -5 -5 -3 -3 1 3 6 6 10 10 11 14 15
-19 -17 -9 -8 -6 -6 -5 -5 -1 3 3 3 7 10 10 11 14 15
-19 -17 -9 -8 -6 -6 -5 -3 -3 1 3 5 7 10 10 11 14 15
-19 -17 -9 -8 -6 -5 -5 -3 -3 -1 3 6 7 10 10 11 14 15
-19 -17 -9 -7 -6 -6 -5 -3 -3 -1 3 5 8 10 10 11 14 15
-19 -17 -9 -6 -6 -5 -5 -3 -3 -3 1 7 8 10 10 11 14 15
-19 -17 -8 -7 -6 -6 -5 -5 -3 1 3 3 9 10 10 11 14 15
-19 -17 -8 -7 -6 -5 -5 -3 -3 -3 1 6 9 10 10 11 14 15
-19 -17 -8 -6 -6 -5 -5 -3 -3 -3 -1 7 9 10 10 11 14 15
-19 -15 -14 -11 -10 -7 1 3 3 3 5 5 6 6 8 9 10 17
-19 -15 -14 -11 -10 -6 -1 3 3 3 5 5 6 7 8 9 10 17
-19 -15 -14 -11 -10 -3 -3 -1 3 5 5 6 6 7 8 9 10 17
-19 -15 -14 -11 -9 -8 1 3 3 3 5 5 6 6 7 10 10 17
-19 -15 -14 -11 -9 -7 -1 3 3 3 5 5 6 6 8 10 10 17
-19 -15 -14 -11 -9 -5 -3 1 3 3 5 6 6 7 8 10 10 17
-19 -15 -14 -11 -8 -6 -3 1 3 3 5 5 6 7 9 10 10 17
-19 -15 -14 -11 -8 -5 -3 -1 3 3 5 6 6 7 9 10 10 17
-19 -15 -14 -11 -8 -3 -3 -3 1 5 5 6 6 7 9 10 10 17
-19 -15 -14 -11 -7 -6 -3 -1 3 3 5 5 6 8 9 10 10 17
-19 -15 -14 -11 -7 -5 -5 1 3 3 3 6 6 8 9 10 10 17
-19 -15 -14 -11 -7 -3 -3 -3 -1 5 5 6 6 8 9 10 10 17
-19 -15 -14 -11 -6 -6 -5 1 3 3 3 5 7 8 9 10 10 17
-19 -15 -14 -11 -6 -5 -5 -1 3 3 3 6 7 8 9 10 10 17
-19 -15 -14 -11 -6 -5 -3 -3 1 3 5 6 7 8 9 10 10 17
-19 -15 -14 -11 -5 -5 -3 -3 -1 3 6 6 7 8 9 10 10 17
-19 -15 -14 -10 -10 -8 1 3 3 3 5 5 6 6 7 9 11 17
-19 -15 -14 -10 -10 -7 -1 3 3 3 5 5 6 6 8 9 11 17
-19 -15 -14 -10 -10 -5 -3 1 3 3 5 6 6 7 8 9 11 17
-19 -15 -14 -10 -9 -8 -1 3 3 3 5 5 6 6 7 10 11 17
-19 -15 -14 -10 -9 -6 -3 1 3 3 5 5 6 7 8 10 11 17
-19 -15 -14 -10 -9 -5 -3 -1 3 3 5 6 6 7 8 10 11 17
-19 -15 -14 -10 -9 -3 -3 -3 1 5 5 6 6 7 8 10 11 17
-19 -15 -14 -10 -8 -7 -3 1 3 3 5 5 6 6 9 10 11 17
-19 -15 -14 -10 -8 -6 -3 -1 3 3 5 5 6 7 9 10 11 17
-19 -15 -14 -10 -8 -5 -5 1 3 3 3 6 6 7 9 10 11 17
-19 -15 -14 -10 -8 -3 -3 -3 -1 5 5 6 6 7 9 10 11 17
-19 -15 -14 -10 -7 -6 -5 1 3 3 3 5 6 8 9 10 11 17
-19 -15 -14 -10 -7 -5 -5 -1 3 3 3 6 6 8 9 10 11 17
-19 -15 -14 -10 -7 -5 -3 -3 1 3 5 6 6 8 9 10 11 17
-19 -15 -14 -10 -6 -6 -5 -1 3 3 3 5 7 8 9 10 11 17
-19 -15 -14 -10 -6 -6 -3 -3 1 3 5 5 7 8 9 10 11 17
-19 -15 -14 -10 -6 -5 -3 -3 -1 3 5 6 7 8 9 10 11 17
-19 -15 -14 -9 -8 -7 -3 -1 3 3 5 5 6 6 10 10 11 17
-19 -15 -14 -9 -8 -6 -5 1 3 3 3 5 6 7 10 10 11 17
-19 -15 -14 -9 -8 -5 -5 -1 3 3 3 6 6 7 10 10 11 17
-19 -15 -14 -9 -8 -5 -3 -3 1 3 5 6 6 7 10 10 11 17
-19 -15 -14 -9 -7 -6 -6 1 3 3 3 5 5 8 10 10 11 17
-19 -15 -14 -9 -7 -6 -5 -1 3 3 3 5 6 8 10 10 11 17
-19 -15 -14 -9 -7 -6 -3 -3 1 3 5 5 6 8 10 10 11 17
-19 -15 -14 -9 -7 -5 -3 -3 -1 3 5 6 6 8 10 10 11 17
-19 -15 -14 -9 -6 -6 -3 -3 -1 3 5 5 7 8 10 10 11 17
-19 -15 -14 -9 -6 -5 -5 -3 1 3 3 6 7 8 10 10 11 17
-19 -15 -14 -9 -5 -5 -3 -3 -3 1 6 6 7 8 10 10 11 17
-19 -15 -14 -8 -7 -6 -6 -1 3 3 3 5 5 9 10 10 11 17
-19 -15 -14 -8 -7 -6 -3 -3 -1 3 5 5 6 9 10 10 11 17
-19 -15 -14 -8 -7 -5 -5 -3 1 3 3 6 6 9 10 10 11 17
-19 -15 -14 -8 -6 -6 -5 -3 1 3 3 5 7 9 10 10 11 17
-19 -15 -14 -8 -6 -5 -5 -3 -1 3 3 6 7 9 10 10 11 17
-19 -15 -14 -8 -6 -5 -3 -3 -3 1 5 6 7 9 10 10 11 17
-19 -15 -14 -8 -5 -5 -3 -3 -3 -1 6 6 7 9 10 10 11 17
-19 -15 -14 -7 -6 -6 -5 -3 -1 3 3 5 8 9 10 10 11 17
-19 -15 -14 -7 -6 -6 -3 -3 -3 1 5 5 8 9 10 10 11 17
-19 -15 -14 -7 -6 -5 -3 -3 -3 -1 5 6 8 9 10 10 11 17
-19 -15 -14 -6 -6 -5 -5 -3 -3 1 3 7 8 9 10 10 11 17
-19 -15 -11 -10 -10 -8 -3 1 3 3 5 5 6 6 7 9 14 17
-19 -15 -11 -10 -10 -7 -3 -1 3 3 5 5 6 6 8 9 14 17
-19 -15 -11 -10 -10 -6 -5 1 3 3 3 5 6 7 8 9 14 17
-19 -15 -11 -10 -10 -5 -5 -1 3 3 3 6 6 7 8 9 14 17
-19 -15 -11 -10 -10 -5 -3 -3 1 3 5 6 6 7 8 9 14 17
-19 -15 -11 -10 -9 -8 -3 -1 3 3 5 5 6 6 7 10 14 17
-19 -15 -11 -10 -9 -7 -5 1 3 3 3 5 6 6 8 10 14 17
-19 -15 -11 -10 -9 -6 -6 1 3 3 3 5 5 7 8 10 14 17
-19 -15 -11 -10 -9 -6 -5 -1 3 3 3 5 6 7 8 10 14 17
-19 -15 -11 -10 -9 -6 -3 -3 1 3 5 5 6 7 8 10 14 17
-19 -15 -11 -10 -9 -5 -3 -3 -1 3 5 6 6 7 8 10 14 17
-19 -15 -11 -10 -8 -7 -6 1 3 3 3 5 5 6 9 10 14 17
-19 -15 -11 -10 -8 -7 -5 -1 3 3 3 5 6 6 9 10 14 17
-19 -15 -11 -10 -8 -7 -3 -3 1 3 5 5 6 6 9 10 14 17
-19 -15 -11 -10 -8 -6 -6 -1 3 3 3 5 5 7 9 10 14 17
-19 -15 -11 -10 -8 -6 -3 -3 -1 3 5 5 6 7 9 10 14 17
-19 -15 -11 -10 -8 -5 -5 -3 1 3 3 6 6 7 9 10 14 17
-19 -15 -11 -10 -7 -6 -5 -3 1 3 3 5 6 8 9 10 14 17
-19 -15 -11 -10 -7 -5 -5 -3 -1 3 3 6 6 8 9 10 14 17
-19 -15 -11 -10 -7 -5 -3 -3 -3 1 5 6 6 8 9 10 14 17
-19 -15 -11 -10 -6 -6 -5 -3 -1 3 3 5 7 8 9 10 14 17
-19 -15 -11 -10 -6 -6 -3 -3 -3 1 5 5 7 8 9 10 14 17
-19 -15 -11 -10 -6 -5 -3 -3 -3 -1 5 6 7 8 9 10 14 17
-19 -15 -11 -9 -8 -7 -6 -1 3 3 3 5 5 6 10 10 14 17
-19 -15 -11 -9 -8 -7 -3 -3 -1 3 5 5 6 6 10 10 14 17
-19 -15 -11 -9 -8 -6 -5 -3 1 3 3 5 6 7 10 10 14 17
-19 -15 -11 -9 -8 -5 -5 -3 -1 3 3 6 6 7 10 10 14 17
-19 -15 -11 -9 -8 -5 -3 -3 -3 1 5 6 6 7 10 10 14 17
-19 -15 -11 -9 -7 -6 -6 -3 1 3 3 5 5 8 10 10 14 17
-19 -15 -11 -9 -7 -6 -5 -3 -1 3 3 5 6 8 10 10 14 17
-19 -15 -11 -9 -7 -6 -3 -3 -3 1 5 5 6 8 10 10 14 17
-19 -15 -11 -9 -7 -5 -3 -3 -3 -1 5 6 6 8 10 10 14 17
-19 -15 -11 -9 -6 -6 -5 -5 1 3 3 3 7 8 10 10 14 17
-19 -15 -11 -9 -6 -6 -3 -3 -3 -1 5 5 7 8 10 10 14 17
-19 -15 -11 -9 -6 -5 -5 -3 -3 1 3 6 7 8 10 10 14 17
-19 -15 -11 -8 -7 -6 -6 -3 -1 3 3 5 5 9 10 10 14 17
-19 -15 -11 -8 -7 -6 -5 -5 1 3 3 3 6 9 10 10 14 17
-19 -15 -11 -8 -7 -6 -3 -3 -3 -1 5 5 6 9 10 10 14 17
-19 -15 -11 -8 -7 -5 -5 -3 -3 1 3 6 6 9 10 10 14 17
-19 -15 -11 -8 -6 -6 -5 -5 -1 3 3 3 7 9 10 10 14 17
-19 -15 -11 -8 -6 -6 -5 -3 -3 1 3 5 7 9 10 10 14 17
-19 -15 -11 -8 -6 -5 -5 -3 -3 -1 3 6 7 9 10 10 14 17
-19 -15 -11 -7 -6 -6 -5 -3 -3 -1 3 5 8 9 10 10 14 17
-19 -15 -11 -6 -6 -5 -5 -3 -3 -3 1 7 8 9 10 10 14 17
-19 -15 -10 -10 -9 -8 -5 1 3 3 3 5 6 6 7 11 14 17
-19 -15 -10 -10 -9 -7 -6 1 3 3 3 5 5 6 8 11 14 17
-19 -15 -10 -10 -9 -7 -5 -1 3 3 3 5 6 6 8 11 14 17
-19 -15 -10 -10 -9 -7 -3 -3 1 3 5 5 6 6 8 11 14 17
-19 -15 -10 -10 -9 -6 -6 -1 3 3 3 5 5 7 8 11 14 17
-19 -15 -10 -10 -9 -6 -3 -3 -1 3 5 5 6 7 8 11 14 17
-19 -15 -10 -10 -9 -5 -5 -3 1 3 3 6 6 7 8 11 14 17
-19 -15 -10 -10 -8 -7 -6 -1 3 3 3 5 5 6 9 11 14 17
-19 -15 -10 -10 -8 -7 -3 -3 -1 3 5 5 6 6 9 11 14 17
-19 -15 -10 -10 -8 -6 -5 -3 1 3 3 5 6 7 9 11 14 17
-19 -15 -10 -10 -8 -5 -5 -3 -1 3 3 6 6 7 9 11 14 17
-19 -15 -10 -10 -8 -5 -3 -3 -3 1 5 6 6 7 9 11 14 17
-19 -15 -10 -10 -7 -6 -6 -3 1 3 3 5 5 8 9 11 14 17
-19 -15 -10 -10 -7 -6 -5 -3 -1 3 3 5 6 8 9 11 14 17
-19 -15 -10 -10 -7 -6 -3 -3 -3 1 5 5 6 8 9 11 14 17
-19 -15 -10 -10 -7 -5 -3 -3 -3 -1 5 6 6 8 9 11 14 17
-19 -15 -10 -10 -6 -6 -5 -5 1 3 3 3 7 8 9 11 14 17
-19 -15 -10 -10 -6 -6 -3 -3 -3 -1 5 5 7 8 9 11 14 17
-19 -15 -10 -10 -6 -5 -5 -3 -3 1 3 6 7 8 9 11 14 17
-19 -15 -10 -9 -8 -7 -5 -3 1 3 3 5 6 6 10 11 14 17
-19 -15 -10 -9 -8 -6 -6 -3 1 3 3 5 5 7 10 11 14 17
-19 -15 -10 -9 -8 -6 -5 -3 -1 3 3 5 6 7 10 11 14 17
-19 -15 -10 -9 -8 -6 -3 -3 -3 1 5 5 6 7 10 11 14 17
-19 -15 -10 -9 -8 -5 -3 -3 -3 -1 5 6 6 7 10 11 14 17
-19 -15 -10 -9 -7 -6 -6 -3 -1 3 3 5 5 8 10 11 14 17
-19 -15 -10 -9 -7 -6 -5 -5 1 3 3 3 6 8 10 11 14 17
-19 -15 -10 -9 -7 -6 -3 -3 -3 -1 5 5 6 8 10 11 14 17
-19 -15 -10 -9 -7 -5 -5 -3 -3 1 3 6 6 8 10 11 14 17
-19 -15 -10 -9 -6 -6 -5 -5 -1 3 3 3 7 8 10 11 14 17
-19 -15 -10 -9 -6 -6 -5 -3 -3 1 3 5 7 8 10 11 14 17
-19 -15 -10 -9 -6 -5 -5 -3 -3 -1 3 6 7 8 10 11 14 17
-19 -15 -10 -8 -7 -6 -6 -5 1 3 3 3 5 9 10 11 14 17
-19 -15 -10 -8 -7 -6 -5 -5 -1 3 3 3 6 9 10 11 14 17
-19 -15 -10 -8 -7 -6 -5 -3 -3 1 3 5 6 9 10 11 14 17
-19 -15 -10 -8 -7 -5 -5 -3 -3 -1 3 6 6 9 10 11 14 17
-19 -15 -10 -8 -6 -6 -5 -3 -3 -1 3 5 7 9 10 11 14 17
-19 -15 -10 -7 -6 -6 -5 -5 -3 1 3 3 8 9 10 11 14 17
-19 -15 -10 -7 -6 -5 -5 -3 -3 -3 1 6 8 9 10 11 14 17
-19 -15 -10 -6 -6 -5 -5 -3 -3 -3 -1 7 8 9 10 11 14 17
-19 -15 -9 -8 -7 -6 -6 -5 -1 3 3 3 5 10 10 11 14 17
-19 -15 -9 -8 -7 -6 -6 -3 -3 1 3 5 5 10 10 11 14 17
-19 -15 -9 -8 -7 -6 -5 -3 -3 -1 3 5 6 10 10 11 14 17
-19 -15 -9 -8 -6 -6 -5 -5 -3 1 3 3 7 10 10 11 14 17
-19 -15 -9 -8 -6 -5 -5 -3 -3 -3 1 6 7 10 10 11 14 17
-19 -15 -9 -7 -6 -6 -5 -5 -3 -1 3 3 8 10 10 11 14 17
-19 -15 -9 -7 -6 -6 -5 -3 -3 -3 1 5 8 10 10 11 14 17
-19 -15 -9 -7 -6 -5 -5 -3 -3 -3 -1 6 8 10 10 11 14 17
-19 -15 -8 -7 -6 -6 -5 -3 -3 -3 -1 5 9 10 10 11 14 17
-19 -14 -11 -10 -10 -9 -3 1 3 3 5 5 6 6 7 8 15 17
-19 -14 -11 -10 -10 -8 -3 -1 3 3 5 5 6 6 7 9 15 17
-19 -14 -11 -10 -10 -7 -5 1 3 3 3 5 6 6 8 9 15 17
-19 -14 -11 -10 -10 -6 -6 1 3 3 3 5 5 7 8 9 15 17
-19 -14 -11 -10 -10 -6 -5 -1 3 3 3 5 6 7 8 9 15 17
-19 -14 -11 -10 -10 -6 -3 -3 1 3 5 5 6 7 8 9 15 17
-19 -14 -11 -10 -10 -5 -3 -3 -1 3 5 6 6 7 8 9 15 17
-19 -14 -11 -10 -9 -8 -5 1 3 3 3 5 6 6 7 10 15 17
-19 -14 -11 -10 -9 -7 -6 1 3 3 3 5 5 6 8 10 15 17
-19 -14 -11 -10 -9 -7 -5 -1 3 3 3 5 6 6 8 10 15 17
-19 -14 -11 -10 -9 -7 -3 -3 1 3 5 5 6 6 8 10 15 17
-19 -14 -11 -10 -9 -6 -6 -1 3 3 3 5 5 7 8 10 15 17
-19 -14 -11 -10 -9 -6 -3 -3 -1 3 5 5 6 7 8 10 15 17
-19 -14 -11 -10 -9 -5 -5 -3 1 3 3 6 6 7 8 10 15 17
-19 -14 -11 -10 -8 -7 -6 -1 3 3 3 5 5 6 9 10 15 17
-19 -14 -11 -10 -8 -7 -3 -3 -1 3 5 5 6 6 9 10 15 17
-19 -14 -11 -10 -8 -6 -5 -3 1 3 3 5 6 7 9 10 15 17
-19 -14 -11 -10 -8 -5 -5 -3 -1 3 3 6 6 7 9 10 15 17
-19 -14 -11 -10 -8 -5 -3 -3 -3 1 5 6 6 7 9 10 15 17
-19 -14 -11 -10 -7 -6 -6 -3 1 3 3 5 5 8 9 10 15 17
-19 -14 -11 -10 -7 -6 -5 -3 -1 3 3 5 6 8 9 10 15 17
-19 -14 -11 -10 -7 -6 -3 -3 -3 1 5 5 6 8 9 10 15 17
-19 -14 -11 -10 -7 -5 -3 -3 -3 -1 5 6 6 8 9 10 15 17
-19 -14 -11 -10 -6 -6 -5 -5 1 3 3 3 7 8 9 10 15 17
-19 -14 -11 -10 -6 -6 -3 -3 -3 -1 5 5 7 8 9 10 15 17
-19 -14 -11 -10 -6 -5 -5 -3 -3 1 3 6 7 8 9 10 15 17
-19 -14 -11 -9 -8 -7 -5 -3 1 3 3 5 6 6 10 10 15 17
-19 -14 -11 -9 -8 -6 -6 -3 1 3 3 5 5 7 10 10 15 17
-19 -14 -11 -9 -8 -6 -5 -3 -1 3 3 5 6 7 10 10 15 17
-19 -14 -11 -9 -8 -6 -3 -3 -3 1 5 5 6 7 10 10 15 17
-19 -14 -11 -9 -8 -5 -3 -3 -3 -1 5 6 6 7 10 10 15 17
-19 -14 -11 -9 -7 -6 -6 -3 -1 3 3 5 5 8 10 10 15 17
-19 -14 -11 -9 -7 -6 -5 -5 1 3 3 3 6 8 10 10 15 17
-19 -14 -11 -9 -7 -6 -3 -3 -3 -1 5 5 6 8 10 10 15 17
-19 -14 -11 -9 -7 -5 -5 -3 -3 1 3 6 6 8 10 10 15 17
-19 -14 -11 -9 -6 -6 -5 -5 -1 3 3 3 7 8 10 10 15 17
-19 -14 -11 -9 -6 -6 -5 -3 -3 1 3 5 7 8 10 10 15 17
-19 -14 -11 -9 -6 -5 -5 -3 -3 -1 3 6 7 8 10 10 15 17
-19 -14 -11 -8 -7 -6 -6 -5 1 3 3 3 5 9 10 10 15 17
-19 -14 -11 -8 -7 -6 -5 -5 -1 3 3 3 6 9 10 10 15 17
-19 -14 -11 -8 -7 -6 -5 -3 -3 1 3 5 6 9 10 10 15 17
-19 -14 -11 -8 -7 -5 -5 -3 -3 -1 3 6 6 9 10 10 15 17
-19 -14 -11 -8 -6 -6 -5 -3 -3 -1 3 5 7 9 10 10 15 17
-19 -14 -11 -7 -6 -6 -5 -5 -3 1 3 3 8 9 10 10 15 17
-19 -14 -11 -7 -6 -5 -5 -3 -3 -3 1 6 8 9 10 10 15 17
-19 -14 -11 -6 -6 -5 -5 -3 -3 -3 -1 7 8 9 10 10 15 17
-19 -14 -10 -10 -9 -8 -6 1 3 3 3 5 5 6 7 11 15 17
-19 -14 -10 -10 -9 -8 -5 -1 3 3 3 5 6 6 7 11 15 17
-19 -14 -10 -10 -9 -8 -3 -3 1 3 5 5 6 6 7 11 15 17
-19 -14 -10 -10 -9 -7 -6 -1 3 3 3 5 5 6 8 11 15 17
-19 -14 -10 -10 -9 -7 -3 -3 -1 3 5 5 6 6 8 11 15 17
-19 -14 -10 -10 -9 -6 -5 -3 1 3 3 5 6 7 8 11 15 17
-19 -14 -10 -10 -9 -5 -5 -3 -1 3 3 6 6 7 8 11 15 17
-19 -14 -10 -10 -9 -5 -3 -3 -3 1 5 6 6 7 8 11 15 17
-19 -14 -10 -10 -8 -7 -5 -3 1 3 3 5 6 6 9 11 15 17
-19 -14 -10 -10 -8 -6 -6 -3 1 3 3 5 5 7 9 11 15 17
-19 -14 -10 -10 -8 -6 -5 -3 -1 3 3 5 6 7 9 11 15 17
-19 -14 -10 -10 -8 -6 -3 -3 -3 1 5 5 6 7 9 11 15 17
-19 -14 -10 -10 -8 -5 -3 -3 -3 -1 5 6 6 7 9 11 15 17
-19 -14 -10 -10 -7 -6 -6 -3 -1 3 3 5 5 8 9 11 15 17
-19 -14 -10 -10 -7 -6 -5 -5 1 3 3 3 6 8 9 11 15 17
-19 -14 -10 -10 -7 -6 -3 -3 -3 -1 5 5 6 8 9 11 15 17
-19 -14 -10 -10 -7 -5 -5 -3 -3 1 3 6 6 8 9 11 15 17
-19 -14 -10 -10 -6 -6 -5 -5 -1 3 3 3 7 8 9 11 15 17
-19 -14 -10 -10 -6 -6 -5 -3 -3 1 3 5 7 8 9 11 15 17
-19 -14 -10 -10 -6 -5 -5 -3 -3 -1 3 6 7 8 9 11 15 17
-19 -14 -10 -9 -8 -7 -6 -3 1 3 3 5 5 6 10 11 15 17
-19 -14 -10 -9 -8 -7 -5 -3 -1 3 3 5 6 6 10 11 15 17
-19 -14 -10 -9 -8 -7 -3 -3 -3 1 5 5 6 6 10 11 15 17
-19 -14 -10 -9 -8 -6 -6 -3 -1 3 3 5 5 7 10 11 15 17
-19 -14 -10 -9 -8 -6 -5 -5 1 3 3 3 6 7 10 11 15 17
-19 -14 -10 -9 -8 -6 -3 -3 -3 -1 5 5 6 7 10 11 15 17
-19 -14 -10 -9 -8 -5 -5 -3 -3 1 3 6 6 7 10 11 15 17
-19 -14 -10 -9 -7 -6 -6 -5 1 3 3 3 5 8 10 11 15 17
-19 -14 -10 -9 -7 -6 -5 -5 -1 3 3 3 6 8 10 11 15 17
-19 -14 -10 -9 -7 -6 -5 -3 -3 1 3 5 6 8 10 11 15 17
-19 -14 -10 -9 -7 -5 -5 -3 -3 -1 3 6 6 8 10 11 15 17
-19 -14 -10 -9 -6 -6 -5 -3 -3 -1 3 5 7 8 10 11 15 17
-19 -14 -10 -8 -7 -6 -6 -5 -1 3 3 3 5 9 10 11 15 17
-19 -14 -10 -8 -7 -6 -6 -3 -3 1 3 5 5 9 10 11 15 17
-19 -14 -10 -8 -7 -6 -5 -3 -3 -1 3 5 6 9 10 11 15 17
-19 -14 -10 -8 -6 -6 -5 -5 -3 1 3 3 7 9 10 11 15 17
-19 -14 -10 -8 -6 -5 -5 -3 -3 -3 1 6 7 9 10 11 15 17
-19 -14 -10 -7 -6 -6 -5 -5 -3 -1 3 3 8 9 10 11 15 17
-19 -14 -10 -7 -6 -6 -5 -3 -3 -3 1 5 8 9 10 11 15 17
-19 -14 -10 -7 -6 -5 -5 -3 -3 -3 -1 6 8 9 10 11 15 17
-19 -14 -9 -8 -7 -6 -6 -3 -3 -1 3 5 5 10 10 11 15 17
-19 -14 -9 -8 -7 -6 -5 -5 -3 1 3 3 6 10 10 11 15 17
-19 -14 -9 -8 -7 -5 -5 -3 -3 -3 1 6 6 10 10 11 15 17
-19 -14 -9 -8 -6 -6 -5 -5 -3 -1 3 3 7 10 10 11 15 17
-19 -14 -9 -8 -6 -6 -5 -3 -3 -3 1 5 7 10 10 11 15 17
-19 -14 -9 -8 -6 -5 -5 -3 -3 -3 -1 6 7 10 10 11 15 17
-19 -14 -9 -7 -6 -6 -5 -3 -3 -3 -1 5 8 10 10 11 15 17
-19 -14 -8 -7 -6 -6 -5 -5 -3 -3 1 3 9 10 10 11 15 17
-19 -11 -10 -10 -9 -8 -6 -3 1 3 3 5 5 6 7 14 15 17
-19 -11 -10 -10 -9 -8 -5 -3 -1 3 3 5 6 6 7 14 15 17
-19 -11 -10 -10 -9 -8 -3 -3 -3 1 5 5 6 6 7 14 15 17
-19 -11 -10 -10 -9 -7 -6 -3 -1 3 3 5 5 6 8 14 15 17
-19 -11 -10 -10 -9 -7 -5 -5 1 3 3 3 6 6 8 14 15 17
-19 -11 -10 -10 -9 -7 -3 -3 -3 -1 5 5 6 6 8 14 15 17
-19 -11 -10 -10 -9 -6 -6 -5 1 3 3 3 5 7 8 14 15 17
-19 -11 -10 -10 -9 -6 -5 -5 -1 3 3 3 6 7 8 14 15 17
-19 -11 -10 -10 -9 -6 -5 -3 -3 1 3 5 6 7 8 14 15 17
-19 -11 -10 -10 -9 -5 -5 -3 -3 -1 3 6 6 7 8 14 15 17
-19 -11 -10 -10 -8 -7 -6 -5 1 3 3 3 5 6 9 14 15 17
-19 -11 -10 -10 -8 -7 -5 -5 -1 3 3 3 6 6 9 14 15 17
-19 -11 -10 -10 -8 -7 -5 -3 -3 1 3 5 6 6 9 14 15 17
-19 -11 -10 -10 -8 -6 -6 -5 -1 3 3 3 5 7 9 14 15 17
-19 -11 -10 -10 -8 -6 -6 -3 -3 1 3 5 5 7 9 14 15 17
-19 -11 -10 -10 -8 -6 -5 -3 -3 -1 3 5 6 7 9 14 15 17
-19 -11 -10 -10 -7 -6 -6 -3 -3 -1 3 5 5 8 9 14 15 17
-19 -11 -10 -10 -7 -6 -5 -5 -3 1 3 3 6 8 9 14 15 17
-19 -11 -10 -10 -7 -5 -5 -3 -3 -3 1 6 6 8 9 14 15 17
-19 -11 -10 -10 -6 -6 -5 -5 -3 -1 3 3 7 8 9 14 15 17
-19 -11 -10 -10 -6 -6 -5 -3 -3 -3 1 5 7 8 9 14 15 17
-19 -11 -10 -10 -6 -5 -5 -3 -3 -3 -1 6 7 8 9 14 15 17
-19 -11 -10 -9 -8 -7 -6 -6 1 3 3 3 5 5 10 14 15 17
-19 -11 -10 -9 -8 -7 -6 -5 -1 3 3 3 5 6 10 14 15 17
-19 -11 -10 -9 -8 -7 -6 -3 -3 1 3 5 5 6 10 14 15 17
-19 -11 -10 -9 -8 -7 -5 -3 -3 -1 3 5 6 6 10 14 15 17
-19 -11 -10 -9 -8 -6 -6 -3 -3 -1 3 5 5 7 10 14 15 17
-19 -11 -10 -9 -8 -6 -5 -5 -3 1 3 3 6 7 10 14 15 17
-19 -11 -10 -9 -8 -5 -5 -3 -3 -3 1 6 6 7 10 14 15 17
-19 -11 -10 -9 -7 -6 -6 -5 -3 1 3 3 5 8 10 14 15 17
-19 -11 -10 -9 -7 -6 -5 -5 -3 -1 3 3 6 8 10 14 15 17
-19 -11 -10 -9 -7 -6 -5 -3 -3 -3 1 5 6 8 10 14 15 17
-19 -11 -10 -9 -7 -5 -5 -3 -3 -3 -1 6 6 8 10 14 15 17
-19 -11 -10 -9 -6 -6 -5 -3 -3 -3 -1 5 7 8 10 14 15 17
-19 -11 -10 -8 -7 -6 -6 -5 -3 -1 3 3 5 9 10 14 15 17
-19 -11 -10 -8 -7 -6 -6 -3 -3 -3 1 5 5 9 10 14 15 17
-19 -11 -10 -8 -7 -6 -5 -3 -3 -3 -1 5 6 9 10 14 15 17
-19 -11 -10 -8 -6 -6 -5 -5 -3 -3 1 3 7 9 10 14 15 17
-19 -11 -10 -7 -6 -6 -5 -5 -3 -3 -1 3 8 9 10 14 15 17
-19 -11 -9 -8 -7 -6 -6 -5 -5 1 3 3 3 10 10 14 15 17
-19 -11 -9 -8 -7 -6 -6 -3 -3 -3 -1 5 5 10 10 14 15 17
-19 -11 -9 -8 -7 -6 -5 -5 -3 -3 1 3 6 10 10 14 15 17
-19 -11 -9 -8 -6 -6 -5 -5 -3 -3 -1 3 7 10 10 14 15 17
-19 -11 -8 -7 -6 -6 -5 -5 -3 -3 -3 1 9 10 10 14 15 17
-19 -10 -10 -9 -8 -7 -6 -6 -1 3 3 3 5 5 11 14 15 17
-19 -10 -10 -9 -8 -7 -6 -3 -3 -1 3 5 5 6 11 14 15 17
-19 -10 -10 -9 -8 -7 -5 -5 -3 1 3 3 6 6 11 14 15 17
-19 -10 -10 -9 -8 -6 -6 -5 -3 1 3 3 5 7 11 14 15 17
-19 -10 -10 -9 -8 -6 -5 -5 -3 -1 3 3 6 7 11 14 15 17
-19 -10 -10 -9 -8 -6 -5 -3 -3 -3 1 5 6 7 11 14 15 17
-19 -10 -10 -9 -8 -5 -5 -3 -3 -3 -1 6 6 7 11 14 15 17
-19 -10 -10 -9 -7 -6 -6 -5 -3 -1 3 3 5 8 11 14 15 17
-19 -10 -10 -9 -7 -6 -6 -3 -3 -3 1 5 5 8 11 14 15 17
-19 -10 -10 -9 -7 -6 -5 -3 -3 -3 -1 5 6 8 11 14 15 17
-19 -10 -10 -9 -6 -6 -5 -5 -3 -3 1 3 7 8 11 14 15 17
-19 -10 -10 -8 -7 -6 -6 -5 -5 1 3 3 3 9 11 14 15 17
-19 -10 -10 -8 -7 -6 -6 -3 -3 -3 -1 5 5 9 11 14 15 17
-19 -10 -10 -8 -7 -6 -5 -5 -3 -3 1 3 6 9 11 14 15 17
-19 -10 -10 -8 -6 -6 -5 -5 -3 -3 -1 3 7 9 11 14 15 17
-19 -10 -9 -8 -7 -6 -6 -5 -5 -1 3 3 3 10 11 14 15 17
-19 -10 -9 -8 -7 -6 -6 -5 -3 -3 1 3 5 10 11 14 15 17
-19 -10 -9 -8 -7 -6 -5 -5 -3 -3 -1 3 6 10 11 14 15 17
-19 -10 -9 -7 -6 -6 -5 -5 -3 -3 -3 1 8 10 11 14 15 17
-19 -10 -8 -7 -6 -6 -5 -5 -3 -3 -3 -1 9 10 11 14 15 17
-17 -15 -14 -11 -10 -9 1 3 3 3 5 5 6 6 7 8 10 19
-17 -15 -14 -11 -10 -8 -1 3 3 3 5 5 6 6 7 9 10 19
-17 -15 -14 -11 -10 -6 -3 1 3 3 5 5 6 7 8 9 10 19
-17 -15 -14 -11 -10 -5 -3 -1 3 3 5 6 6 7 8 9 10 19
-17 -15 -14 -11 -10 -3 -3 -3 1 5 5 6 6 7 8 9 10 19
-17 -15 -14 -11 -9 -7 -3 1 3 3 5 5 6 6 8 10 10 19
-17 -15 -14 -11 -9 -6 -3 -1 3 3 5 5 6 7 8 10 10 19
-17 -15 -14 -11 -9 -5 -5 1 3 3 3 6 6 7 8 10 10 19
-17 -15 -14 -11 -9 -3 -3 -3 -1 5 5 6 6 7 8 10 10 19
-17 -15 -14 -11 -8 -7 -3 -1 3 3 5 5 6 6 9 10 10 19
-17 -15 -14 -11 -8 -6 -5 1 3 3 3 5 6 7 9 10 10 19
-17 -15 -14 -11 -8 -5 -5 -1 3 3 3 6 6 7 9 10 10 19
-17 -15 -14 -11 -8 -5 -3 -3 1 3 5 6 6 7 9 10 10 19
-17 -15 -14 -11 -7 -6 -6 1 3 3 3 5 5 8 9 10 10 19
-17 -15 -14 -11 -7 -6 -5 -1 3 3 3 5 6 8 9 10 10 19
-17 -15 -14 -11 -7 -6 -3 -3 1 3 5 5 6 8 9 10 10 19
-17 -15 -14 -11 -7 -5 -3 -3 -1 3 5 6 6 8 9 10 10 19
-17 -15 -14 -11 -6 -6 -3 -3 -1 3 5 5 7 8 9 10 10 19
-17 -15 -14 -11 -6 -5 -5 -3 1 3 3 6 7 8 9 10 10 19
-17 -15 -14 -11 -5 -5 -3 -3 -3 1 6 6 7 8 9 10 10 19
-17 -15 -14 -10 -10 -9 -1 3 3 3 5 5 6 6 7 8 11 19
-17 -15 -14 -10 -10 -7 -3 1 3 3 5 5 6 6 8 9 11 19
-17 -15 -14 -10 -10 -6 -3 -1 3 3 5 5 6 7 8 9 11 19
-17 -15 -14 -10 -10 -5 -5 1 3 3 3 6 6 7 8 9 11 19
-17 -15 -14 -10 -10 -3 -3 -3 -1 5 5 6 6 7 8 9 11 19
-17 -15 -14 -10 -9 -8 -3 1 3 3 5 5 6 6 7 10 11 19
-17 -15 -14 -10 -9 -7 -3 -1 3 3 5 5 6 6 8 10 11 19
-17 -15 -14 -10 -9 -6 -5 1 3 3 3 5 6 7 8 10 11 19
-17 -15 -14 -10 -9 -5 -5 -1 3 3 3 6 6 7 8 10 11 19
-17 -15 -14 -10 -9 -5 -3 -3 1 3 5 6 6 7 8 10 11 19
-17 -15 -14 -10 -8 -7 -5 1 3 3 3 5 6 6 9 10 11 19
-17 -15 -14 -10 -8 -6 -6 1 3 3 3 5 5 7 9 10 11 19
-17 -15 -14 -10 -8 -6 -5 -1 3 3 3 5 6 7 9 10 11 19
-17 -15 -14 -10 -8 -6 -3 -3 1 3 5 5 6 7 9 10 11 19
-17 -15 -14 -10 -8 -5 -3 -3 -1 3 5 6 6 7 9 10 11 19
-17 -15 -14 -10 -7 -6 -6 -1 3 3 3 5 5 8 9 10 11 19
-17 -15 -14 -10 -7 -6 -3 -3 -1 3 5 5 6 8 9 10 11 19
-17 -15 -14 -10 -7 -5 -5 -3 1 3 3 6 6 8 9 10 11 19
-17 -15 -14 -10 -6 -6 -5 -3 1 3 3 5 7 8 9 10 11 19
-17 -15 -14 -10 -6 -5 -5 -3 -1 3 3 6 7 8 9 10 11 19
-17 -15 -14 -10 -6 -5 -3 -3 -3 1 5 6 7 8 9 10 11 19
-17 -15 -14 -10 -5 -5 -3 -3 -3 -1 6 6 7 8 9 10 11 19
-17 -15 -14 -9 -8 -7 -6 1 3 3 3 5 5 6 10 10 11 19
-17 -15 -14 -9 -8 -7 -5 -1 3 3 3 5 6 6 10 10 11 19
-17 -15 -14 -9 -8 -7 -3 -3 1 3 5 5 6 6 10 10 11 19
-17 -15 -14 -9 -8 -6 -6 -1 3 3 3 5 5 7 10 10 11 19
-17 -15 -14 -9 -8 -6 -3 -3 -1 3 5 5 6 7 10 10 11 19
-17 -15 -14 -9 -8 -5 -5 -3 1 3 3 6 6 7 10 10 11 19
-17 -15 -14 -9 -7 -6 -5 -3 1 3 3 5 6 8 10 10 11 19
-17 -15 -14 -9 -7 -5 -5 -3 -1 3 3 6 6 8 10 10 11 19
-17 -15 -14 -9 -7 -5 -3 -3 -3 1 5 6 6 8 10 10 11 19
-17 -15 -14 -9 -6 -6 -5 -3 -1 3 3 5 7 8 10 10 11 19
-17 -15 -14 -9 -6 -6 -3 -3 -3 1 5 5 7 8 10 10 11 19
-17 -15 -14 -9 -6 -5 -3 -3 -3 -1 5 6 7 8 10 10 11 19
-17 -15 -14 -8 -7 -6 -6 -3 1 3 3 5 5 9 10 10 11 19
-17 -15 -14 -8 -7 -6 -5 -3 -1 3 3 5 6 9 10 10 11 19
-17 -15 -14 -8 -7 -6 -3 -3 -3 1 5 5 6 9 10 10 11 19
-17 -15 -14 -8 -7 -5 -3 -3 -3 -1 5 6 6 9 10 10 11 19
-17 -15 -14 -8 -6 -6 -5 -5 1 3 3 3 7 9 10 10 11 19
-17 -15 -14 -8 -6 -6 -3 -3 -3 -1 5 5 7 9 10 10 11 19
-17 -15 -14 -8 -6 -5 -5 -3 -3 1 3 6 7 9 10 10 11 19
-17 -15 -14 -7 -6 -6 -5 -5 -1 3 3 3 8 9 10 10 11 19
-17 -15 -14 -7 -6 -6 -5 -3 -3 1 3 5 8 9 10 10 11 19
-17 -15 -14 -7 -6 -5 -5 -3 -3 -1 3 6 8 9 10 10 11 19
-17 -15 -11 -10 -10 -9 -3 -1 3 3 5 5 6 6 7 8 14 19
-17 -15 -11 -10 -10 -8 -5 1 3 3 3 5 6 6 7 9 14 19
-17 -15 -11 -10 -10 -7 -6 1 3 3 3 5 5 6 8 9 14 19
-17 -15 -11 -10 -10 -7 -5 -1 3 3 3 5 6 6 8 9 14 19
-17 -15 -11 -10 -10 -7 -3 -3 1 3 5 5 6 6 8 9 14 19
-17 -15 -11 -10 -10 -6 -6 -1 3 3 3 5 5 7 8 9 14 19
-17 -15 -11 -10 -10 -6 -3 -3 -1 3 5 5 6 7 8 9 14 19
-17 -15 -11 -10 -10 -5 -5 -3 1 3 3 6 6 7 8 9 14 19
-17 -15 -11 -10 -9 -8 -6 1 3 3 3 5 5 6 7 10 14 19
-17 -15 -11 -10 -9 -8 -5 -1 3 3 3 5 6 6 7 10 14 19
-17 -15 -11 -10 -9 -8 -3 -3 1 3 5 5 6 6 7 10 14 19
-17 -15 -11 -10 -9 -7 -6 -1 3 3 3 5 5 6 8 10 14 19
-17 -15 -11 -10 -9 -7 -3 -3 -1 3 5 5 6 6 8 10 14 19
-17 -15 -11 -10 -9 -6 -5 -3 1 3 3 5 6 7 8 10 14 19
-17 -15 -11 -10 -9 -5 -5 -3 -1 3 3 6 6 7 8 10 14 19
-17 -15 -11 -10 -9 -5 -3 -3 -3 1 5 6 6 7 8 10 14 19
-17 -15 -11 -10 -8 -7 -5 -3 1 3 3 5 6 6 9 10 14 19
-17 -15 -11 -10 -8 -6 -6 -3 1 3 3 5 5 7 9 10 14 19
-17 -15 -11 -10 -8 -6 -5 -3 -1 3 3 5 6 7 9 10 14 19
-17 -15 -11 -10 -8 -6 -3 -3 -3 1 5 5 6 7 9 10 14 19
-17 -15 -11 -10 -8 -5 -3 -3 -3 -1 5 6 6 7 9 10 14 19
-17 -15 -11 -10 -7 -6 -6 -3 -1 3 3 5 5 8 9 10 14 19
-17 -15 -11 -10 -7 -6 -5 -5 1 3 3 3 6 8 9 10 14 19
-17 -15 -11 -10 -7 -6 -3 -3 -3 -1 5 5 6 8 9 10 14 19
-17 -15 -11 -10 -7 -5 -5 -3 -3 1 3 6 6 8 9 10 14 19
-17 -15 -11 -10 -6 -6 -5 -5 -1 3 3 3 7 8 9 10 14 19
-17 -15 -11 -10 -6 -6 -5 -3 -3 1 3 5 7 8 9 10 14 19
-17 -15 -11 -10 -6 -5 -5 -3 -3 -1 3 6 7 8 9 10 14 19
-17 -15 -11 -9 -8 -7 -6 -3 1 3 3 5 5 6 10 10 14 19
-17 -15 -11 -9 -8 -7 -5 -3 -1 3 3 5 6 6 10 10 14 19
-17 -15 -11 -9 -8 -7 -3 -3 -3 1 5 5 6 6 10 10 14 19
-17 -15 -11 -9 -8 -6 -6 -3 -1 3 3 5 5 7 10 10 14 19
-17 -15 -11 -9 -8 -6 -5 -5 1 3 3 3 6 7 10 10 14 19
-17 -15 -11 -9 -8 -6 -3 -3 -3 -1 5 5 6 7 10 10 14 19
-17 -15 -11 -9 -8 -5 -5 -3 -3 1 3 6 6 7 10 10 14 19
-17 -15 -11 -9 -7 -6 -6 -5 1 3 3 3 5 8 10 10 14 19
-17 -15 -11 -9 -7 -6 -5 -5 -1 3 3 3 6 8 10 10 14 19
-17 -15 -11 -9 -7 -6 -5 -3 -3 1 3 5 6 8 10 10 14 19
-17 -15 -11 -9 -7 -5 -5 -3 -3 -1 3 6 6 8 10 10 14 19
-17 -15 -11 -9 -6 -6 -5 -3 -3 -1 3 5 7 8 10 10 14 19
-17 -15 -11 -8 -7 -6 -6 -5 -1 3 3 3 5 9 10 10 14 19
-17 -15 -11 -8 -7 -6 -6 -3 -3 1 3 5 5 9 10 10 14 19
-17 -15 -11 -8 -7 -6 -5 -3 -3 -1 3 5 6 9 10 10 14 19
-17 -15 -11 -8 -6 -6 -5 -5 -3 1 3 3 7 9 10 10 14 19
-17 -15 -11 -8 -6 -5 -5 -3 -3 -3 1 6 7 9 10 10 14 19
-17 -15 -11 -7 -6 -6 -5 -5 -3 -1 3 3 8 9 10 10 14 19
-17 -15 -11 -7 -6 -6 -5 -3 -3 -3 1 5 8 9 10 10 14 19
-17 -15 -11 -7 -6 -5 -5 -3 -3 -3 -1 6 8 9 10 10 14 19
-17 -15 -10 -10 -9 -8 -7 1 3 3 3 5 5 6 6 11 14 19
-17 -15 -10 -10 -9 -8 -6 -1 3 3 3 5 5 6 7 11 14 19
-17 -15 -10 -10 -9 -8 -3 -3 -1 3 5 5 6 6 7 11 14 19
-17 -15 -10 -10 -9 -7 -5 -3 1 3 3 5 6 6 8 11 14 19
-17 -15 -10 -10 -9 -6 -6 -3 1 3 3 5 5 7 8 11 14 19
-17 -15 -10 -10 -9 -6 -5 -3 -1 3 3 5 6 7 8 11 14 19
-17 -15 -10 -10 -9 -6 -3 -3 -3 1 5 5 6 7 8 11 14 19
-17 -15 -10 -10 -9 -5 -3 -3 -3 -1 5 6 6 7 8 11 14 19
-17 -15 -10 -10 -8 -7 -6 -3 1 3 3 5 5 6 9 11 14 19
-17 -15 -10 -10 -8 -7 -5 -3 -1 3 3 5 6 6 9 11 14 19
-17 -15 -10 -10 -8 -7 -3 -3 -3 1 5 5 6 6 9 11 14 19
-17 -15 -10 -10 -8 -6 -6 -3 -1 3 3 5 5 7 9 11 14 19
-17 -15 -10 -10 -8 -6 -5 -5 1 3 3 3 6 7 9 11 14 19
-17 -15 -10 -10 -8 -6 -3 -3 -3 -1 5 5 6 7 9 11 14 19
-17 -15 -10 -10 -8 -5 -5 -3 -3 1 3 6 6 7 9 11 14 19
-17 -15 -10 -10 -7 -6 -6 -5 1 3 3 3 5 8 9 11 14 19
-17 -15 -10 -10 -7 -6 -5 -5 -1 3 3 3 6 8 9 11 14 19
-17 -15 -10 -10 -7 -6 -5 -3 -3 1 3 5 6 8 9 11 14 19
-17 -15 -10 -10 -7 -5 -5 -3 -3 -1 3 6 6 8 9 11 14 19
-17 -15 -10 -10 -6 -6 -5 -3 -3 -1 3 5 7 8 9 11 14 19
-17 -15 -10 -9 -8 -7 -6 -3 -1 3 3 5 5 6 10 11 14 19
-17 -15 -10 -9 -8 -7 -5 -5 1 3 3 3 6 6 10 11 14 19
-17 -15 -10 -9 -8 -7 -3 -3 -3 -1 5 5 6 6 10 11 14 19
-17 -15 -10 -9 -8 -6 -6 -5 1 3 3 3 5 7 10 11 14 19
-17 -15 -10 -9 -8 -6 -5 -5 -1 3 3 3 6 7 10 11 14 19
-17 -15 -10 -9 -8 -6 -5 -3 -3 1 3 5 6 7 10 11 14 19
-17 -15 -10 -9 -8 -5 -5 -3 -3 -1 3 6 6 7 10 11 14 19
-17 -15 -10 -9 -7 -6 -6 -5 -1 3 3 3 5 8 10 11 14 19
-17 -15 -10 -9 -7 -6 -6 -3 -3 1 3 5 5 8 10 11 14 19
-17 -15 -10 -9 -7 -6 -5 -3 -3 -1 3 5 6 8 10 11 14 19
-17 -15 -10 -9 -6 -6 -5 -5 -3 1 3 3 7 8 10 11 14 19
-17 -15 -10 -9 -6 -5 -5 -3 -3 -3 1 6 7 8 10 11 14 19
-17 -15 -10 -8 -7 -6 -6 -3 -3 -1 3 5 5 9 10 11 14 19
-17 -15 -10 -8 -7 -6 -5 -5 -3 1 3 3 6 9 10 11 14 19
-17 -15 -10 -8 -7 -5 -5 -3 -3 -3 1 6 6 9 10 11 14 19
-17 -15 -10 -8 -6 -6 -5 -5 -3 -1 3 3 7 9 10 11 14 19
-17 -15 -10 -8 -6 -6 -5 -3 -3 -3 1 5 7 9 10 11 14 19
-17 -15 -10 -8 -6 -5 -5 -3 -3 -3 -1 6 7 9 10 11 14 19
-17 -15 -10 -7 -6 -6 -5 -3 -3 -3 -1 5 8 9 10 11 14 19
-17 -15 -9 -8 -7 -6 -6 -5 -3 1 3 3 5 10 10 11 14 19
-17 -15 -9 -8 -7 -6 -5 -5 -3 -1 3 3 6 10 10 11 14 19
-17 -15 -9 -8 -7 -6 -5 -3 -3 -3 1 5 6 10 10 11 14 19
-17 -15 -9 -8 -7 -5 -5 -3 -3 -3 -1 6 6 10 10 11 14 19
-17 -15 -9 -8 -6 -6 -5 -3 -3 -3 -1 5 7 10 10 11 14 19
-17 -15 -9 -7 -6 -6 -5 -5 -3 -3 1 3 8 10 10 11 14 19
-17 -15 -8 -7 -6 -6 -5 -5 -3 -3 -1 3 9 10 10 11 14 19
-17 -14 -11 -10 -10 -9 -5 1 3 3 3 5 6 6 7 8 15 19
-17 -14 -11 -10 -10 -8 -6 1 3 3 3 5 5 6 7 9 15 19
-17 -14 -11 -10 -10 -8 -5 -1 3 3 3 5 6 6 7 9 15 19
-17 -14 -11 -10 -10 -8 -3 -3 1 3 5 5 6 6 7 9 15 19
-17 -14 -11 -10 -10 -7 -6 -1 3 3 3 5 5 6 8 9 15 19
-17 -14 -11 -10 -10 -7 -3 -3 -1 3 5 5 6 6 8 9 15 19
-17 -14 -11 -10 -10 -6 -5 -3 1 3 3 5 6 7 8 9 15 19
-17 -14 -11 -10 -10 -5 -5 -3 -1 3 3 6 6 7 8 9 15 19
-17 -14 -11 -10 -10 -5 -3 -3 -3 1 5 6 6 7 8 9 15 19
-17 -14 -11 -10 -9 -8 -7 1 3 3 3 5 5 6 6 10 15 19
-17 -14 -11 -10 -9 -8 -6 -1 3 3 3 5 5 6 7 10 15 19
-17 -14 -11 -10 -9 -8 -3 -3 -1 3 5 5 6 6 7 10 15 19
-17 -14 -11 -10 -9 -7 -5 -3 1 3 3 5 6 6 8 10 15 19
-17 -14 -11 -10 -9 -6 -6 -3 1 3 3 5 5 7 8 10 15 19
-17 -14 -11 -10 -9 -6 -5 -3 -1 3 3 5 6 7 8 10 15 19
-17 -14 -11 -10 -9 -6 -3 -3 -3 1 5 5 6 7 8 10 15 19
-17 -14 -11 -10 -9 -5 -3 -3 -3 -1 5 6 6 7 8 10 15 19
-17 -14 -11 -10 -8 -7 -6 -3 1 3 3 5 5 6 9 10 15 19
-17 -14 -11 -10 -8 -7 -5 -3 -1 3 3 5 6 6 9 10 15 19
-17 -14 -11 -10 -8 -7 -3 -3 -3 1 5 5 6 6 9 10 15 19
-17 -14 -11 -10 -8 -6 -6 -3 -1 3 3 5 5 7 9 10 15 19
-17 -14 -11 -10 -8 -6 -5 -5 1 3 3 3 6 7 9 10 15 19
-17 -14 -11 -10 -8 -6 -3 -3 -3 -1 5 5 6 7 9 10 15 19
-17 -14 -11 -10 -8 -5 -5 -3 -3 1 3 6 6 7 9 10 15 19
-17 -14 -11 -10 -7 -6 -6 -5 1 3 3 3 5 8 9 10 15 19
-17 -14 -11 -10 -7 -6 -5 -5 -1 3 3 3 6 8 9 10 15 19
-17 -14 -11 -10 -7 -6 -5 -3 -3 1 3 5 6 8 9 10 15 19
-17 -14 -11 -10 -7 -5 -5 -3 -3 -1 3 6 6 8 9 10 15 19
-17 -14 -11 -10 -6 -6 -5 -3 -3 -1 3 5 7 8 9 10 15 19
-17 -14 -11 -9 -8 -7 -6 -3 -1 3 3 5 5 6 10 10 15 19
-17 -14 -11 -9 -8 -7 -5 -5 1 3 3 3 6 6 10 10 15 19
-17 -14 -11 -9 -8 -7 -3 -3 -3 -1 5 5 6 6 10 10 15 19
-17 -14 -11 -9 -8 -6 -6 -5 1 3 3 3 5 7 10 10 15 19
-17 -14 -11 -9 -8 -6 -5 -5 -1 3 3 3 6 7 10 10 15 19
-17 -14 -11 -9 -8 -6 -5 -3 -3 1 3 5 6 7 10 10 15 19
-17 -14 -11 -9 -8 -5 -5 -3 -3 -1 3 6 6 7 10 10 15 19
-17 -14 -11 -9 -7 -6 -6 -5 -1 3 3 3 5 8 10 10 15 19
-17 -14 -11 -9 -7 -6 -6 -3 -3 1 3 5 5 8 10 10 15 19
-17 -14 -11 -9 -7 -6 -5 -3 -3 -1 3 5 6 8 10 10 15 19
-17 -14 -11 -9 -6 -6 -5 -5 -3 1 3 3 7 8 10 10 15 19
-17 -14 -11 -9 -6 -5 -5 -3 -3 -3 1 6 7 8 10 10 15 19
-17 -14 -11 -8 -7 -6 -6 -3 -3 -1 3 5 5 9 10 10 15 19
-17 -14 -11 -8 -7 -6 -5 -5 -3 1 3 3 6 9 10 10 15 19
-17 -14 -11 -8 -7 -5 -5 -3 -3 -3 1 6 6 9 10 10 15 19
-17 -14 -11 -8 -6 -6 -5 -5 -3 -1 3 3 7 9 10 10 15 19
-17 -14 -11 -8 -6 -6 -5 -3 -3 -3 1 5 7 9 10 10 15 19
-17 -14 -11 -8 -6 -5 -5 -3 -3 -3 -1 6 7 9 10 10 15 19
-17 -14 -11 -7 -6 -6 -5 -3 -3 -3 -1 5 8 9 10 10 15 19
-17 -14 -10 -10 -9 -8 -7 -1 3 3 3 5 5 6 6 11 15 19
-17 -14 -10 -10 -9 -8 -5 -3 1 3 3 5 6 6 7 11 15 19
-17 -14 -10 -10 -9 -7 -6 -3 1 3 3 5 5 6 8 11 15 19
-17 -14 -10 -10 -9 -7 -5 -3 -1 3 3 5 6 6 8 11 15 19
-17 -14 -10 -10 -9 -7 -3 -3 -3 1 5 5 6 6 8 11 15 19
-17 -14 -10 -10 -9 -6 -6 -3 -1 3 3 5 5 7 8 11 15 19
-17 -14 -10 -10 -9 -6 -5 -5 1 3 3 3 6 7 8 11 15 19
-17 -14 -10 -10 -9 -6 -3 -3 -3 -1 5 5 6 7 8 11 15 19
-17 -14 -10 -10 -9 -5 -5 -3 -3 1 3 6 6 7 8 11 15 19
-17 -14 -10 -10 -8 -7 -6 -3 -1 3 3 5 5 6 9 11 15 19
-17 -14 -10 -10 -8 -7 -5 -5 1 3 3 3 6 6 9 11 15 19
-17 -14 -10 -10 -8 -7 -3 -3 -3 -1 5 5 6 6 9 11 15 19
-17 -14 -10 -10 -8 -6 -6 -5 1 3 3 3 5 7 9 11 15 19
-17 -14 -10 -10 -8 -6 -5 -5 -1 3 3 3 6 7 9 11 15 19
-17 -14 -10 -10 -8 -6 -5 -3 -3 1 3 5 6 7 9 11 15 19
-17 -14 -10 -10 -8 -5 -5 -3 -3 -1 3 6 6 7 9 11 15 19
-17 -14 -10 -10 -7 -6 -6 -5 -1 3 3 3 5 8 9 11 15 19
-17 -14 -10 -10 -7 -6 -6 -3 -3 1 3 5 5 8 9 11 15 19
-17 -14 -10 -10 -7 -6 -5 -3 -3 -1 3 5 6 8 9 11 15 19
-17 -14 -10 -10 -6 -6 -5 -5 -3 1 3 3 7 8 9 11 15 19
-17 -14 -10 -10 -6 -5 -5 -3 -3 -3 1 6 7 8 9 11 15 19
-17 -14 -10 -9 -8 -7 -6 -5 1 3 3 3 5 6 10 11 15 19
-17 -14 -10 -9 -8 -7 -5 -5 -1 3 3 3 6 6 10 11 15 19
-17 -14 -10 -9 -8 -7 -5 -3 -3 1 3 5 6 6 10 11 15 19
-17 -14 -10 -9 -8 -6 -6 -5 -1 3 3 3 5 7 10 11 15 19
-17 -14 -10 -9 -8 -6 -6 -3 -3 1 3 5 5 7 10 11 15 19
-17 -14 -10 -9 -8 -6 -5 -3 -3 -1 3 5 6 7 10 11 15 19
-17 -14 -10 -9 -7 -6 -6 -3 -3 -1 3 5 5 8 10 11 15 19
-17 -14 -10 -9 -7 -6 -5 -5 -3 1 3 3 6 8 10 11 15 19
-17 -14 -10 -9 -7 -5 -5 -3 -3 -3 1 6 6 8 10 11 15 19
-17 -14 -10 -9 -6 -6 -5 -5 -3 -1 3 3 7 8 10 11 15 19
-17 -14 -10 -9 -6 -6 -5 -3 -3 -3 1 5 7 8 10 11 15 19
-17 -14 -10 -9 -6 -5 -5 -3 -3 -3 -1 6 7 8 10 11 15 19
-17 -14 -10 -8 -7 -6 -6 -5 -3 1 3 3 5 9 10 11 15 19
-17 -14 -10 -8 -7 -6 -5 -5 -3 -1 3 3 6 9 10 11 15 19
-17 -14 -10 -8 -7 -6 -5 -3 -3 -3 1 5 6 9 10 11 15 19
-17 -14 -10 -8 -7 -5 -5 -3 -3 -3 -1 6 6 9 10 11 15 19
-17 -14 -10 -8 -6 -6 -5 -3 -3 -3 -1 5 7 9 10 11 15 19
-17 -14 -10 -7 -6 -6 -5 -5 -3 -3 1 3 8 9 10 11 15 19
-17 -14 -9 -8 -7 -6 -6 -5 -3 -1 3 3 5 10 10 11 15 19
-17 -14 -9 -8 -7 -6 -6 -3 -3 -3 1 5 5 10 10 11 15 19
-17 -14 -9 -8 -7 -6 -5 -3 -3 -3 -1 5 6 10 10 11 15 19
-17 -14 -9 -8 -6 -6 -5 -5 -3 -3 1 3 7 10 10 11 15 19
-17 -14 -9 -7 -6 -6 -5 -5 -3 -3 -1 3 8 10 10 11 15 19
-17 -11 -10 -10 -9 -8 -7 -3 -1 3 3 5 5 6 6 14 15 19
-17 -11 -10 -10 -9 -8 -6 -5 1 3 3 3 5 6 7 14 15 19
-17 -11 -10 -10 -9 -8 -5 -5 -1 3 3 3 6 6 7 14 15 19
-17 -11 -10 -10 -9 -8 -5 -3 -3 1 3 5 6 6 7 14 15 19
-17 -11 -10 -10 -9 -7 -6 -6 1 3 3 3 5 5 8 14 15 19
-17 -11 -10 -10 -9 -7 -6 -5 -1 3 3 3 5 6 8 14 15 19
-17 -11 -10 -10 -9 -7 -6 -3 -3 1 3 5 5 6 8 14 15 19
-17 -11 -10 -10 -9 -7 -5 -3 -3 -1 3 5 6 6 8 14 15 19
-17 -11 -10 -10 -9 -6 -6 -3 -3 -1 3 5 5 7 8 14 15 19
-17 -11 -10 -10 -9 -6 -5 -5 -3 1 3 3 6 7 8 14 15 19
-17 -11 -10 -10 -9 -5 -5 -3 -3 -3 1 6 6 7 8 14 15 19
-17 -11 -10 -10 -8 -7 -6 -6 -1 3 3 3 5 5 9 14 15 19
-17 -11 -10 -10 -8 -7 -6 -3 -3 -1 3 5 5 6 9 14 15 19
-17 -11 -10 -10 -8 -7 -5 -5 -3 1 3 3 6 6 9 14 15 19
-17 -11 -10 -10 -8 -6 -6 -5 -3 1 3 3 5 7 9 14 15 19
-17 -11 -10 -10 -8 -6 -5 -5 -3 -1 3 3 6 7 9 14 15 19
-17 -11 -10 -10 -8 -6 -5 -3 -3 -3 1 5 6 7 9 14 15 19
-17 -11 -10 -10 -8 -5 -5 -3 -3 -3 -1 6 6 7 9 14 15 19
-17 -11 -10 -10 -7 -6 -6 -5 -3 -1 3 3 5 8 9 14 15 19
-17 -11 -10 -10 -7 -6 -6 -3 -3 -3 1 5 5 8 9 14 15 19
-17 -11 -10 -10 -7 -6 -5 -3 -3 -3 -1 5 6 8 9 14 15 19
-17 -11 -10 -10 -6 -6 -5 -5 -3 -3 1 3 7 8 9 14 15 19
-17 -11 -10 -9 -8 -7 -6 -5 -3 1 3 3 5 6 10 14 15 19
-17 -11 -10 -9 -8 -7 -5 -5 -3 -1 3 3 6 6 10 14 15 19
-17 -11 -10 -9 -8 -7 -5 -3 -3 -3 1 5 6 6 10 14 15 19
-17 -11 -10 -9 -8 -6 -6 -5 -3 -1 3 3 5 7 10 14 15 19
-17 -11 -10 -9 -8 -6 -6 -3 -3 -3 1 5 5 7 10 14 15 19
-17 -11 -10 -9 -8 -6 -5 -3 -3 -3 -1 5 6 7 10 14 15 19
-17 -11 -10 -9 -7 -6 -6 -5 -5 1 3 3 3 8 10 14 15 19
-17 -11 -10 -9 -7 -6 -6 -3 -3 -3 -1 5 5 8 10 14 15 19
-17 -11 -10 -9 -7 -6 -5 -5 -3 -3 1 3 6 8 10 14 15 19
-17 -11 -10 -9 -6 -6 -5 -5 -3 -3 -1 3 7 8 10 14 15 19
-17 -11 -10 -8 -7 -6 -6 -5 -5 -1 3 3 3 9 10 14 15 19
-17 -11 -10 -8 -7 -6 -6 -5 -3 -3 1 3 5 9 10 14 15 19
-17 -11 -10 -8 -7 -6 -5 -5 -3 -3 -1 3 6 9 10 14 15 19
-17 -11 -10 -7 -6 -6 -5 -5 -3 -3 -3 1 8 9 10 14 15 19
-17 -11 -9 -8 -7 -6 -6 -5 -3 -3 -1 3 5 10 10 14 15 19
-17 -11 -9 -8 -6 -6 -5 -5 -3 -3 -3 1 7 10 10 14 15 19
-17 -11 -9 -7 -6 -6 -5 -5 -3 -3 -3 -1 8 10 10 14 15 19
-17 -10 -10 -9 -8 -7 -6 -6 -3 1 3 3 5 5 11 14 15 19
-17 -10 -10 -9 -8 -7 -6 -5 -3 -1 3 3 5 6 11 14 15 19
-17 -10 -10 -9 -8 -7 -6 -3 -3 -3 1 5 5 6 11 14 15 19
-17 -10 -10 -9 -8 -7 -5 -3 -3 -3 -1 5 6 6 11 14 15 19
-17 -10 -10 -9 -8 -6 -6 -5 -5 1 3 3 3 7 11 14 15 19
-17 -10 -10 -9 -8 -6 -6 -3 -3 -3 -1 5 5 7 11 14 15 19
-17 -10 -10 -9 -8 -6 -5 -5 -3 -3 1 3 6 7 11 14 15 19
-17 -10 -10 -9 -7 -6 -6 -5 -5 -1 3 3 3 8 11 14 15 19
-17 -10 -10 -9 -7 -6 -6 -5 -3 -3 1 3 5 8 11 14 15 19
-17 -10 -10 -9 -7 -6 -5 -5 -3 -3 -1 3 6 8 11 14 15 19
-17 -10 -10 -8 -7 -6 -6 -5 -3 -3 -1 3 5 9 11 14 15 19
-17 -10 -10 -8 -6 -6 -5 -5 -3 -3 -3 1 7 9 11 14 15 19
-17 -10 -10 -7 -6 -6 -5 -5 -3 -3 -3 -1 8 9 11 14 15 19
-17 -10 -9 -8 -7 -6 -6 -5 -5 -3 1 3 3 10 11 14 15 19
-17 -10 -9 -8 -7 -6 -5 -5 -3 -3 -3 1 6 10 11 14 15 19
-17 -10 -9 -8 -6 -6 -5 -5 -3 -3 -3 -1 7 10 11 14 15 19
-15 -14 -11 -10 -10 -9 -7 1 3 3 3 5 5 6 6 8 17 19
-15 -14 -11 -10 -10 -9 -6 -1 3 3 3 5 5 6 7 8 17 19
-15 -14 -11 -10 -10 -9 -3 -3 -1 3 5 5 6 6 7 8 17 19
-15 -14 -11 -10 -10 -8 -7 -1 3 3 3 5 5 6 6 9 17 19
-15 -14 -11 -10 -10 -8 -5 -3 1 3 3 5 6 6 7 9 17 19
-15 -14 -11 -10 -10 -7 -6 -3 1 3 3 5 5 6 8 9 17 19
-15 -14 -11 -10 -10 -7 -5 -3 -1 3 3 5 6 6 8 9 17 19
-15 -14 -11 -10 -10 -7 -3 -3 -3 1 5 5 6 6 8 9 17 19
-15 -14 -11 -10 -10 -6 -6 -3 -1 3 3 5 5 7 8 9 17 19
-15 -14 -11 -10 -10 -6 -5 -5 1 3 3 3 6 7 8 9 17 19
-15 -14 -11 -10 -10 -6 -3 -3 -3 -1 5 5 6 7 8 9 17 19
-15 -14 -11 -10 -10 -5 -5 -3 -3 1 3 6 6 7 8 9 17 19
-15 -14 -11 -10 -9 -8 -6 -3 1 3 3 5 5 6 7 10 17 19
-15 -14 -11 -10 -9 -8 -5 -3 -1 3 3 5 6 6 7 10 17 19
-15 -14 -11 -10 -9 -8 -3 -3 -3 1 5 5 6 6 7 10 17 19
-15 -14 -11 -10 -9 -7 -6 -3 -1 3 3 5 5 6 8 10 17 19
-15 -14 -11 -10 -9 -7 -5 -5 1 3 3 3 6 6 8 10 17 19
-15 -14 -11 -10 -9 -7 -3 -3 -3 -1 5 5 6 6 8 10 17 19
-15 -14 -11 -10 -9 -6 -6 -5 1 3 3 3 5 7 8 10 17 19
-15 -14 -11 -10 -9 -6 -5 -5 -1 3 3 3 6 7 8 10 17 19
-15 -14 -11 -10 -9 -6 -5 -3 -3 1 3 5 6 7 8 10 17 19
-15 -14 -11 -10 -9 -5 -5 -3 -3 -1 3 6 6 7 8 10 17 19
-15 -14 -11 -10 -8 -7 -6 -5 1 3 3 3 5 6 9 10 17 19
-15 -14 -11 -10 -8 -7 -5 -5 -1 3 3 3 6 6 9 10 17 19
-15 -14 -11 -10 -8 -7 -5 -3 -3 1 3 5 6 6 9 10 17 19
-15 -14 -11 -10 -8 -6 -6 -5 -1 3 3 3 5 7 9 10 17 19
-15 -14 -11 -10 -8 -6 -6 -3 -3 1 3 5 5 7 9 10 17 19
-15 -14 -11 -10 -8 -6 -5 -3 -3 -1 3 5 6 7 9 10 17 19
-15 -14 -11 -10 -7 -6 -6 -3 -3 -1 3 5 5 8 9 10 17 19
-15 -14 -11 -10 -7 -6 -5 -5 -3 1 3 3 6 8 9 10 17 19
-15 -14 -11 -10 -7 -5 -5 -3 -3 -3 1 6 6 8 9 10 17 19
-15 -14 -11 -10 -6 -6 -5 -5 -3 -1 3 3 7 8 9 10 17 19
-15 -14 -11 -10 -6 -6 -5 -3 -3 -3 1 5 7 8 9 10 17 19
-15 -14 -11 -10 -6 -5 -5 -3 -3 -3 -1 6 7 8 9 10 17 19
-15 -14 -11 -9 -8 -7 -6 -6 1 3 3 3 5 5 10 10 17 19
-15 -14 -11 -9 -8 -7 -6 -5 -1 3 3 3 5 6 10 10 17 19
-15 -14 -11 -9 -8 -7 -6 -3 -3 1 3 5 5 6 10 10 17 19
-15 -14 -11 -9 -8 -7 -5 -3 -3 -1 3 5 6 6 10 10 17 19
-15 -14 -11 -9 -8 -6 -6 -3 -3 -1 3 5 5 7 10 10 17 19
-15 -14 -11 -9 -8 -6 -5 -5 -3 1 3 3 6 7 10 10 17 19
-15 -14 -11 -9 -8 -5 -5 -3 -3 -3 1 6 6 7 10 10 17 19
-15 -14 -11 -9 -7 -6 -6 -5 -3 1 3 3 5 8 10 10 17 19
-15 -14 -11 -9 -7 -6 -5 -5 -3 -1 3 3 6 8 10 10 17 19
-15 -14 -11 -9 -7 -6 -5 -3 -3 -3 1 5 6 8 10 10 17 19
-15 -14 -11 -9 -7 -5 -5 -3 -3 -3 -1 6 6 8 10 10 17 19
-15 -14 -11 -9 -6 -6 -5 -3 -3 -3 -1 5 7 8 10 10 17 19
-15 -14 -11 -8 -7 -6 -6 -5 -3 -1 3 3 5 9 10 10 17 19
-15 -14 -11 -8 -7 -6 -6 -3 -3 -3 1 5 5 9 10 10 17 19
-15 -14 -11 -8 -7 -6 -5 -3 -3 -3 -1 5 6 9 10 10 17 19
-15 -14 -11 -8 -6 -6 -5 -5 -3 -3 1 3 7 9 10 10 17 19
-15 -14 -11 -7 -6 -6 -5 -5 -3 -3 -1 3 8 9 10 10 17 19
-15 -14 -10 -10 -9 -8 -7 -3 1 3 3 5 5 6 6 11 17 19
-15 -14 -10 -10 -9 -8 -6 -3 -1 3 3 5 5 6 7 11 17 19
-15 -14 -10 -10 -9 -8 -5 -5 1 3 3 3 6 6 7 11 17 19
-15 -14 -10 -10 -9 -8 -3 -3 -3 -1 5 5 6 6 7 11 17 19
-15 -14 -10 -10 -9 -7 -6 -5 1 3 3 3 5 6 8 11 17 19
-15 -14 -10 -10 -9 -7 -5 -5 -1 3 3 3 6 6 8 11 17 19
-15 -14 -10 -10 -9 -7 -5 -3 -3 1 3 5 6 6 8 11 17 19
-15 -14 -10 -10 -9 -6 -6 -5 -1 3 3 3 5 7 8 11 17 19
-15 -14 -10 -10 -9 -6 -6 -3 -3 1 3 5 5 7 8 11 17 19
-15 -14 -10 -10 -9 -6 -5 -3 -3 -1 3 5 6 7 8 11 17 19
-15 -14 -10 -10 -8 -7 -6 -6 1 3 3 3 5 5 9 11 17 19
-15 -14 -10 -10 -8 -7 -6 -5 -1 3 3 3 5 6 9 11 17 19
-15 -14 -10 -10 -8 -7 -6 -3 -3 1 3 5 5 6 9 11 17 19
-15 -14 -10 -10 -8 -7 -5 -3 -3 -1 3 5 6 6 9 11 17 19
-15 -14 -10 -10 -8 -6 -6 -3 -3 -1 3 5 5 7 9 11 17 19
-15 -14 -10 -10 -8 -6 -5 -5 -3 1 3 3 6 7 9 11 17 19
-15 -14 -10 -10 -8 -5 -5 -3 -3 -3 1 6 6 7 9 11 17 19
-15 -14 -10 -10 -7 -6 -6 -5 -3 1 3 3 5 8 9 11 17 19
-15 -14 -10 -10 -7 -6 -5 -5 -3 -1 3 3 6 8 9 11 17 19
-15 -14 -10 -10 -7 -6 -5 -3 -3 -3 1 5 6 8 9 11 17 19
-15 -14 -10 -10 -7 -5 -5 -3 -3 -3 -1 6 6 8 9 11 17 19
-15 -14 -10 -10 -6 -6 -5 -3 -3 -3 -1 5 7 8 9 11 17 19
-15 -14 -10 -9 -8 -7 -6 -6 -1 3 3 3 5 5 10 11 17 19
-15 -14 -10 -9 -8 -7 -6 -3 -3 -1 3 5 5 6 10 11 17 19
-15 -14 -10 -9 -8 -7 -5 -5 -3 1 3 3 6 6 10 11 17 19
-15 -14 -10 -9 -8 -6 -6 -5 -3 1 3 3 5 7 10 11 17 19
-15 -14 -10 -9 -8 -6 -5 -5 -3 -1 3 3 6 7 10 11 17 19
-15 -14 -10 -9 -8 -6 -5 -3 -3 -3 1 5 6 7 10 11 17 19
-15 -14 -10 -9 -8 -5 -5 -3 -3 -3 -1 6 6 7 10 11 17 19
-15 -14 -10 -9 -7 -6 -6 -5 -3 -1 3 3 5 8 10 11 17 19
-15 -14 -10 -9 -7 -6 -6 -3 -3 -3 1 5 5 8 10 11 17 19
-15 -14 -10 -9 -7 -6 -5 -3 -3 -3 -1 5 6 8 10 11 17 19
-15 -14 -10 -9 -6 -6 -5 -5 -3 -3 1 3 7 8 10 11 17 19
-15 -14 -10 -8 -7 -6 -6 -5 -5 1 3 3 3 9 10 11 17 19
-15 -14 -10 -8 -7 -6 -6 -3 -3 -3 -1 5 5 9 10 11 17 19
-15 -14 -10 -8 -7 -6 -5 -5 -3 -3 1 3 6 9 10 11 17 19
-15 -14 -10 -8 -6 -6 -5 -5 -3 -3 -1 3 7 9 10 11 17 19
-15 -14 -9 -8 -7 -6 -6 -5 -5 -1 3 3 3 10 10 11 17 19
-15 -14 -9 -8 -7 -6 -6 -5 -3 -3 1 3 5 10 10 11 17 19
-15 -14 -9 -8 -7 -6 -5 -5 -3 -3 -1 3 6 10 10 11 17 19
-15 -14 -9 -7 -6 -6 -5 -5 -3 -3 -3 1 8 10 10 11 17 19
-15 -14 -8 -7 -6 -6 -5 -5 -3 -3 -3 -1 9 10 10 11 17 19
-15 -11 -10 -10 -9 -8 -7 -6 1 3 3 3 5 5 6 14 17 19
-15 -11 -10 -10 -9 -8 -7 -5 -1 3 3 3 5 6 6 14 17 19
-15 -11 -10 -10 -9 -8 -7 -3 -3 1 3 5 5 6 6 14 17 19
-15 -11 -10 -10 -9 -8 -6 -6 -1 3 3 3 5 5 7 14 17 19
-15 -11 -10 -10 -9 -8 -6 -3 -3 -1 3 5 5 6 7 14 17 19
-15 -11 -10 -10 -9 -8 -5 -5 -3 1 3 3 6 6 7 14 17 19
-15 -11 -10 -10 -9 -7 -6 -5 -3 1 3 3 5 6 8 14 17 19
-15 -11 -10 -10 -9 -7 -5 -5 -3 -1 3 3 6 6 8 14 17 19
-15 -11 -10 -10 -9 -7 -5 -3 -3 -3 1 5 6 6 8 14 17 19
-15 -11 -10 -10 -9 -6 -6 -5 -3 -1 3 3 5 7 8 14 17 19
-15 -11 -10 -10 -9 -6 -6 -3 -3 -3 1 5 5 7 8 14 17 19
-15 -11 -10 -10 -9 -6 -5 -3 -3 -3 -1 5 6 7 8 14 17 19
-15 -11 -10 -10 -8 -7 -6 -6 -3 1 3 3 5 5 9 14 17 19
-15 -11 -10 -10 -8 -7 -6 -5 -3 -1 3 3 5 6 9 14 17 19
-15 -11 -10 -10 -8 -7 -6 -3 -3 -3 1 5 5 6 9 14 17 19
-15 -11 -10 -10 -8 -7 -5 -3 -3 -3 -1 5 6 6 9 14 17 19
-15 -11 -10 -10 -8 -6 -6 -5 -5 1 3 3 3 7 9 14 17 19
-15 -11 -10 -10 -8 -6 -6 -3 -3 -3 -1 5 5 7 9 14 17 19
-15 -11 -10 -10 -8 -6 -5 -5 -3 -3 1 3 6 7 9 14 17 19
-15 -11 -10 -10 -7 -6 -6 -5 -5 -1 3 3 3 8 9 14 17 19
-15 -11 -10 -10 -7 -6 -6 -5 -3 -3 1 3 5 8 9 14 17 19
-15 -11 -10 -10 -7 -6 -5 -5 -3 -3 -1 3 6 8 9 14 17 19
-15 -11 -10 -9 -8 -7 -6 -6 -3 -1 3 3 5 5 10 14 17 19
-15 -11 -10 -9 -8 -7 -6 -5 -5 1 3 3 3 6 10 14 17 19
-15 -11 -10 -9 -8 -7 -6 -3 -3 -3 -1 5 5 6 10 14 17 19
-15 -11 -10 -9 -8 -7 -5 -5 -3 -3 1 3 6 6 10 14 17 19
-15 -11 -10 -9 -8 -6 -6 -5 -5 -1 3 3 3 7 10 14 17 19
-15 -11 -10 -9 -8 -6 -6 -5 -3 -3 1 3 5 7 10 14 17 19
-15 -11 -10 -9 -8 -6 -5 -5 -3 -3 -1 3 6 7 10 14 17 19
-15 -11 -10 -9 -7 -6 -6 -5 -3 -3 -1 3 5 8 10 14 17 19
-15 -11 -10 -9 -6 -6 -5 -5 -3 -3 -3 1 7 8 10 14 17 19
-15 -11 -10 -8 -7 -6 -6 -5 -5 -3 1 3 3 9 10 14 17 19
-15 -11 -10 -8 -7 -6 -5 -5 -3 -3 -3 1 6 9 10 14 17 19
-15 -11 -10 -8 -6 -6 -5 -5 -3 -3 -3 -1 7 9 10 14 17 19
-15 -11 -9 -8 -7 -6 -6 -5 -5 -3 -1 3 3 10 10 14 17 19
-15 -11 -9 -8 -7 -6 -6 -5 -3 -3 -3 1 5 10 10 14 17 19
-15 -11 -9 -8 -7 -6 -5 -5 -3 -3 -3 -1 6 10 10 14 17 19
-15 -10 -10 -9 -8 -7 -6 -6 -5 1 3 3 3 5 11 14 17 19
-15 -10 -10 -9 -8 -7 -6 -5 -5 -1 3 3 3 6 11 14 17 19
-15 -10 -10 -9 -8 -7 -6 -5 -3 -3 1 3 5 6 11 14 17 19
-15 -10 -10 -9 -8 -7 -5 -5 -3 -3 -1 3 6 6 11 14 17 19
-15 -10 -10 -9 -8 -6 -6 -5 -3 -3 -1 3 5 7 11 14 17 19
-15 -10 -10 -9 -7 -6 -6 -5 -5 -3 1 3 3 8 11 14 17 19
-15 -10 -10 -9 -7 -6 -5 -5 -3 -3 -3 1 6 8 11 14 17 19
-15 -10 -10 -9 -6 -6 -5 -5 -3 -3 -3 -1 7 8 11 14 17 19
-15 -10 -10 -8 -7 -6 -6 -5 -5 -3 -1 3 3 9 11 14 17 19
-15 -10 -10 -8 -7 -6 -6 -5 -3 -3 -3 1 5 9 11 14 17 19
-15 -10 -10 -8 -7 -6 -5 -5 -3 -3 -3 -1 6 9 11 14 17 19
-15 -10 -9 -8 -7 -6 -6 -5 -3 -3 -3 -1 5 10 11 14 17 19
-14 -11 -10 -10 -9 -8 -7 -6 -1 3 3 3 5 5 6 15 17 19
-14 -11 -10 -10 -9 -8 -7 -3 -3 -1 3 5 5 6 6 15 17 19
-14 -11 -10 -10 -9 -8 -6 -5 -3 1 3 3 5 6 7 15 17 19
-14 -11 -10 -10 -9 -8 -5 -5 -3 -1 3 3 6 6 7 15 17 19
-14 -11 -10 -10 -9 -8 -5 -3 -3 -3 1 5 6 6 7 15 17 19
-14 -11 -10 -10 -9 -7 -6 -6 -3 1 3 3 5 5 8 15 17 19
-14 -11 -10 -10 -9 -7 -6 -5 -3 -1 3 3 5 6 8 15 17 19
-14 -11 -10 -10 -9 -7 -6 -3 -3 -3 1 5 5 6 8 15 17 19
-14 -11 -10 -10 -9 -7 -5 -3 -3 -3 -1 5 6 6 8 15 17 19
-14 -11 -10 -10 -9 -6 -6 -5 -5 1 3 3 3 7 8 15 17 19
-14 -11 -10 -10 -9 -6 -6 -3 -3 -3 -1 5 5 7 8 15 17 19
-14 -11 -10 -10 -9 -6 -5 -5 -3 -3 1 3 6 7 8 15 17 19
-14 -11 -10 -10 -8 -7 -6 -6 -3 -1 3 3 5 5 9 15 17 19
-14 -11 -10 -10 -8 -7 -6 -5 -5 1 3 3 3 6 9 15 17 19
-14 -11 -10 -10 -8 -7 -6 -3 -3 -3 -1 5 5 6 9 15 17 19
-14 -11 -10 -10 -8 -7 -5 -5 -3 -3 1 3 6 6 9 15 17 19
-14 -11 -10 -10 -8 -6 -6 -5 -5 -1 3 3 3 7 9 15 17 19
-14 -11 -10 -10 -8 -6 -6 -5 -3 -3 1 3 5 7 9 15 17 19
-14 -11 -10 -10 -8 -6 -5 -5 -3 -3 -1 3 6 7 9 15 17 19
-14 -11 -10 -10 -7 -6 -6 -5 -3 -3 -1 3 5 8 9 15 17 19
-14 -11 -10 -10 -6 -6 -5 -5 -3 -3 -3 1 7 8 9 15 17 19
-14 -11 -10 -9 -8 -7 -6 -6 -5 1 3 3 3 5 10 15 17 19
-14 -11 -10 -9 -8 -7 -6 -5 -5 -1 3 3 3 6 10 15 17 19
-14 -11 -10 -9 -8 -7 -6 -5 -3 -3 1 3 5 6 10 15 17 19
-14 -11 -10 -9 -8 -7 -5 -5 -3 -3 -1 3 6 6 10 15 17 19
-14 -11 -10 -9 -8 -6 -6 -5 -3 -3 -1 3 5 7 10 15 17 19
-14 -11 -10 -9 -7 -6 -6 -5 -5 -3 1 3 3 8 10 15 17 19
-14 -11 -10 -9 -7 -6 -5 -5 -3 -3 -3 1 6 8 10 15 17 19
-14 -11 -10 -9 -6 -6 -5 -5 -3 -3 -3 -1 7 8 10 15 17 19
-14 -11 -10 -8 -7 -6 -6 -5 -5 -3 -1 3 3 9 10 15 17 19
-14 -11 -10 -8 -7 -6 -6 -5 -3 -3 -3 1 5 9 10 15 17 19
-14 -11 -10 -8 -7 -6 -5 -5 -3 -3 -3 -1 6 9 10 15 17 19
-14 -11 -9 -8 -7 -6 -6 -5 -3 -3 -3 -1 5 10 10 15 17 19
-14 -10 -10 -9 -8 -7 -6 -6 -5 -1 3 3 3 5 11 15 17 19
-14 -10 -10 -9 -8 -7 -6 -6 -3 -3 1 3 5 5 11 15 17 19
-14 -10 -10 -9 -8 -7 -6 -5 -3 -3 -1 3 5 6 11 15 17 19
-14 -10 -10 -9 -8 -6 -6 -5 -5 -3 1 3 3 7 11 15 17 19
-14 -10 -10 -9 -8 -6 -5 -5 -3 -3 -3 1 6 7 11 15 17 19
-14 -10 -10 -9 -7 -6 -6 -5 -5 -3 -1 3 3 8 11 15 17 19
-14 -10 -10 -9 -7 -6 -6 -5 -3 -3 -3 1 5 8 11 15 17 19
-14 -10 -10 -9 -7 -6 -5 -5 -3 -3 -3 -1 6 8 11 15 17 19
-14 -10 -10 -8 -7 -6 -6 -5 -3 -3 -3 -1 5 9 11 15 17 19
-14 -10 -9 -8 -7 -6 -6 -5 -5 -3 -3 1 3 10 11 15 17 19
-11 -10 -10 -9 -8 -7 -6 -6 -5 -3 -1 3 3 5 14 15 17 19
-11 -10 -10 -9 -8 -7 -6 -6 -3 -3 -3 1 5 5 14 15 17 19
-11 -10 -10 -9 -8 -7 -6 -5 -3 -3 -3 -1 5 6 14 15 17 19
-11 -10 -10 -9 -8 -6 -6 -5 -5 -3 -3 1 3 7 14 15 17 19
-11 -10 -10 -9 -7 -6 -6 -5 -5 -3 -3 -1 3 8 14 15 17 19
-11 -10 -9 -8 -7 -6 -6 -5 -5 -3 -3 -3 1 10 14 15 17 19
-10 -10 -9 -8 -7 -6 -6 -5 -5 -3 -3 -3 -1 11 14 15 17 19
