-13 -13 -12 -8 -7 -2 0 3 3 3 4 4 5 5 5 6 7 8
-13 -13 -12 -8 -6 -3 0 2 3 3 4 4 5 5 5 7 7 8
-13 -13 -12 -8 -5 -4 0 2 3 3 3 4 5 5 6 7 7 8
-13 -13 -12 -8 -4 -3 -2 0 3 3 4 5 5 5 6 7 7 8
-13 -13 -12 -8 -3 -3 -3 0 2 4 4 5 5 5 6 7 7 8
-13 -13 -12 -7 -7 -3 0 2 3 3 4 4 5 5 5 6 8 8
-13 -13 -12 -7 -6 -4 0 2 3 3 3 4 5 5 5 7 8 8
-13 -13 -12 -7 -5 -5 0 2 3 3 3 4 4 5 6 7 8 8
-13 -13 -12 -7 -5 -3 -2 0 3 3 4 4 5 5 6 7 8 8
-13 -13 -12 -7 -4 -4 -2 0 3 3 3 5 5 5 6 7 8 8
-13 -13 -12 -7 -4 -3 -3 0 2 3 4 5 5 5 6 7 8 8
-13 -13 -12 -6 -5 -4 -2 0 3 3 3 4 5 5 7 7 8 8
-13 -13 -12 -6 -5 -3 -3 0 2 3 4 4 5 5 7 7 8 8
-13 -13 -12 -6 -4 -4 -3 0 2 3 3 5 5 5 7 7 8 8
-13 -13 -12 -6 -3 -3 -3 -2 0 4 4 5 5 5 7 7 8 8
-13 -13 -12 -5 -5 -5 -2 0 3 3 3 4 4 6 7 7 8 8
-13 -13 -12 -5 -5 -4 -3 0 2 3 3 4 5 6 7 7 8 8
-13 -13 -12 -5 -4 -3 -3 -2 0 3 4 5 5 6 7 7 8 8
-13 -13 -12 -4 -4 -3 -3 -3 0 2 5 5 5 6 7 7 8 8
-13 -13 -8 -8 -7 -6 0 2 3 3 3 4 4 5 5 5 7 12
-13 -13 -8 -8 -7 -4 -2 0 3 3 3 4 5 5 5 6 7 12
-13 -13 -8 -8 -7 -3 -3 0 2 3 4 4 5 5 5 6 7 12
-13 -13 -8 -8 -6 -5 -2 0 3 3 3 4 4 5 5 7 7 12
-13 -13 -8 -8 -6 -4 -3 0 2 3 3 4 5 5 5 7 7 12
-13 -13 -8 -8 -5 -5 -3 0 2 3 3 4 4 5 6 7 7 12
-13 -13 -8 -8 -5 -4 -4 0 2 3 3 3 5 5 6 7 7 12
-13 -13 -8 -8 -5 -3 -3 -2 0 3 4 4 5 5 6 7 7 12
-13 -13 -8 -8 -4 -4 -3 -2 0 3 3 5 5 5 6 7 7 12
-13 -13 -8 -8 -4 -3 -3 -3 0 2 4 5 5 5 6 7 7 12
-13 -13 -8 -7 -7 -5 -2 0 3 3 3 4 4 5 5 6 8 12
-13 -13 -8 -7 -7 -4 -3 0 2 3 3 4 5 5 5 6 8 12
-13 -13 -8 -7 -6 -5 -3 0 2 3 3 4 4 5 5 7 8 12
-13 -13 -8 -7 -6 -4 -4 0 2 3 3 3 5 5 5 7 8 12
-13 -13 -8 -7 -6 -3 -3 -2 0 3 4 4 5 5 5 7 8 12
-13 -13 -8 -7 -5 -5 -4 0 2 3 3 3 4 5 6 7 8 12
-13 -13 -8 -7 -5 -4 -3 -2 0 3 3 4 5 5 6 7 8 12
-13 -13 -8 -7 -5 -3 -3 -3 0 2 4 4 5 5 6 7 8 12
-13 -13 -8 -7 -4 -4 -3 -3 0 2 3 5 5 5 6 7 8 12
-13 -13 -8 -6 -5 -5 -5 0 2 3 3 3 4 4 7 7 8 12
-13 -13 -8 -6 -5 -5 -3 -2 0 3 3 4 4 5 7 7 8 12
-13 -13 -8 -6 -5 -4 -4 -2 0 3 3 3 5 5 7 7 8 12
-13 -13 -8 -6 -5 -4 -3 -3 0 2 3 4 5 5 7 7 8 12
-13 -13 -8 -6 -4 -3 -3 -3 -2 0 4 5 5 5 7 7 8 12
-13 -13 -8 -5 -5 -5 -4 -2 0 3 3 3 4 6 7 7 8 12
-13 -13 -8 -5 -5 -5 -3 -3 0 2 3 4 4 6 7 7 8 12
-13 -13 -8 -5 -5 -4 -4 -3 0 2 3 3 5 6 7 7 8 12
-13 -13 -8 -5 -5 -3 -3 -3 -2 0 4 4 5 6 7 7 8 12
-13 -13 -8 -5 -4 -4 -3 -3 -2 0 3 5 5 6 7 7 8 12
-13 -13 -7 -7 -6 -5 -4 0 2 3 3 3 4 5 5 8 8 12
-13 -13 -7 -7 -6 -4 -3 -2 0 3 3 4 5 5 5 8 8 12
-13 -13 -7 -7 -6 -3 -3 -3 0 2 4 4 5 5 5 8 8 12
-13 -13 -7 -7 -5 -5 -5 0 2 3 3 3 4 4 6 8 8 12
-13 -13 -7 -7 -5 -5 -3 -2 0 3 3 4 4 5 6 8 8 12
-13 -13 -7 -7 -5 -4 -4 -2 0 3 3 3 5 5 6 8 8 12
-13 -13 -7 -7 -5 -4 -3 -3 0 2 3 4 5 5 6 8 8 12
-13 -13 -7 -7 -4 -3 -3 -3 -2 0 4 5 5 5 6 8 8 12
-13 -13 -7 -6 -5 -5 -4 -2 0 3 3 3 4 5 7 8 8 12
-13 -13 -7 -6 -5 -5 -3 -3 0 2 3 4 4 5 7 8 8 12
-13 -13 -7 -6 -5 -4 -4 -3 0 2 3 3 5 5 7 8 8 12
-13 -13 -7 -6 -5 -3 -3 -3 -2 0 4 4 5 5 7 8 8 12
-13 -13 -7 -6 -4 -4 -3 -3 -2 0 3 5 5 5 7 8 8 12
-13 -13 -7 -5 -5 -5 -4 -3 0 2 3 3 4 6 7 8 8 12
-13 -13 -7 -5 -5 -4 -3 -3 -2 0 3 4 5 6 7 8 8 12
-13 -13 -7 -5 -4 -4 -3 -3 -3 0 2 5 5 6 7 8 8 12
-13 -13 -6 -5 -5 -5 -4 -4 0 2 3 3 3 7 7 8 8 12
-13 -13 -6 -5 -5 -5 -3 -3 -2 0 3 4 4 7 7 8 8 12
-13 -13 -6 -5 -5 -4 -4 -3 -2 0 3 3 5 7 7 8 8 12
-13 -13 -6 -5 -5 -4 -3 -3 -3 0 2 4 5 7 7 8 8 12
-13 -13 -5 -5 -5 -4 -4 -3 -3 0 2 3 6 7 7 8 8 12
-13 -13 -5 -5 -4 -4 -3 -3 -3 -2 0 5 6 7 7 8 8 12
-13 -12 -8 -8 -7 -7 0 2 3 3 3 4 4 5 5 5 6 13
-13 -12 -8 -8 -7 -5 -2 0 3 3 3 4 4 5 5 6 7 13
-13 -12 -8 -8 -7 -4 -3 0 2 3 3 4 5 5 5 6 7 13
-13 -12 -8 -8 -6 -5 -3 0 2 3 3 4 4 5 5 7 7 13
-13 -12 -8 -8 -6 -4 -4 0 2 3 3 3 5 5 5 7 7 13
-13 -12 -8 -8 -6 -3 -3 -2 0 3 4 4 5 5 5 7 7 13
-13 -12 -8 -8 -5 -5 -4 0 2 3 3 3 4 5 6 7 7 13
-13 -12 -8 -8 -5 -4 -3 -2 0 3 3 4 5 5 6 7 7 13
-13 -12 -8 -8 -5 -3 -3 -3 0 2 4 4 5 5 6 7 7 13
-13 -12 -8 -8 -4 -4 -3 -3 0 2 3 5 5 5 6 7 7 13
-13 -12 -8 -7 -7 -6 -2 0 3 3 3 4 4 5 5 5 8 13
-13 -12 -8 -7 -7 -5 -3 0 2 3 3 4 4 5 5 6 8 13
-13 -12 -8 -7 -7 -4 -4 0 2 3 3 3 5 5 5 6 8 13
-13 -12 -8 -7 -7 -3 -3 -2 0 3 4 4 5 5 5 6 8 13
-13 -12 -8 -7 -6 -5 -4 0 2 3 3 3 4 5 5 7 8 13
-13 -12 -8 -7 -6 -4 -3 -2 0 3 3 4 5 5 5 7 8 13
-13 -12 -8 -7 -6 -3 -3 -3 0 2 4 4 5 5 5 7 8 13
-13 -12 -8 -7 -5 -5 -5 0 2 3 3 3 4 4 6 7 8 13
-13 -12 -8 -7 -5 -5 -3 -2 0 3 3 4 4 5 6 7 8 13
-13 -12 -8 -7 -5 -4 -4 -2 0 3 3 3 5 5 6 7 8 13
-13 -12 -8 -7 -5 -4 -3 -3 0 2 3 4 5 5 6 7 8 13
-13 -12 -8 -7 -4 -3 -3 -3 -2 0 4 5 5 5 6 7 8 13
-13 -12 -8 -6 -5 -5 -4 -2 0 3 3 3 4 5 7 7 8 13
-13 -12 -8 -6 -5 -5 -3 -3 0 2 3 4 4 5 7 7 8 13
-13 -12 -8 -6 -5 -4 -4 -3 0 2 3 3 5 5 7 7 8 13
-13 -12 -8 -6 -5 -3 -3 -3 -2 0 4 4 5 5 7 7 8 13
-13 -12 -8 -6 -4 -4 -3 -3 -2 0 3 5 5 5 7 7 8 13
-13 -12 -8 -5 -5 -5 -4 -3 0 2 3 3 4 6 7 7 8 13
-13 -12 -8 -5 -5 -4 -3 -3 -2 0 3 4 5 6 7 7 8 13
-13 -12 -8 -5 -4 -4 -3 -3 -3 0 2 5 5 6 7 7 8 13
-13 -12 -7 -7 -6 -5 -5 0 2 3 3 3 4 4 5 8 8 13
-13 -12 -7 -7 -6 -5 -3 -2 0 3 3 4 4 5 5 8 8 13
-13 -12 -7 -7 -6 -4 -4 -2 0 3 3 3 5 5 5 8 8 13
-13 -12 -7 -7 -6 -4 -3 -3 0 2 3 4 5 5 5 8 8 13
-13 -12 -7 -7 -5 -5 -4 -2 0 3 3 3 4 5 6 8 8 13
-13 -12 -7 -7 -5 -5 -3 -3 0 2 3 4 4 5 6 8 8 13
-13 -12 -7 -7 -5 -4 -4 -3 0 2 3 3 5 5 6 8 8 13
-13 -12 -7 -7 -5 -3 -3 -3 -2 0 4 4 5 5 6 8 8 13
-13 -12 -7 -7 -4 -4 -3 -3 -2 0 3 5 5 5 6 8 8 13
-13 -12 -7 -6 -5 -5 -5 -2 0 3 3 3 4 4 7 8 8 13
-13 -12 -7 -6 -5 -5 -4 -3 0 2 3 3 4 5 7 8 8 13
-13 -12 -7 -6 -5 -4 -3 -3 -2 0 3 4 5 5 7 8 8 13
-13 -12 -7 -6 -4 -4 -3 -3 -3 0 2 5 5 5 7 8 8 13
-13 -12 -7 -5 -5 -5 -4 -4 0 2 3 3 3 6 7 8 8 13
-13 -12 -7 -5 -5 -5 -3 -3 -2 0 3 4 4 6 7 8 8 13
-13 -12 -7 -5 -5 -4 -4 -3 -2 0 3 3 5 6 7 8 8 13
-13 -12 -7 -5 -5 -4 -3 -3 -3 0 2 4 5 6 7 8 8 13
-13 -12 -6 -5 -5 -5 -4 -3 -2 0 3 3 4 7 7 8 8 13
-13 -12 -6 -5 -5 -5 -3 -3 -3 0 2 4 4 7 7 8 8 13
-13 -12 -6 -5 -5 -4 -4 -3 -3 0 2 3 5 7 7 8 8 13
-13 -12 -6 -5 -4 -4 -3 -3 -3 -2 0 5 5 7 7 8 8 13
-13 -12 -5 -5 -5 -4 -3 -3 -3 -2 0 4 6 7 7 8 8 13
-13 -8 -8 -7 -7 -6 -4 -2 0 3 3 3 4 5 5 5 12 13
-13 -8 -8 -7 -7 -6 -3 -3 0 2 3 4 4 5 5 5 12 13
-13 -8 -8 -7 -7 -5 -5 -2 0 3 3 3 4 4 5 6 12 13
-13 -8 -8 -7 -7 -5 -4 -3 0 2 3 3 4 5 5 6 12 13
-13 -8 -8 -7 -7 -4 -3 -3 -2 0 3 4 5 5 5 6 12 13
-13 -8 -8 -7 -6 -5 -5 -3 0 2 3 3 4 4 5 7 12 13
-13 -8 -8 -7 -6 -5 -4 -4 0 2 3 3 3 5 5 7 12 13
-13 -8 -8 -7 -6 -5 -3 -3 -2 0 3 4 4 5 5 7 12 13
-13 -8 -8 -7 -6 -4 -4 -3 -2 0 3 3 5 5 5 7 12 13
-13 -8 -8 -7 -6 -4 -3 -3 -3 0 2 4 5 5 5 7 12 13
-13 -8 -8 -7 -5 -5 -5 -4 0 2 3 3 3 4 6 7 12 13
-13 -8 -8 -7 -5 -5 -4 -3 -2 0 3 3 4 5 6 7 12 13
-13 -8 -8 -7 -5 -5 -3 -3 -3 0 2 4 4 5 6 7 12 13
-13 -8 -8 -7 -5 -4 -4 -3 -3 0 2 3 5 5 6 7 12 13
-13 -8 -8 -7 -4 -4 -3 -3 -3 -2 0 5 5 5 6 7 12 13
-13 -8 -8 -6 -5 -5 -5 -3 -2 0 3 3 4 4 7 7 12 13
-13 -8 -8 -6 -5 -5 -4 -4 -2 0 3 3 3 5 7 7 12 13
-13 -8 -8 -6 -5 -5 -4 -3 -3 0 2 3 4 5 7 7 12 13
-13 -8 -8 -6 -5 -4 -3 -3 -3 -2 0 4 5 5 7 7 12 13
-13 -8 -8 -5 -5 -5 -4 -4 -3 0 2 3 3 6 7 7 12 13
-13 -8 -8 -5 -5 -5 -3 -3 -3 -2 0 4 4 6 7 7 12 13
-13 -8 -8 -5 -5 -4 -4 -3 -3 -2 0 3 5 6 7 7 12 13
-13 -8 -7 -7 -6 -5 -5 -4 0 2 3 3 3 4 5 8 12 13
-13 -8 -7 -7 -6 -5 -4 -3 -2 0 3 3 4 5 5 8 12 13
-13 -8 -7 -7 -6 -5 -3 -3 -3 0 2 4 4 5 5 8 12 13
-13 -8 -7 -7 -6 -4 -4 -3 -3 0 2 3 5 5 5 8 12 13
-13 -8 -7 -7 -5 -5 -5 -3 -2 0 3 3 4 4 6 8 12 13
-13 -8 -7 -7 -5 -5 -4 -4 -2 0 3 3 3 5 6 8 12 13
-13 -8 -7 -7 -5 -5 -4 -3 -3 0 2 3 4 5 6 8 12 13
-13 -8 -7 -7 -5 -4 -3 -3 -3 -2 0 4 5 5 6 8 12 13
-13 -8 -7 -6 -5 -5 -5 -4 -2 0 3 3 3 4 7 8 12 13
-13 -8 -7 -6 -5 -5 -5 -3 -3 0 2 3 4 4 7 8 12 13
-13 -8 -7 -6 -5 -5 -4 -4 -3 0 2 3 3 5 7 8 12 13
-13 -8 -7 -6 -5 -5 -3 -3 -3 -2 0 4 4 5 7 8 12 13
-13 -8 -7 -6 -5 -4 -4 -3 -3 -2 0 3 5 5 7 8 12 13
-13 -8 -7 -5 -5 -5 -4 -3 -3 -2 0 3 4 6 7 8 12 13
-13 -8 -7 -5 -5 -4 -4 -3 -3 -3 0 2 5 6 7 8 12 13
-13 -8 -6 -5 -5 -5 -4 -4 -3 -2 0 3 3 7 7 8 12 13
-13 -8 -6 -5 -5 -5 -4 -3 -3 -3 0 2 4 7 7 8 12 13
-13 -8 -5 -5 -5 -4 -4 -3 -3 -3 -2 0 6 7 7 8 12 13
-13 -7 -7 -6 -5 -5 -5 -4 -3 0 2 3 3 4 8 8 12 13
-13 -7 -7 -6 -5 -5 -4 -3 -3 -2 0 3 4 5 8 8 12 13
-13 -7 -7 -6 -5 -4 -4 -3 -3 -3 0 2 5 5 8 8 12 13
-13 -7 -7 -5 -5 -5 -4 -4 -3 -2 0 3 3 6 8 8 12 13
-13 -7 -7 -5 -5 -5 -4 -3 -3 -3 0 2 4 6 8 8 12 13
-13 -7 -6 -5 -5 -5 -4 -4 -3 -3 0 2 3 7 8 8 12 13
-13 -7 -6 -5 -5 -4 -4 -3 -3 -3 -2 0 5 7 8 8 12 13
-12 -8 -8 -7 -7 -6 -5 -2 0 3 3 3 4 4 5 5 13 13
-12 -8 -8 -7 -7 -6 -4 -3 0 2 3 3 4 5 5 5 13 13
-12 -8 -8 -7 -7 -5 -5 -3 0 2 3 3 4 4 5 6 13 13
-12 -8 -8 -7 -7 -5 -4 -4 0 2 3 3 3 5 5 6 13 13
-12 -8 -8 -7 -7 -5 -3 -3 -2 0 3 4 4 5 5 6 13 13
-12 -8 -8 -7 -7 -4 -4 -3 -2 0 3 3 5 5 5 6 13 13
-12 -8 -8 -7 -7 -4 -3 -3 -3 0 2 4 5 5 5 6 13 13
-12 -8 -8 -7 -6 -5 -5 -4 0 2 3 3 3 4 5 7 13 13
-12 -8 -8 -7 -6 -5 -4 -3 -2 0 3 3 4 5 5 7 13 13
-12 -8 -8 -7 -6 -5 -3 -3 -3 0 2 4 4 5 5 7 13 13
-12 -8 -8 -7 -6 -4 -4 -3 -3 0 2 3 5 5 5 7 13 13
-12 -8 -8 -7 -5 -5 -5 -3 -2 0 3 3 4 4 6 7 13 13
-12 -8 -8 -7 -5 -5 -4 -4 -2 0 3 3 3 5 6 7 13 13
-12 -8 -8 -7 -5 -5 -4 -3 -3 0 2 3 4 5 6 7 13 13
-12 -8 -8 -7 -5 -4 -3 -3 -3 -2 0 4 5 5 6 7 13 13
-12 -8 -8 -6 -5 -5 -5 -4 -2 0 3 3 3 4 7 7 13 13
-12 -8 -8 -6 -5 -5 -5 -3 -3 0 2 3 4 4 7 7 13 13
-12 -8 -8 -6 -5 -5 -4 -4 -3 0 2 3 3 5 7 7 13 13
-12 -8 -8 -6 -5 -5 -3 -3 -3 -2 0 4 4 5 7 7 13 13
-12 -8 -8 -6 -5 -4 -4 -3 -3 -2 0 3 5 5 7 7 13 13
-12 -8 -8 -5 -5 -5 -4 -3 -3 -2 0 3 4 6 7 7 13 13
-12 -8 -8 -5 -5 -4 -4 -3 -3 -3 0 2 5 6 7 7 13 13
-12 -8 -7 -7 -6 -5 -5 -5 0 2 3 3 3 4 4 8 13 13
-12 -8 -7 -7 -6 -5 -5 -3 -2 0 3 3 4 4 5 8 13 13
-12 -8 -7 -7 -6 -5 -4 -4 -2 0 3 3 3 5 5 8 13 13
-12 -8 -7 -7 -6 -5 -4 -3 -3 0 2 3 4 5 5 8 13 13
-12 -8 -7 -7 -6 -4 -3 -3 -3 -2 0 4 5 5 5 8 13 13
-12 -8 -7 -7 -5 -5 -5 -4 -2 0 3 3 3 4 6 8 13 13
-12 -8 -7 -7 -5 -5 -5 -3 -3 0 2 3 4 4 6 8 13 13
-12 -8 -7 -7 -5 -5 -4 -4 -3 0 2 3 3 5 6 8 13 13
-12 -8 -7 -7 -5 -5 -3 -3 -3 -2 0 4 4 5 6 8 13 13
-12 -8 -7 -7 -5 -4 -4 -3 -3 -2 0 3 5 5 6 8 13 13
-12 -8 -7 -6 -5 -5 -5 -4 -3 0 2 3 3 4 7 8 13 13
-12 -8 -7 -6 -5 -5 -4 -3 -3 -2 0 3 4 5 7 8 13 13
-12 -8 -7 -6 -5 -4 -4 -3 -3 -3 0 2 5 5 7 8 13 13
-12 -8 -7 -5 -5 -5 -4 -4 -3 -2 0 3 3 6 7 8 13 13
-12 -8 -7 -5 -5 -5 -4 -3 -3 -3 0 2 4 6 7 8 13 13
-12 -8 -6 -5 -5 -5 -4 -4 -3 -3 0 2 3 7 7 8 13 13
-12 -8 -6 -5 -5 -4 -4 -3 -3 -3 -2 0 5 7 7 8 13 13
-12 -7 -7 -6 -5 -5 -5 -4 -4 0 2 3 3 3 8 8 13 13
-12 -7 -7 -6 -5 -5 -5 -3 -3 -2 0 3 4 4 8 8 13 13
-12 -7 -7 -6 -5 -5 -4 -4 -3 -2 0 3 3 5 8 8 13 13
-12 -7 -7 -6 -5 -5 -4 -3 -3 -3 0 2 4 5 8 8 13 13
-12 -7 -7 -5 -5 -5 -4 -4 -3 -3 0 2 3 6 8 8 13 13
-12 -7 -7 -5 -5 -4 -4 -3 -3 -3 -2 0 5 6 8 8 13 13
-12 -7 -6 -5 -5 -5 -4 -3 -3 -3 -2 0 4 7 8 8 13 13
-8 -8 -7 -7 -6 -5 -5 -5 -4 0 2 3 3 3 4 12 13 13
-8 -8 -7 -7 -6 -5 -5 -4 -3 -2 0 3 3 4 5 12 13 13
-8 -8 -7 -7 -6 -5 -5 -3 -3 -3 0 2 4 4 5 12 13 13
-8 -8 -7 -7 -6 -5 -4 -4 -3 -3 0 2 3 5 5 12 13 13
-8 -8 -7 -7 -6 -4 -4 -3 -3 -3 -2 0 5 5 5 12 13 13
-8 -8 -7 -7 -5 -5 -5 -4 -4 -2 0 3 3 3 6 12 13 13
-8 -8 -7 -7 -5 -5 -5 -4 -3 -3 0 2 3 4 6 12 13 13
-8 -8 -7 -7 -5 -5 -4 -3 -3 -3 -2 0 4 5 6 12 13 13
-8 -8 -7 -6 -5 -5 -5 -4 -4 -3 0 2 3 3 7 12 13 13
-8 -8 -7 -6 -5 -5 -5 -3 -3 -3 -2 0 4 4 7 12 13 13
-8 -8 -7 -6 -5 -5 -4 -4 -3 -3 -2 0 3 5 7 12 13 13
-8 -8 -7 -5 -5 -5 -4 -4 -3 -3 -3 0 2 6 7 12 13 13
-8 -7 -7 -6 -5 -5 -5 -4 -3 -3 -2 0 3 4 8 12 13 13
-8 -7 -7 -6 -5 -5 -4 -4 -3 -3 -3 0 2 5 8 12 13 13
-8 -7 -6 -5 -5 -5 -4 -4 -3 -3 -3 -2 0 7 8 12 13 13
