1000
4862 324
4580 9618
3472 2299
977 5611
9468 6900
7666 3798
3842 6092
6469 7590
5750 7800
1085 1283
4788 1691
1099 8438
6825 3993
7179 458
1619 7038
2275 1478
4005 1086
8181 4283
16 4147
8849 1804
734 6565
564 9993
2379 7658
3938 3896
9037 6052
8974 3092
141 5770
2500 7672
4896 4660
9905 4586
3241 1775
4565 365
2856 3143
2340 2732
3727 6547
6123 7706
3893 1216
987 8234
6508 181
9923 8241
6238 7482
6868 3873
7163 841
7434 6373
8893 955
5132 9189
2793 6726
2570 7110
7532 5018
3810 8279
1769 627
1455 6909
196 7663
6833 5822
6417 5104
8669 140
4080 6521
9043 6802
5698 3945
2309 4536
9848 5621
4977 4120
3684 6473
3162 700
6837 3149
6152 1589
3487 1763
1422 9786
551 6653
6479 6330
444 9733
1786 8225
2852 373
5746 6446
251 6524
9878 5951
4754 9894
5498 9456
8530 4820
8247 6561
722 1183
9240 5940
2453 3959
9743 8406
1423 6013
2416 1673
4425 4122
7258 9845
8999 4388
3125 8809
1203 124
8004 8685
2093 2226
4249 310
2320 5096
7504 5381
150 3292
9593 1537
3945 6300
924 7570
3273 7539
3170 1458
8314 6717
6612 6571
8123 1595
4046 5429
500 1393
9669 2278
4251 2518
4064 1474
1693 2083
9504 9818
6475 7125
9608 6141
2881 3951
2310 369
1675 7518
3217 8466
1492 6494
4675 3567
1158 8914
1010 9421
3722 3213
313 7934
9287 1274
6454 4156
7108 7168
6106 4058
9724 5421
4200 9211
3717 1591
9791 4530
4070 5844
5072 4631
8322 7317
6564 8222
9129 3835
9471 727
7956 7832
7521 9581
7573 4547
9768 8236
78 8557
9202 7374
7154 7809
289 9920
1457 1706
149 7421
2015 8247
6987 3382
459 8701
354 1571
1817 6041
9203 806
9723 5675
7647 5108
5396 9282
4056 2651
5363 7463
4411 5940
3573 3874
9078 783
7111 1573
3194 4503
1584 697
2987 8859
634 1003
401 463
7111 2370
1617 6862
8382 4192
2993 1843
911 4816
4729 190
9679 4059
4620 7560
4680 497
6113 8549
4464 8065
6906 6167
706 8105
8580 9382
2178 5535
4841 4689
9028 7929
6908 6035
9333 80
6617 4189
4154 9782
2695 8696
7136 1154
6674 99
3128 9977
1842 6291
3350 3054
5937 919
8026 5997
7776 3510
4991 1915
4080 8502
7437 6050
9716 9688
1214 2483
3337 1235
661 9811
6766 344
7663 5927
3471 436
2884 7228
4492 8678
3632 8073
44 8114
8051 7967
8712 6467
6784 4937
7968 5764
7968 136
5093 9663
9277 3766
2115 4210
8075 2055
951 219
759 1340
3589 5583
6147 2995
7715 683
1818 9177
3078 5613
2105 462
7926 4534
9095 1814
9514 6904
4960 9732
3016 225
93 5914
5767 6438
1615 5628
7597 4775
6196 557
9578 617
1883 5638
3863 444
1032 431
1632 1618
846 6469
7316 7781
2147 5863
5852 5800
6725 7097
6708 7283
7861 8286
3648 336
5619 809
8588 9207
1782 8808
4694 8698
5808 2490
2848 1599
8582 9407
7156 6880
6338 6264
9863 4028
6591 683
5103 133
824 3117
8351 452
4546 9501
4845 524
2858 8070
5944 2349
725 4082
8898 8058
4015 5876
7536 4256
3307 3536
6493 9262
6466 9025
9076 8473
5435 1596
5161 1166
1383 7731
4906 9087
6144 6360
9787 3135
6992 475
1810 1536
4163 1953
7627 544
5280 5232
1550 9345
28 1528
5359 8991
6502 7904
9504 3352
9869 907
8792 2992
3769 801
245 1640
3811 1505
7347 7631
9790 8542
4936 6452
7540 3468
4149 9700
308 657
8312 1748
5495 4258
4207 9459
2375 6266
4752 1589
6205 461
1433 2067
9784 6321
6554 6655
2461 5305
2600 9249
6508 8883
7051 7261
6193 6720
8362 5975
3483 904
5704 4172
3109 1391
8522 4467
9218 3904
9460 5032
859 3326
5411 20
9817 4168
4781 8424
2647 4160
5285 554
8276 1872
8912 1812
2654 7759
1669 8128
5909 7747
4992 9406
8235 2552
2916 7851
6844 5886
1312 6825
8257 8643
7886 2991
5366 3754
5141 7752
4897 6615
9020 2979
3991 3145
6122 9559
2438 6142
8219 3022
5806 6451
3761 2155
2187 2468
2663 1937
1183 8586
579 1171
5245 382
8482 3603
7553 3273
9682 6252
7018 3721
4713 7348
3088 441
2810 5024
7094 6601
4371 7077
1558 4658
1941 2828
65 6801
3007 3723
1709 653
3491 7201
5724 9922
1650 8523
8179 9434
5223 3348
1141 1908
267 4792
4116 3410
2918 986
1583 4846
7985 3383
482 2367
2678 3883
214 4995
4144 5936
1466 3763
2832 7751
1877 6736
1064 7171
7662 5764
9876 4111
3088 5314
3538 2026
3368 1614
5596 2175
7505 8139
7501 2055
3064 9796
1232 5060
2477 7342
8834 90
2452 1753
7071 5341
1215 6214
753 998
8217 5782
731 3877
4589 8821
293 2953
7933 1461
7894 6654
811 6245
5019 9096
7081 9167
3818 4494
2511 4079
3480 7393
5212 2744
4307 8987
1419 4458
5407 4869
4876 4480
1402 9321
1319 663
8955 955
5871 688
9895 2474
5043 8202
9599 3139
5665 6256
2162 8629
5822 4673
6647 4453
1978 6383
3327 3808
3960 4580
2468 9374
4668 7564
1100 7695
6696 5581
9773 4404
3241 9307
5582 6040
2035 8649
4897 1262
3039 4069
6580 5521
5299 5131
4554 6584
1325 2465
8487 4140
3796 3325
3881 9484
7022 2902
4656 9742
4601 9318
5988 6893
4497 7705
725 9257
801 7110
5661 7371
3490 5252
2214 2606
9426 3336
6895 5061
9035 8920
5286 8897
3066 7497
8530 9519
8141 7907
5854 2624
2026 9175
9699 7011
7001 8314
9686 9815
7110 9508
6289 6845
5588 752
2867 8608
1889 6131
5995 190
6751 8769
1282 4028
1723 9504
4625 6086
4827 5614
5559 9241
806 8569
2276 2202
2724 4641
2426 4555
7149 652
5491 9587
7116 5797
7429 439
2997 7965
3416 820
1069 3814
6594 8266
8625 7376
6378 3891
1650 5917
7913 8490
2039 4396
1381 8397
1584 3957
7928 4380
2419 9602
1600 844
7554 9147
7358 8606
7547 6603
5152 2340
4639 7577
3666 1172
9124 4251
7295 2579
7346 8153
4318 1597
3952 4555
6280 1375
2575 8534
1799 8412
2737 7997
2456 1489
8885 6589
6396 9948
5321 7115
605 1595
2765 8938
7420 6081
1520 175
1057 7448
8127 1882
222 3872
8113 6161
4277 2528
2043 1317
2842 2157
6926 8418
8338 5886
8534 8164
8856 7885
7968 5273
8372 3111
5923 9889
2535 109
2919 3271
4022 4284
8791 4137
1244 9054
9621 9360
8255 4403
2679 9066
8436 5124
6093 1602
3784 1548
5408 4674
4087 5730
3033 899
7726 7856
8601 7419
5976 2442
558 789
6413 3243
8164 6065
5672 3069
3791 8841
531 1139
9883 6340
9217 9525
5621 5528
2407 4557
9955 2879
9019 1671
2608 9570
3964 5044
2303 5226
9076 4296
8844 6524
7213 2748
7971 7875
513 8725
2189 4470
5864 2201
7924 2446
3251 2941
6697 8924
896 921
2017 9684
4958 4893
2189 3175
3428 1920
2256 2797
4214 307
4553 2296
6512 5118
4391 3550
2236 6369
9753 1012
784 9703
2963 9858
6510 5530
6284 6018
135 968
5978 8424
4553 1055
657 1243
2666 4336
5120 3781
7820 7932
8853 4562
9905 4037
4773 4744
6786 2999
8318 7344
8251 4706
436 2836
4868 4452
3286 7802
4648 6233
8139 2064
274 2815
2925 6467
7439 3968
5832 222
2835 843
9086 539
8722 8125
6601 3186
7808 3168
811 9796
3867 6851
5758 5023
2226 8752
7827 2353
5922 5488
9949 7438
8592 7468
1350 1903
4885 2484
9332 75
8532 3548
2830 7204
297 7861
9909 4827
4179 2191
968 5716
601 2368
8070 6177
729 8290
189 5024
7960 6970
1871 6656
5046 5234
9661 9354
1373 3416
3914 6043
7121 4343
7019 1471
1513 4381
7673 1219
8558 2050
791 7150
6139 4758
8516 1426
710 8159
8125 8793
8327 4465
2695 3253
7137 949
6815 9567
3842 1739
4891 614
4548 2594
5871 7783
1024 2357
1644 8556
4759 897
1826 6455
6772 5712
6486 952
3238 525
6109 4157
5063 4593
8420 1377
2332 1334
2946 9908
4523 5888
5393 57
9114 2645
9879 9912
1877 8750
818 4205
8051 6692
228 9421
6162 2541
3284 3324
8553 8309
9516 6139
9375 4430
4268 6596
1280 3567
9320 1317
1650 9428
6838 1436
3437 3990
3541 7744
1231 604
1058 9968
2101 6803
7570 4064
8845 8062
7998 2506
3284 4096
9076 6525
8101 5583
3889 8387
2269 4575
1562 567
5815 663
7713 5421
151 116
5734 508
5412 9056
9777 6627
5361 5467
9754 613
5615 5637
6445 4243
9403 6703
8718 6044
4292 8664
3174 8037
2872 2618
1709 5687
1063 6294
3748 2943
4355 4208
8866 6963
824 1712
4816 7603
1215 1824
9147 9485
7589 2688
3520 7120
9401 2197
5050 7706
7045 8667
3207 9801
2614 6616
4327 3722
3155 6664
7805 8629
5604 3538
2695 4726
3315 2551
6015 477
8882 2199
5140 2194
5664 7717
7954 1690
6071 9176
9083 2708
640 816
4904 7658
6144 6591
185 3229
4650 4476
3100 2149
5914 5071
1784 9198
8772 3134
3181 7888
299 8813
6019 2030
8648 5513
7442 5809
3698 7102
4098 1128
8085 1423
8683 511
8215 94
6134 4282
3587 9187
9401 3141
2676 8247
6060 9467
3691 6728
8742 5976
8592 2787
8059 3360
9830 8846
9617 4074
806 523
6992 4205
9407 7765
9367 9323
49 9827
2707 953
6362 347
3013 8533
734 7217
2114 2617
7831 512
69 2237
3125 2472
794 8617
9388 8463
8847 3590
8090 1811
7794 4333
8781 787
4748 4106
7426 288
2098 8202
7934 2974
1702 4431
7151 7396
6533 7323
294 1360
1432 4129
2101 3400
7077 7527
6319 7266
96 1722
5624 3077
7346 6181
4349 6552
6290 9743
6416 4095
3628 9918
5233 5071
4087 7745
1308 4752
8765 5997
8646 833
5036 7943
6787 4928
2765 1605
9643 2020
9324 2173
6924 5935
2478 1026
8694 267
936 8956
8751 463
6864 2368
7933 850
3027 1634
6887 7704
340 6023
6175 2400
9918 1213
9735 8262
9436 6906
5124 8484
7829 2825
3486 6520
5148 1355
2309 3973
2553 7442
1747 9460
3573 1678
664 7719
1111 6205
3680 8125
9597 3435
4918 6412
6632 8907
1628 4242
8797 3228
1191 9861
4133 116
1788 5758
1902 7347
185 3097
3988 3418
7300 974
930 3921
7750 7548
1124 9677
8311 9451
5626 7012
1431 2948
9910 3127
2219 1625
8249 5151
2762 6789
1482 9134
3631 6335
5995 2236
5418 3579
6312 1107
6448 7081
9894 7284
1680 887
9230 9203
9860 9928
6584 2415
5367 2966
8801 394
57 6901
4310 695
2691 9320
1025 5360
7461 5944
5560 5664
156 6201
3221 386
3837 8079
2709 6558
3842 4936
8563 7003
1719 6224
8792 4111
2981 5377
1595 8774
2756 59
6536 5555
5530 7956
9895 5480
6997 4979
5595 9605
1796 5437
9402 5410
7489 9968
4839 6524
7080 9366
6227 5205
6625 7584
700 1897
3631 4
7867 8770
5505 3126
4003 8134
7917 3074
9852 7501
4346 1479
4853 7865
5323 6033
915 3504
992 3151
5173 3290
381 7796
6248 2337
3022 4903
6846 2517
6793 1707
4626 9219
1059 4756
7266 6972
9479 2094
4595 7181
8882 4629
4736 2488
1649 8335
1919 3752
8357 4899
7288 5719
9807 3140
6329 1619
6877 2825
4684 4250
4659 931
9988 9261
1211 520
9713 1867
3315 145
942 1113
2885 6915
8257 3573
7857 641
7883 8863
2043 3860
1558 610
6502 8322
4181 203
2832 404
4780 2521
6182 5511
9248 9040
1535 4232
9826 7959
8432 203
2565 3780
1594 9562
3421 6676
4686 8869
7740 4497
4462 1989
9693 5779
9153 4377
3501 6261
4160 5461
4843 990
8255 9263
