1000
6552 6400
5317 3303
3784 4623
8089 1572
3876 4627
6257 7116
9260 853
1740 140
7651 2209
8199 6936
8984 1633
1220 399
2349 6252
7688 5782
592 1898
4084 6259
8017 4027
1145 2830
2775 9944
3994 2702
8940 9455
8680 6520
520 3531
9134 6047
2204 9217
1791 7914
2396 4137
4726 952
1183 8506
8920 8252
5083 5065
6653 9336
6361 2911
401 4915
3138 6354
1290 6746
1938 7022
5404 4286
875 3397
1663 7340
3651 1260
8635 1151
7027 3930
5025 70
9676 860
5070 5190
5812 1438
1671 7634
4259 8342
254 6342
1941 32
3114 551
3327 4581
4371 1328
4668 9235
8176 4494
4262 3017
9925 1781
4478 6677
5867 1541
427 4758
2545 4438
9588 6965
5500 6062
3267 6526
526 5445
3254 2093
885 4497
5108 7495
3473 7189
5643 3316
625 4390
4278 2166
2409 629
4096 5002
2925 1863
3385 5891
9784 2620
2737 7170
331 6244
5347 2815
914 8891
4757 1267
2712 5196
596 3313
6506 512
3042 9667
797 4126
6891 7709
7972 8327
4874 1568
6741 8580
7557 4519
5323 4035
2601 2616
2313 6486
221 8371
5011 6643
4693 6653
4332 4478
2696 5379
3751 4741
9895 7918
5456 7632
3835 6026
2262 7633
9200 5503
5948 4972
2620 7435
7571 5216
5992 4221
2763 428
7085 7815
6716 3378
263 5110
2670 3379
9127 9618
7128 5082
0 9302
3817 6027
4287 9300
1777 7965
5094 3564
6067 1218
7769 5104
3434 7817
2526 2674
668 8487
7365 6731
3639 4896
602 1642
8379 6509
9691 9733
8488 7053
9224 3474
3094 6095
1460 3121
3284 2118
15 1568
1431 4303
1749 2822
9607 4659
7643 2290
2141 9222
5708 325
7942 6478
2178 5037
7126 6453
1583 2147
5236 1212
5633 874
9456 2066
6097 9380
7135 9893
5753 1852
8073 6229
6841 374
3202 1710
3730 9829
9855 4290
7703 1153
1254 452
8316 7202
3085 7143
5830 1849
9118 2808
9614 9800
4734 8324
6830 72
856 1143
2811 1083
5164 4347
2047 1678
220 7915
8376 6948
1879 8013
2479 1448
7852 9882
2518 3657
3404 2538
8479 2206
63 2383
2186 5124
1838 8506
9105 1240
7693 5171
4440 7531
1070 422
3404 7503
4603 2329
822 7371
9033 4530
2257 660
7874 468
6728 8318
3518 7957
9767 6902
9879 4215
6139 7221
7253 1210
3037 3163
1717 9292
8346 6892
2535 96
7209 7972
7720 8674
5593 6118
3747 887
2117 4458
4732 3078
5891 6441
5485 8276
1296 7254
2729 399
7485 1915
1600 949
8726 7125
8994 5760
4406 7016
7042 3344
3282 351
3266 4156
2992 6768
8421 1342
2236 427
3910 3737
4257 5885
2901 5166
805 6205
7220 5456
1393 6908
2099 9395
5369 6167
4531 9180
296 6322
2081 845
5566 550
3735 707
266 9635
6046 397
3033 5895
7902 2336
2542 2598
4466 6498
9710 3555
1615 1138
6132 2795
8349 9764
162 7765
5142 8725
441 2163
9637 3331
7779 6387
4737 5573
6229 5065
3432 2482
534 5015
5227 8864
4394 5155
9591 3391
9477 7018
9682 670
3240 2806
4842 9373
9201 4862
5245 5422
7473 7259
10000 9689
9711 6672
3723 1607
813 5425
4180 7460
3103 9814
4673 4610
2027 6076
113 715
112 2918
5155 2629
3695 5233
6584 368
7326 7965
8180 4643
1282 9258
90 111
465 4196
9052 8692
5462 8726
8169 9460
8039 2959
2717 7328
1203 8546
9755 6006
8361 6276
9088 1350
6547 1912
8579 2957
9738 3450
2225 1967
192 3927
6320 7186
6841 6107
9498 8700
6911 4580
7868 9959
9238 40
9462 7722
1043 1001
8980 7202
8084 7752
4271 7339
8268 3187
3458 8298
6022 7427
6088 4908
4775 240
4308 6602
5659 441
5227 674
2464 8281
2622 7719
8919 2065
6156 6586
7643 6376
6184 2393
5696 9104
5897 5725
2329 9949
5534 9425
313 3744
9689 9696
9904 8617
8048 7781
4340 4086
2164 1914
3936 2018
6533 5047
4120 4798
5392 2014
6623 5762
5746 3415
1790 8376
965 5735
5595 4835
4286 9550
6977 343
3370 9391
6892 8685
433 8201
1557 264
3298 9325
5259 4160
7244 6533
3019 6208
9953 8942
2926 2752
9427 913
9199 6783
2438 8743
2270 5422
2098 6482
3512 823
3871 6522
7904 2524
732 4945
8675 4821
4199 4171
7872 3482
1057 9042
8801 2074
2077 570
6458 2193
9874 9709
6983 270
247 2716
6962 2558
8868 4736
5827 6043
7882 2553
2166 486
7206 633
8794 976
2706 1480
1842 7134
5508 1595
1199 186
5316 5201
2299 5920
3707 3090
435 6527
7408 4306
8397 7132
568 7140
5602 3457
6073 1195
94 8400
6641 7763
7821 8643
1502 2597
9335 5907
8597 9033
2646 7656
3210 6
4121 7586
6079 1990
9081 7933
1270 1338
3607 4586
555 8648
3473 177
1282 5560
5835 4966
4035 875
1826 4451
3902 4268
5166 3882
2159 261
8460 1983
902 7271
5236 2916
3071 4242
5591 3243
8825 4929
7066 2163
3220 8309
2886 1275
903 3944
8924 9111
9352 6627
4526 3481
7427 8663
4959 1386
6590 8789
6219 9034
9338 402
5989 3646
7003 9715
8201 8364
2709 5397
5672 3226
6657 2629
9164 5596
5602 2862
193 5288
3905 7299
5053 2935
2479 2937
9035 8104
9847 3875
7338 8275
7730 3500
3372 1697
7651 5526
3045 9853
7336 2174
5628 3064
3791 5148
1367 9150
9401 4828
5505 180
6499 8985
1589 6762
9527 7352
2444 4969
4194 3740
3416 1547
3879 2481
3908 7438
7185 8843
4361 1410
6527 3404
1057 832
4170 7644
1522 3084
5621 8843
7318 3310
1438 3903
4590 4708
1250 3861
9786 7512
3427 5114
227 6058
4113 4780
3062 7061
3731 2535
345 252
4117 2860
3746 2540
4582 1477
5665 7599
6918 6195
6742 3133
3994 9753
8663 1122
50 2890
3864 992
7732 5222
6985 8250
763 5926
9045 486
4630 6549
8326 119
3862 1922
3330 9549
7819 4935
5480 7433
8171 4881
896 5791
8328 1468
8024 9306
1716 1072
6846 1068
9122 3592
3431 9083
7987 6317
3233 1270
1334 1479
2581 9267
6962 5904
8292 7362
6402 5441
4180 8106
5262 3359
4602 9903
8308 6232
9654 1014
9509 5386
4522 9603
4613 1530
3974 4569
5562 5112
4569 9800
1282 4558
6551 4810
8063 6946
1331 1630
8842 8842
3080 385
707 5875
9314 4888
6982 8905
4131 45
6981 1772
3492 8442
6108 9460
7476 9394
3055 1953
3387 9029
1143 2461
9474 9247
8080 6867
8070 8760
3181 3522
8910 5047
7110 5162
7597 9001
3350 4736
5622 9329
4720 9964
8223 6910
4164 6585
7073 6954
6450 1482
8090 7824
6225 5256
7379 4838
7623 2584
6276 832
4343 3783
9593 874
9594 7967
2362 7942
7919 3078
2983 7396
5404 7078
1333 6390
2872 9957
1960 8455
7076 1416
2673 5042
6004 3265
8647 7356
2504 1096
7592 6423
6159 8179
8755 3576
4772 9632
171 3852
6016 565
3081 7416
4534 1209
4703 7031
1851 8237
1549 6932
2644 7711
7537 7733
5974 698
6618 2085
6467 8691
9929 766
1332 1176
5660 6072
7089 2283
463 3189
8858 7465
303 2716
325 7623
9048 1689
211 4234
1342 6066
4166 1055
1070 8599
4355 3767
374 5898
7735 2640
9762 7079
148 1597
9498 1753
7323 4332
1326 2733
456 6951
4005 8582
8233 1208
7506 1111
1314 431
3396 4894
282 851
1414 9157
7536 3350
5664 3263
1564 4065
8855 9619
8971 4688
937 7668
182 4966
9000 3211
336 1561
4710 2234
5116 32
9477 3896
8500 2178
2408 700
9714 4925
9462 426
8402 2947
3546 929
4584 8951
6553 4489
1728 3907
9733 3522
6806 479
7776 6613
1249 735
3528 7394
1773 6320
6242 9154
2192 5256
5177 4785
4472 9243
5813 675
8142 7122
9149 8527
4263 5322
8906 5648
8777 8805
3196 5114
4517 4991
8222 4228
1266 6810
9414 8306
3296 7280
1987 5362
5104 8949
1412 6612
5286 5855
1072 7735
1493 7904
7136 8811
8155 2175
8744 398
8838 9855
9330 5967
5669 3809
6986 4349
663 1754
441 3419
36 1347
894 1809
6423 4089
5896 8960
2786 339
4418 1135
8030 6578
3397 3578
1181 3290
9822 8792
1992 4476
1101 7887
9251 187
2467 7709
3518 9471
485 8086
5292 5711
1706 9664
441 7718
7224 4177
5907 4030
702 6762
1640 3266
3648 4996
4451 8790
3705 5929
6542 6736
4471 2786
6081 117
4621 6858
7838 1735
3094 9210
5824 5216
9133 5787
6001 2868
4369 1888
1671 873
324 3252
2867 3593
151 9690
5880 8863
4695 5033
7453 4162
859 1137
8579 6935
8308 4252
3970 9062
5362 4941
510 2010
4970 4949
523 757
3643 49
3665 7501
3569 9488
8566 7337
4957 4378
2869 3910
6798 2234
6208 2343
5615 8984
6164 3847
1545 9446
6896 6209
5378 4019
6897 3239
4391 4955
6289 8131
4399 5981
4911 9339
9493 4528
5332 6764
5008 4960
58 2667
7871 8685
3895 4502
797 8835
511 2009
3656 4001
2324 4618
6882 2398
4999 2918
435 5103
2165 4144
425 224
3377 6413
9696 8982
4264 4285
6765 2751
5474 9565
816 1841
8375 4496
3538 5323
683 5547
7215 8439
2583 1190
1115 141
1305 5549
5262 2812
3548 8092
8527 7761
6240 184
5479 280
7252 5081
2778 2973
8064 1628
6503 9651
1922 7293
9228 1034
2038 3204
1981 1390
1442 6866
1663 2324
4273 7548
9401 6183
1979 4829
6562 3052
6571 4319
7630 4778
3899 2636
4352 3166
6424 6004
9593 1624
9905 4261
7031 4784
5446 6237
7577 7625
1149 5848
8459 7447
9270 7785
9952 1496
225 6242
4314 5381
8360 1152
4737 2600
8216 3925
4216 7892
4835 4751
2471 9745
9872 3505
8552 3325
2559 8885
3047 4173
3445 3149
8928 5852
7762 9005
3045 2666
7391 1649
1530 8491
3478 992
6995 7798
6721 3891
4450 4945
6117 682
2409 8809
9453 1758
1472 7661
3570 1114
3088 8591
7559 6837
2326 4039
3545 5952
42 1705
309 6452
3587 8246
7445 6554
1404 988
4966 4371
1412 8782
8595 3191
3477 5651
3772 6280
5977 4617
4614 3061
2505 6982
3296 5278
4994 632
1666 1617
1652 8164
7385 5848
9969 4034
506 2469
5525 7854
6383 6225
9444 7366
4435 8528
2951 7625
5523 6449
6518 571
273 8844
2450 9261
6470 3555
1506 8833
8556 949
7267 3191
6852 364
3989 9662
7953 7972
1043 4051
1285 3056
9070 8473
6046 3719
8525 8958
3529 1518
6700 6439
7017 3095
4839 3265
1422 42
1441 8429
9248 9413
2769 5600
7962 16
3590 8000
330 9550
6740 4690
3093 4220
5136 15
4467 9629
9235 3559
5883 5114
3498 8483
8548 9706
8622 3761
1723 370
8257 3158
319 7012
9209 7908
8479 9219
7453 1541
4563 5539
4161 189
3792 8464
4843 7497
8609 8191
3747 1530
5775 227
8070 9277
9998 6292
2918 6146
3440 8178
1273 7517
9481 8230
4979 9905
4302 1049
2633 1052
6896 9281
5046 2878
191 9765
6995 8432
4619 1035
5906 6427
8089 2331
3774 9183
9864 9359
8396 559
5412 1350
3494 5464
3693 8369
234 1510
1010 9050
3006 1353
9958 761
1225 5083
1781 7099
6811 5224
1269 3325
1734 3630
7963 4471
5471 791
3650 4883
6065 5775
3397 9837
3168 1314
5217 9411
5790 8541
2232 6038
9977 2621
2274 3770
4887 7962
786 3261
5161 7086
767 3800
1438 3660
761 676
838 8453
1330 8527
6527 527
621 596
3846 9294
2960 4216
618 3612
4537 3186
9817 3386
6160 1451
2331 9177
9047 8819
5626 7051
7844 3109
1868 3286
6290 5167
8535 4166
8211 5037
9446 5208
7511 6370
1884 3407
5924 9599
7754 3563
4551 4842
7438 2427
8295 3438
8040 7105
5262 6620
1995 1963
9371 1473
8206 290
5301 3830
