1000
4803 1634
4753 2102
2273 6021
6392 6340
4203 515
2880 2487
2013 2417
2439 340
8787 3062
1867 1053
2748 2331
5961 7072
1173 2958
8002 3316
8385 108
7211 6677
6657 2887
4873 8653
1987 2291
1780 9242
9771 4178
2037 4219
6046 6702
3050 4912
1746 9939
9842 3209
8802 9034
9130 5599
7936 3230
1360 6719
2426 5986
8706 5249
7593 684
1092 4197
1565 1750
8271 7540
7335 9683
5266 7647
9097 7086
1512 6095
7003 1678
8192 7674
2310 2408
7083 4798
9765 6791
9092 7053
9788 4464
2288 1559
9868 9901
4956 4518
3271 4026
136 1543
9307 873
1091 9927
2669 9596
4889 6997
8907 2499
7615 4101
3253 2436
2532 4052
567 6307
2989 7289
1303 8425
9620 5736
8606 1035
2331 2186
6193 9405
8387 6201
8560 8261
1189 1147
4259 2211
7960 5935
66 7596
7229 2491
6460 8590
3210 314
7871 1699
2655 8498
5290 5776
7356 6209
6132 9699
5853 2479
7388 9835
5748 2749
2586 1981
4513 2076
6709 2511
7305 4070
8617 361
5177 2761
381 4941
9222 8032
1087 8606
7841 7165
6267 3600
8897 3355
9953 2572
3793 5759
7887 1342
1108 8901
381 8230
6170 3817
2419 8710
5152 4427
1435 9673
4692 8053
8466 1100
5096 7832
4587 3402
3686 9202
6254 353
5802 2656
9537 2596
3777 9829
8429 1385
255 6050
6219 7022
3114 3010
3582 1552
9051 5065
6469 9960
3299 2685
8555 7814
2006 537
3191 9069
9279 2328
5452 9816
9856 255
8933 9213
4668 4926
9477 5021
8651 1136
6685 1805
6270 8389
8833 7816
1575 4117
3064 1407
4239 8863
8125 9424
4241 8720
4883 6151
2807 8692
1236 6292
4187 1968
7896 3656
3385 8099
8199 470
7739 3777
2359 1719
8900 5355
290 7554
3156 2668
557 9369
213 79
3139 3900
3304 9439
5856 2411
5209 2809
6817 5613
4675 8312
2848 1879
3146 3537
8751 2841
7016 4021
7931 9038
6975 1589
9581 2104
6017 3210
7154 9675
5556 1574
4556 1934
8646 246
4516 2071
1064 869
3881 3107
2094 3859
9367 7580
9368 9207
4010 6549
5465 8385
1442 5373
9501 4879
7159 2235
6644 6243
6155 6158
8625 4829
3428 5595
5254 4975
3192 3312
5125 3423
5763 1691
9659 7806
6790 7213
9627 4282
9582 9947
545 3139
3311 342
3042 1734
5513 9292
7925 6015
1139 5544
7813 5505
1169 6542
204 4021
8581 9143
7615 5315
8418 7857
2365 1605
5904 5234
2918 6936
7119 6539
3699 8104
5083 313
578 679
2444 1944
2023 9196
2649 5580
9111 7396
9586 6785
3943 2617
9962 7288
9754 8539
7152 3709
3606 8650
7590 7153
1622 6485
8443 362
2476 4663
2510 2368
978 4662
5000 7177
5694 5109
1775 101
5306 5209
8370 470
8358 5631
8272 8492
190 9136
9578 6879
9315 1621
212 4541
2179 8403
1927 2395
3066 4772
9986 5284
774 9548
2412 76
1180 641
4044 7064
5837 869
1255 9511
1901 719
4029 209
1459 2089
8548 5791
5644 5688
917 2382
9864 2095
191 7733
9908 9775
5981 9896
6767 4389
3691 8979
7322 7573
3413 7739
2380 5596
9771 8397
2568 1748
9069 2096
3101 7211
1435 1984
9106 8702
3784 2899
3219 3364
7209 9566
293 2427
2177 4713
6188 9144
24 4619
9685 7847
2039 3437
578 6634
9079 4522
6594 4067
9828 951
9261 9963
664 3075
6864 2903
15 4597
772 7720
711 5499
5696 2065
9819 3327
8652 396
2988 7604
5882 1355
4380 5637
7211 3148
7566 6110
6600 9020
9858 5457
4374 7717
7765 2697
1787 2276
9060 3071
1653 775
5255 4759
554 368
4260 7477
3048 275
6525 1239
797 742
9786 3343
3926 5472
2581 4751
1726 907
1512 1802
4199 9355
3470 9796
2631 6900
6833 6516
3296 4080
6093 6645
2537 8513
4692 5626
6641 8148
8644 1138
8872 1011
9984 5708
7442 2333
5864 4013
1847 6770
2823 871
2468 1956
6140 7072
9333 5996
3783 1277
4583 9917
9085 9325
1960 8099
3817 4537
9427 5633
1304 3698
1145 9150
818 565
8388 5315
3239 1090
3163 106
2135 1735
2246 7308
4459 7096
5629 3273
9002 8050
2199 2969
8047 9584
9675 383
3091 9578
9396 9847
6789 2056
770 8606
2783 949
3037 8341
3268 2259
4053 4525
8561 6136
1085 7991
4794 3835
4055 4448
4450 4113
9422 3034
9618 9485
4895 1859
7609 9413
878 1455
6423 8493
8831 5026
4293 6087
660 2254
2815 5129
2373 2658
1870 1122
4698 2933
1282 5470
1256 6087
1534 6547
201 1551
8607 2656
9985 8537
7092 5900
8969 8300
9793 3849
5811 7936
1495 4684
1868 8652
1147 8461
3346 1607
4913 6157
7597 6056
9572 3744
5991 119
1831 8685
6354 60
9052 3987
8846 4260
8043 140
2609 2252
6698 7632
7684 7655
5464 2878
4864 5702
706 205
7968 7937
3905 1111
22 136
7087 9282
233 2945
2432 1196
1134 7948
1497 6753
1371 5474
5763 8875
358 2551
6459 9427
1275 3338
7397 1328
6651 5745
8956 8159
9765 2097
5407 8687
5058 1357
812 2074
4087 7999
7910 3944
6389 4713
4484 9822
630 2798
3256 2390
9179 4587
2737 7553
4042 8995
6324 354
2512 1627
9334 6836
520 5574
5502 1452
1202 1180
2114 1153
3239 4844
2182 6835
7729 7853
5330 3864
7180 8581
6355 3785
5308 9280
1306 3700
5851 5290
1642 8570
8514 1172
5571 3353
506 1357
2159 5055
3486 4715
957 1204
9897 7312
1918 8993
3228 7808
2689 4795
2643 4624
2327 369
4226 1881
9996 5937
2460 4064
9383 7473
6085 8383
2739 1859
7349 7831
430 3684
1718 4212
4322 9967
6034 1574
4585 9334
9072 7645
5471 2367
3560 1697
5367 7763
7440 6390
1952 4871
6272 4962
1729 4829
4987 2450
7167 2308
3548 8876
3902 8957
6691 8926
5076 5385
8602 6880
3373 8514
2102 1880
8764 2225
2004 1460
8239 9800
3669 7036
7754 8569
2334 6320
3576 6356
8858 6478
2954 5738
4440 8248
9514 9277
8752 5727
3782 4234
1133 5457
166 462
5522 7890
3421 7446
2837 4157
8982 4648
2659 8669
5180 164
9644 8700
5068 7685
1606 8309
4052 1464
5553 3294
4004 7865
9579 7216
7788 2520
2993 660
1963 8899
7318 3259
9392 6674
9959 1451
3924 6250
7429 1928
1691 5097
3811 1879
7056 2971
631 956
9879 9456
3927 1220
3156 8239
3045 8656
5515 3920
7109 4398
943 1442
4986 7068
7603 8667
430 7323
1103 9165
6459 9616
9619 1584
4860 1129
2240 776
2680 7869
696 4180
4212 4015
7483 7879
2867 3683
801 314
4798 9249
8776 119
9551 5866
1637 4630
8330 5430
2845 6571
526 5535
2765 8520
8547 2418
339 6702
8251 7985
2141 4061
9528 8696
8869 9570
8584 7205
9801 7977
2154 9052
7046 9704
8420 7269
208 6043
6967 1963
6719 7183
9256 9801
3449 4225
7270 3899
4890 2590
6967 3603
9224 2026
1324 453
8655 267
9667 6226
4558 17
9407 5522
6416 6249
3525 802
3420 6032
226 4792
1869 4130
888 3919
7050 5601
5921 5761
892 1261
5388 3569
7284 7336
5243 3986
8926 3835
6489 4369
2865 1588
8093 1078
6930 9422
3929 4902
5270 9597
1841 2450
1944 642
6526 5969
3838 2483
390 3364
4449 2426
8462 2492
6722 6615
1375 6005
1259 9361
573 3157
5975 9110
2457 2480
9742 1954
4411 6092
3759 5984
1486 6339
2360 7004
6659 97
3109 8005
5649 2134
4450 530
7257 2553
515 698
8609 1225
5338 5566
3423 1849
4387 3986
8026 2915
1338 6361
7886 2061
7070 6459
6351 1407
4326 6798
5185 8543
8009 2206
8044 2221
565 2455
7156 8059
1256 5921
565 1069
5815 4357
8152 1429
1776 8180
3325 5155
1719 3900
5534 1394
2755 4298
603 6132
8062 3938
4927 2434
4830 1322
9276 3146
3033 4218
5867 3238
7505 8087
4426 5107
5334 6808
6386 7206
5908 4647
1350 5457
8742 7392
8537 4895
582 4473
3851 605
5274 620
4224 6768
5737 5358
4520 4873
5338 1430
7277 2342
5772 5153
8952 2141
8406 7210
4273 1064
233 5095
8174 8720
583 1438
1525 5356
9871 9353
6767 1058
9736 1515
6441 7563
6146 7144
4328 4436
7107 5845
4278 4234
7953 6290
803 6852
2931 2035
5676 5725
9100 5750
449 4158
1319 4923
5162 5003
3510 7928
1897 4202
715 1752
3314 6361
5041 5523
1027 5370
7039 1261
7859 8691
8377 3554
1150 5142
2048 5835
8969 5151
6965 7098
8371 8811
1527 3242
2169 2273
425 8507
6846 1899
5871 3010
7948 2562
4964 1501
6616 5712
3380 4
7998 2852
4419 716
1477 6034
5154 5513
3317 3104
7659 5716
241 703
9065 9606
8923 2715
8641 5657
2829 4249
8388 1234
7424 4211
958 5431
7861 5999
5468 9156
6163 8965
9003 858
972 7410
3303 2688
3978 8707
329 4409
528 9278
7284 6951
1110 7093
1333 407
3179 5977
6880 5702
9204 3768
4215 6701
749 1816
2305 9947
6033 5366
7477 3817
8633 6763
4509 3553
9957 9349
6759 1775
8279 9773
7430 4216
3600 5528
6152 1694
7544 9836
1365 874
478 2724
1252 4135
4756 9280
9111 1333
7929 194
7390 3187
7208 6668
3557 6486
2525 9134
6380 8829
1143 9002
2086 4688
2652 7128
2408 2688
1117 7267
9600 5347
8990 7492
3931 5425
2759 1747
4464 5619
4068 5652
9197 1341
28 5191
4935 2473
5840 6837
6961 3588
8435 5399
7430 4801
6919 8019
6003 9611
2504 5681
703 6188
7758 5015
5088 1181
1718 4512
8956 8350
9821 1342
9344 9460
6079 9886
179 5339
6262 7320
5115 7777
5185 956
9784 650
5181 7440
3899 513
2872 5539
7487 5187
7464 5322
4446 2025
2142 9683
2349 3692
1396 601
7524 4846
82 674
7488 724
7417 8684
2975 1092
5780 8884
5102 3324
472 999
7547 1954
7372 8554
6779 1106
3355 2168
8169 3849
5130 7443
363 9972
9023 4097
1111 5893
4246 2798
6582 3369
9719 5021
4909 7583
5639 4711
8290 8857
2171 3538
9787 3004
3740 2081
698 5081
9894 6421
667 1098
8883 6987
122 287
2123 1919
6986 6104
6137 7134
8418 5691
1366 8504
9866 1643
3388 7188
8539 2722
4088 4044
2228 3795
403 9143
5106 9310
8866 6510
9216 6919
989 5300
7439 7375
5556 4324
5365 4468
3790 1502
4866 8355
7335 8486
3263 4648
57 1502
5563 8222
2985 3444
8495 75
3378 2279
3365 1587
640 8105
6393 3175
2153 7576
1351 542
5765 6087
4420 8537
5837 2600
9463 4182
300 9676
7778 897
8714 9431
4668 4585
2672 9560
1460 6399
7073 3058
2502 8556
1670 4874
1335 3129
9038 7744
1535 2681
2706 4759
5143 6638
515 2386
5236 3772
5146 7156
4398 6796
5638 9294
1444 2146
4331 1831
7789 5475
7983 7185
1197 4678
6848 1895
3476 3540
7982 1607
8040 1976
5013 1446
382 5705
8415 3311
8243 5086
846 2560
9270 9587
7084 9799
7766 5682
8717 373
5420 9528
4823 7977
3218 8050
9812 823
8754 3885
952 7697
2559 7742
5774 2057
629 203
9650 2163
6014 6771
2086 7898
2027 4406
2368 5511
1839 6732
3242 297
739 8543
1137 4776
5650 1895
7171 1890
6041 8475
934 1140
2267 7710
1791 4409
9842 4006
8146 6739
8726 4450
1565 7261
7034 4018
3867 4781
6644 5355
9691 8424
3023 7793
8696 3784
9640 5492
7258 6999
8463 852
681 3684
3525 3980
5623 158
4262 6705
4563 3492
118 5044
9566 9820
7811 9810
8724 391
9884 6532
1680 608
963 161
51 474
6465 6079
9828 6537
6765 3936
7431 8222
5381 9844
5944 6734
4355 1477
9759 6567
1757 6561
5895 8007
8875 4917
7528 225
7555 1529
1047 8556
9279 8382
1630 6276
1675 9193
5074 1205
8031 3719
8194 6665
