1000
3 6
9 20
5 27
5 6
22 11
17 25
16 7
13 20
28 18
2 16
28 1
15 12
20 30
22 15
6 15
13 3
22 12
30 7
19 13
8 3
21 22
9 1
16 25
2 20
2 19
26 4
21 22
7 5
27 29
14 28
22 13
10 21
11 22
18 22
11 9
2 1
13 6
16 12
21 20
30 13
29 16
23 2
18 11
5 27
3 27
26 2
24 10
10 15
15 11
6 20
2 20
12 16
27 12
29 1
24 21
6 5
24 25
12 1
19 14
8 13
4 12
20 29
7 21
23 13
20 18
17 29
21 7
12 10
5 19
13 5
25 27
2 12
7 22
8 8
2 2
1 29
17 16
26 19
15 14
27 25
18 1
27 17
30 5
26 15
25 13
4 26
11 29
10 4
14 7
22 12
27 25
13 22
23 26
17 21
6 11
24 14
11 1
18 15
30 24
14 7
14 23
2 29
28 16
6 7
9 10
10 12
19 6
30 29
30 10
28 23
21 6
9 18
28 23
24 8
11 1
1 3
3 26
21 7
13 5
13 22
22 25
19 12
16 8
7 8
3 27
5 8
24 19
4 25
2 2
6 2
9 19
23 25
28 29
5 17
22 20
8 12
20 13
27 1
15 10
28 29
16 18
21 11
8 13
5 14
20 28
10 9
13 5
27 21
24 8
28 19
9 28
1 24
22 8
12 27
17 24
8 20
21 16
28 2
16 23
4 11
12 13
18 7
12 2
11 16
13 26
13 27
26 3
11 21
27 28
25 10
16 19
3 29
22 24
11 12
11 23
5 9
25 1
10 5
30 6
28 27
6 15
6 1
4 14
2 14
17 27
22 1
17 1
24 19
24 1
8 7
26 25
22 1
24 28
27 11
22 9
25 25
6 7
17 21
19 30
22 22
29 18
1 20
5 14
6 27
11 8
15 15
5 3
7 11
17 5
5 26
30 18
2 30
7 25
23 29
30 12
11 12
21 13
27 6
1 28
22 4
6 27
3 27
3 25
1 14
26 3
16 23
21 2
28 13
12 4
10 8
29 21
22 13
4 25
17 22
14 6
9 4
20 23
24 3
15 3
24 30
23 6
17 14
1 21
16 13
21 26
24 4
29 30
12 5
26 9
12 11
15 23
23 12
1 20
2 15
7 10
19 13
29 6
6 23
12 11
25 19
3 28
10 5
6 22
9 4
19 15
1 25
23 24
28 10
16 1
30 29
29 1
25 4
8 30
23 13
18 23
13 28
8 29
20 19
21 11
18 20
4 16
29 11
23 24
14 5
15 16
20 3
24 27
17 12
25 27
9 22
30 27
4 2
22 21
19 7
22 28
22 2
3 2
2 14
29 2
27 15
13 17
5 22
26 18
10 30
18 21
23 26
19 19
5 5
14 30
26 28
30 17
13 21
24 21
16 25
8 14
28 3
4 5
26 29
22 12
13 13
24 11
14 20
5 22
17 16
11 19
24 29
22 9
2 1
16 29
8 4
3 2
16 28
24 12
25 27
5 29
26 6
28 12
22 26
3 1
24 7
13 1
28 12
5 26
2 26
27 5
28 11
11 30
30 29
17 17
21 7
20 9
21 23
11 16
2 29
24 27
29 14
3 11
2 22
10 6
16 7
7 17
28 20
7 26
1 13
15 27
10 17
23 19
10 2
6 3
22 25
29 11
20 2
23 21
26 3
5 8
1 25
4 21
19 24
1 18
7 6
19 22
22 15
28 1
19 6
14 16
27 25
18 17
15 19
24 13
2 27
12 19
12 13
9 22
5 25
18 4
17 26
7 15
21 5
29 20
5 25
19 23
25 26
27 25
10 3
23 14
10 8
16 29
6 18
11 5
26 24
16 13
24 10
4 28
19 2
4 25
20 15
4 26
22 6
17 13
28 29
23 19
30 1
29 25
22 9
16 16
15 4
18 13
15 4
18 14
21 1
14 11
25 7
20 17
30 19
23 29
14 1
28 18
18 8
16 12
6 25
30 2
20 20
15 26
16 29
5 19
19 14
10 10
24 14
6 29
1 17
16 20
8 9
27 17
4 16
18 7
15 5
24 23
11 4
18 23
11 16
12 25
18 1
18 30
2 7
10 26
15 16
14 23
19 9
16 22
13 4
25 29
19 29
27 1
27 30
9 4
7 25
20 14
21 20
25 1
8 13
3 18
16 4
10 9
2 19
25 9
21 24
8 9
18 18
21 30
25 9
29 27
14 6
20 7
12 28
18 28
21 18
26 17
14 9
5 29
10 9
25 26
24 23
2 28
21 26
21 19
20 24
6 14
19 12
6 26
27 9
24 17
28 7
13 20
17 16
1 30
6 8
1 15
30 25
20 4
11 1
1 13
14 1
26 13
1 4
13 18
30 2
23 19
23 15
14 26
9 16
20 20
18 12
17 3
9 24
16 22
4 16
20 23
15 11
16 29
2 27
26 21
6 7
4 3
13 3
17 19
9 18
19 8
12 15
12 20
17 27
14 26
17 29
1 14
13 6
21 20
15 21
30 30
21 7
8 1
13 11
20 16
26 21
12 7
16 16
23 2
9 7
24 13
10 23
14 6
27 21
26 28
17 25
23 10
26 22
27 15
2 14
5 21
8 6
9 22
7 14
18 21
6 25
30 14
7 19
24 11
19 27
1 13
23 16
17 30
23 17
16 26
27 28
29 24
1 20
7 15
25 14
16 15
7 15
22 29
27 9
25 14
4 4
28 21
29 24
20 13
15 15
17 8
2 24
2 20
26 26
6 8
22 13
5 29
29 26
1 23
25 15
24 14
5 1
20 22
7 3
2 13
2 1
3 19
12 23
3 1
28 7
3 27
4 11
14 23
8 1
25 14
1 12
8 16
11 15
9 5
25 17
30 15
19 2
24 3
5 10
21 6
15 28
16 6
23 13
27 12
10 26
18 14
4 2
16 13
10 1
14 7
5 23
19 25
13 30
9 26
26 10
7 25
8 5
22 24
28 11
2 8
25 20
7 22
4 1
8 13
25 24
14 1
12 5
29 9
11 14
3 5
11 2
1 29
15 30
5 8
1 29
19 1
18 5
10 30
26 25
17 2
24 18
28 11
21 27
3 6
15 7
18 17
3 16
29 23
17 9
27 14
2 10
20 3
25 5
1 30
19 19
5 24
4 19
30 18
2 2
18 9
29 7
28 9
17 6
18 24
11 12
7 12
19 19
19 5
19 14
29 2
15 14
22 8
15 11
23 5
4 27
30 12
1 15
29 17
5 19
26 4
24 15
13 26
9 14
4 28
3 16
5 24
28 30
2 25
1 14
27 30
27 26
1 24
6 6
9 29
17 22
6 1
7 13
22 29
5 5
23 2
4 24
2 3
25 17
19 20
6 7
7 15
2 28
27 14
11 25
23 13
7 27
20 20
30 27
2 30
20 14
25 20
22 27
4 7
13 20
17 12
10 22
30 28
8 2
18 5
14 5
24 13
27 16
7 10
4 10
8 25
4 21
10 27
30 6
4 3
12 7
19 6
12 28
24 14
3 25
19 26
9 15
21 10
9 26
5 28
20 12
16 14
10 6
14 21
18 18
29 26
3 17
17 20
23 2
17 26
6 28
17 2
4 24
23 20
10 17
26 27
27 26
30 6
21 9
3 16
21 11
24 13
9 30
6 7
26 28
21 24
16 23
4 8
7 15
3 28
7 24
16 16
18 11
21 18
29 5
19 12
28 21
26 18
7 23
18 25
11 10
2 13
17 18
21 19
11 20
2 6
14 21
12 28
17 27
28 19
20 25
4 1
23 25
16 18
22 11
15 28
28 2
23 9
13 23
16 19
8 30
20 11
17 12
16 1
25 7
29 27
24 26
20 9
25 16
15 27
23 9
10 7
3 16
21 16
21 27
10 2
13 26
25 25
11 15
26 19
25 29
29 29
16 2
29 2
30 2
4 20
4 21
24 7
21 4
4 9
20 9
30 4
16 23
19 1
11 22
15 30
19 26
13 25
24 22
28 21
24 2
17 4
5 18
19 18
12 11
7 26
26 20
25 23
8 5
4 20
11 17
26 29
14 29
13 29
3 13
27 11
16 23
21 17
10 2
7 13
22 5
12 10
2 23
1 17
27 15
27 17
19 19
2 26
10 12
10 30
29 5
15 18
4 11
20 9
2 25
14 19
17 27
7 28
23 8
20 23
20 5
5 2
2 9
26 1
27 18
25 8
21 16
19 9
11 1
21 9
3 5
8 17
19 9
25 28
6 6
21 10
4 21
16 3
9 20
8 19
10 9
18 3
16 14
29 10
9 12
12 24
6 16
6 19
19 7
29 23
2 11
6 14
22 25
29 26
21 5
6 11
9 27
8 24
17 16
6 23
16 22
7 9
2 26
19 5
14 29
30 21
4 1
4 5
4 7
20 14
15 10
2 20
24 23
3 13
12 23
5 18
14 7
14 19
14 4
5 28
10 5
30 8
27 1
2 3
24 20
26 8
28 7
21 16
29 12
7 15
26 1
10 17
7 8
30 12
21 5
