200
11 8
10 6
25 23
18 8
22 30
25 11
10 26
16 22
14 26
16 15
18 18
14 4
14 14
17 10
9 24
18 20
5 29
17 19
8 13
2 17
2 28
23 20
9 4
4 29
2 13
11 1
13 9
5 24
1 21
4 9
19 19
30 5
12 1
4 17
16 3
19 22
29 16
21 6
16 18
27 5
22 25
13 24
8 17
19 21
18 16
9 23
28 5
1 25
15 18
1 1
5 2
17 22
10 9
11 30
22 4
13 7
2 27
21 1
30 13
1 30
18 10
7 25
15 11
7 16
9 27
24 2
25 12
12 11
17 24
4 8
12 15
25 4
10 23
19 12
11 29
26 11
23 8
13 26
7 30
9 6
7 23
28 8
26 17
10 30
25 10
15 15
20 15
24 9
29 14
15 6
6 3
21 16
5 4
23 29
15 8
6 6
7 28
19 30
19 15
8 26
13 23
2 30
1 17
10 15
4 26
10 1
5 11
30 19
24 19
14 25
14 8
3 3
22 9
29 28
2 5
28 21
10 25
22 26
4 12
9 3
9 18
25 6
27 25
1 19
19 26
27 28
3 6
25 21
4 19
24 12
12 17
15 12
14 9
14 18
17 11
13 27
26 29
29 10
30 7
27 8
29 20
20 11
3 23
17 5
11 4
19 13
14 20
1 9
30 11
9 2
20 9
23 18
7 24
26 9
2 10
9 14
3 4
21 18
22 29
13 19
21 9
20 4
1 18
3 18
5 23
20 16
18 2
10 28
28 30
7 7
21 7
3 9
8 19
23 13
11 23
20 28
12 12
11 16
1 10
27 11
1 13
25 1
30 20
3 13
16 19
15 28
18 4
17 21
11 21
6 12
21 14
15 2
22 20
5 25
27 22
3 10
3 25
27 9
14 13
16 24
