1000
83 35
95 79
45 23
82 28
47 88
19 25
69 62
89 23
92 44
36 49
7 45
42 35
18 35
62 51
52 60
92 85
56 15
98 73
80 58
38 95
54 75
9 18
85 43
63 15
49 39
62 45
82 1
75 72
73 3
79 82
62 94
30 75
94 66
79 48
44 33
85 67
80 89
27 5
74 25
70 58
20 72
44 39
12 74
86 34
52 41
92 62
56 4
79 80
74 43
64 89
54 77
70 91
57 5
27 66
80 74
91 18
12 21
25 24
7 18
60 56
31 43
40 25
27 58
98 80
70 13
9 49
81 86
4 36
38 88
62 2
86 82
21 35
19 27
24 69
84 77
81 84
59 26
86 1
83 42
92 15
82 67
16 22
40 11
51 92
59 45
86 81
64 54
56 0
29 94
28 7
64 0
48 40
17 50
77 50
71 89
63 55
68 89
27 84
10 76
81 96
75 96
11 64
69 25
70 28
84 78
8 24
11 5
72 99
18 70
96 13
53 14
27 70
63 56
39 57
47 88
14 47
2 36
60 29
61 34
17 30
86 76
51 77
31 74
70 66
56 61
2 19
6 68
48 83
51 86
24 32
84 51
63 52
69 86
6 19
57 8
64 2
29 85
62 45
37 88
69 81
7 22
29 61
33 62
52 52
96 91
95 43
92 22
82 35
84 65
57 3
41 6
88 95
64 31
58 66
46 21
20 8
19 51
45 85
93 91
8 92
10 66
69 57
68 16
75 27
40 8
33 41
38 49
12 87
7 76
43 59
60 66
7 35
79 88
81 77
12 83
59 35
12 69
45 13
8 65
79 27
73 39
82 5
0 47
49 69
87 79
98 2
39 38
51 93
45 38
8 65
37 30
1 89
75 72
5 68
74 28
44 15
8 57
72 87
88 53
62 81
97 32
71 81
91 5
69 10
48 23
67 56
82 26
33 89
10 7
45 73
90 80
21 2
75 70
55 23
69 2
50 48
84 45
99 93
11 56
11 36
57 53
94 94
64 81
25 5
35 74
98 18
2 49
20 87
84 67
41 28
91 90
67 8
95 72
87 17
16 33
40 63
78 91
78 75
59 61
92 69
11 91
65 45
74 95
70 20
16 79
50 7
73 14
25 65
0 16
18 52
76 44
98 8
79 96
3 26
6 64
64 68
53 65
92 70
20 3
0 93
43 30
52 26
67 96
53 31
78 82
8 29
95 22
38 55
96 35
22 9
4 52
7 90
75 56
13 10
8 40
74 75
52 32
52 11
59 8
18 52
30 2
13 8
98 58
1 94
34 71
75 5
19 59
39 20
46 29
92 3
66 39
16 80
90 74
78 18
73 76
19 67
69 47
85 70
98 64
24 13
23 46
10 80
87 38
82 90
74 12
51 2
40 16
99 13
0 96
78 52
47 68
39 40
93 38
68 11
60 62
91 3
87 50
47 65
80 24
22 0
79 71
88 37
41 50
23 9
76 90
87 15
2 24
36 74
88 89
71 62
60 66
17 15
50 17
55 34
63 7
93 55
63 80
84 33
55 98
43 80
14 40
49 76
44 52
31 21
87 0
36 84
53 97
76 82
60 35
17 2
77 74
77 56
79 91
17 44
91 11
48 70
54 26
66 37
52 52
66 99
20 67
88 31
35 68
65 70
11 18
62 97
67 10
34 65
84 58
25 78
5 2
82 1
28 65
75 13
35 89
4 60
55 37
25 81
4 25
33 38
62 61
6 52
28 6
90 67
24 37
13 89
92 89
70 40
2 37
68 13
48 21
77 0
4 76
18 40
81 36
36 92
50 69
10 46
7 31
36 69
7 50
51 60
79 87
62 96
65 99
42 76
37 79
82 6
42 88
58 56
75 1
75 95
56 67
97 8
62 24
32 75
76 39
11 14
18 29
13 40
15 50
89 47
76 47
30 7
37 28
95 50
71 12
83 22
55 38
62 83
61 34
75 93
0 19
36 72
60 31
61 4
61 80
20 34
94 50
28 47
77 90
18 1
58 30
35 79
74 13
22 25
90 24
53 59
73 63
93 55
24 77
49 68
49 40
92 88
92 15
59 45
42 92
46 85
58 47
3 43
95 6
71 99
87 67
36 24
22 30
45 80
97 30
21 87
13 47
36 37
86 51
5 79
27 0
75 40
88 4
92 96
74 47
73 22
42 56
3 18
52 27
42 35
0 0
86 15
64 62
76 76
67 15
17 9
30 56
59 5
59 31
67 57
69 69
3 11
53 31
24 46
53 48
42 42
58 44
53 20
73 89
17 14
63 27
57 7
47 92
74 13
90 64
20 73
29 4
81 1
62 34
13 26
15 4
2 73
28 59
40 4
75 3
31 51
93 57
50 39
85 41
50 38
47 59
1 26
47 2
12 45
58 9
23 29
61 17
5 72
0 73
41 85
79 15
89 99
15 82
41 98
92 23
55 75
6 34
79 44
4 81
77 16
71 35
80 54
78 68
77 70
98 69
79 2
32 56
54 96
21 92
54 50
56 95
9 15
55 19
50 63
13 27
54 66
9 34
77 63
4 74
99 8
65 79
47 93
24 55
69 52
63 43
53 39
55 63
46 25
30 51
9 90
44 90
17 97
13 29
24 96
24 16
84 19
69 22
24 8
89 66
17 38
71 60
56 75
20 49
18 92
41 22
67 9
9 26
43 7
90 73
33 11
78 63
39 42
6 97
69 8
19 63
16 20
77 66
95 37
68 10
10 42
50 22
27 99
88 5
95 71
97 16
30 83
57 80
21 76
81 41
15 27
92 96
62 48
12 56
91 98
18 32
53 93
25 78
88 12
18 72
61 65
78 26
40 99
97 82
19 58
68 1
54 61
85 27
23 43
99 22
83 67
1 42
67 14
86 8
77 61
29 23
56 35
50 59
24 17
63 36
67 8
82 74
74 48
19 42
69 45
43 56
61 81
81 34
57 66
3 14
78 15
21 44
7 55
80 39
7 94
20 25
95 33
82 76
67 7
49 37
98 34
91 50
63 5
14 49
0 57
34 76
11 82
59 72
27 2
78 86
79 91
47 21
99 4
11 78
46 4
68 73
88 74
0 42
56 9
81 8
42 38
77 71
36 31
70 34
72 91
96 16
98 29
72 22
18 93
1 26
35 62
35 34
68 85
22 28
88 36
31 87
65 60
1 56
99 14
9 72
14 58
90 19
58 67
69 6
55 21
43 26
55 76
96 67
92 75
27 71
44 3
1 80
72 16
93 76
39 83
52 61
53 68
89 83
27 71
25 33
55 99
59 38
69 45
20 15
25 16
91 91
15 32
54 72
3 92
95 0
92 80
74 51
80 45
29 38
81 82
28 42
4 10
61 17
82 65
58 29
14 42
14 67
67 48
90 88
22 72
48 72
19 57
82 3
76 2
20 14
2 16
94 97
30 51
37 86
11 82
92 42
42 82
10 87
56 40
67 4
6 75
56 8
49 41
39 5
49 96
26 79
49 79
32 89
89 74
53 2
55 12
80 8
88 12
95 97
87 8
83 49
18 85
49 17
13 82
11 16
82 43
11 3
63 51
60 95
13 25
10 71
73 17
70 15
26 67
97 61
89 66
77 86
26 48
33 5
92 54
21 11
0 74
70 61
69 53
32 33
12 62
59 33
46 91
58 85
5 41
75 52
84 29
6 69
25 96
50 1
17 65
94 63
54 83
82 13
45 28
60 30
56 11
3 42
38 72
35 90
67 76
50 73
56 75
28 71
52 18
0 45
42 6
55 27
83 12
3 42
94 80
28 53
44 62
61 41
84 78
59 81
74 81
87 97
21 24
7 78
81 17
93 56
11 45
22 43
65 74
18 95
86 52
25 25
21 7
31 92
93 89
88 41
34 67
13 29
84 96
32 28
32 34
24 80
28 30
18 48
29 48
31 28
14 32
47 79
45 90
43 81
28 73
43 21
60 15
61 25
52 29
76 58
2 85
22 34
2 72
76 91
58 66
83 74
93 28
32 53
27 55
33 63
28 21
95 74
91 99
86 62
86 37
56 96
5 69
15 26
95 32
72 53
92 48
15 4
9 49
34 31
9 5
58 1
28 17
12 15
65 37
63 26
1 49
36 8
36 60
46 88
46 79
2 30
36 47
5 4
98 60
42 75
71 10
92 63
36 65
22 27
12 54
44 86
49 13
42 12
37 6
45 84
99 80
31 46
48 55
45 81
37 42
97 91
28 17
93 84
74 93
5 18
4 59
50 3
52 25
20 79
48 46
13 4
71 57
21 41
55 84
21 16
38 53
18 72
12 93
87 83
14 64
24 9
4 45
0 35
94 28
60 93
29 37
74 21
88 20
64 29
62 47
9 51
49 89
91 95
30 30
26 63
51 76
6 97
61 23
82 98
77 2
74 46
8 34
4 5
42 40
70 14
93 48
87 54
0 12
27 9
28 50
47 57
24 58
16 83
9 44
58 81
2 0
67 15
39 24
52 9
93 77
14 23
78 92
42 9
55 36
88 20
97 31
82 29
51 54
41 53
21 37
99 67
20 72
