1000
1840 840
1640 640
1698 698
1532 532
1465 465
1386 386
1725 725
1217 217
1235 235
1067 67
1918 918
1218 218
1826 826
1195 195
1313 313
1823 823
1304 304
1223 223
1835 835
1695 695
1636 636
1892 892
1944 944
1229 229
1728 728
1828 828
1724 724
1087 87
1196 196
1649 649
1340 340
1250 250
1783 783
1873 873
1688 688
1855 855
1398 398
1576 576
1679 679
1801 801
1086 86
1493 493
1702 702
1710 710
1000 0
1241 241
1462 462
1031 31
1362 362
1884 884
1640 640
1711 711
1380 380
1108 108
1332 332
1155 155
1782 782
1100 100
1985 985
1706 706
1566 566
1619 619
1471 471
1966 966
1388 388
1733 733
1401 401
1218 218
1821 821
1150 150
1080 80
1150 150
1310 310
1921 921
1157 157
1432 432
1440 440
1283 283
1402 402
1289 289
1822 822
1487 487
1777 777
1454 454
1883 883
1378 378
1023 23
1123 123
1914 914
1760 760
1994 994
1148 148
1402 402
1659 659
1768 768
1181 181
1767 767
1480 480
1244 244
1415 415
1624 624
1379 379
1879 879
1872 872
1770 770
1256 256
1029 29
1517 517
1532 532
1116 116
1172 172
1373 373
1792 792
1674 674
1616 616
1778 778
1400 400
1278 278
1497 497
1845 845
1735 735
1179 179
1703 703
1306 306
1274 274
1024 24
1962 962
1142 142
1671 671
1157 157
1802 802
1630 630
1841 841
1908 908
1561 561
1870 870
1739 739
1498 498
1689 689
1543 543
1228 228
1180 180
1329 329
1980 980
1048 48
1612 612
1680 680
1350 350
1338 338
1340 340
1281 281
1231 231
1363 363
1674 674
1781 781
1696 696
1481 481
1287 287
1662 662
1039 39
1162 162
1102 102
1768 768
1211 211
1880 880
1035 35
1538 538
1085 85
1930 930
1302 302
1014 14
1851 851
1211 211
1900 900
1096 96
1433 433
1884 884
1368 368
1284 284
1620 620
1563 563
1892 892
1779 779
1334 334
1343 343
1087 87
1906 906
1690 690
1396 396
1595 595
1349 349
1451 451
1507 507
1777 777
1759 759
1790 790
1631 631
1060 60
1275 275
1141 141
1354 354
1377 377
1582 582
1431 431
1987 987
1083 83
1789 789
1707 707
1299 299
1101 101
1553 553
1319 319
1224 224
1391 391
1809 809
1678 678
1042 42
1001 1
1746 746
1218 218
1594 594
1591 591
1176 176
1043 43
1301 301
1363 363
1387 387
1209 209
1868 868
1250 250
1771 771
1561 561
1498 498
1145 145
1670 670
1150 150
1819 819
1825 825
1897 897
1762 762
1957 957
1195 195
1925 925
1308 308
1617 617
1667 667
1524 524
1392 392
1435 435
1614 614
1868 868
1244 244
1918 918
1872 872
1844 844
1023 23
1630 630
1416 416
1481 481
1096 96
1862 862
1598 598
1302 302
1494 494
1451 451
1581 581
1142 142
1389 389
1810 810
1672 672
1251 251
1977 977
1172 172
1902 902
1399 399
1309 309
1015 15
1930 930
1398 398
1886 886
1506 506
1042 42
1575 575
1440 440
1554 554
1093 93
1985 985
1942 942
1492 492
1393 393
1127 127
1807 807
1630 630
1303 303
1201 201
1668 668
1442 442
1930 930
1726 726
1716 716
1630 630
1099 99
1139 139
1970 970
1695 695
1976 976
1963 963
1395 395
1785 785
1202 202
1529 529
1869 869
1918 918
1991 991
1660 660
1068 68
1630 630
1629 629
1225 225
1875 875
1371 371
1851 851
1171 171
1618 618
1474 474
1744 744
1371 371
1770 770
1126 126
1475 475
1685 685
1306 306
1294 294
1588 588
1354 354
1799 799
1613 613
1047 47
1293 293
1310 310
1937 937
1052 52
1814 814
1435 435
1923 923
1062 62
1978 978
1989 989
1131 131
1432 432
1699 699
1333 333
1010 10
1422 422
1956 956
1093 93
1755 755
1795 795
1094 94
1966 966
1695 695
1513 513
1654 654
1916 916
1307 307
1585 585
1871 871
1372 372
1003 3
1047 47
1695 695
1671 671
1634 634
1988 988
1860 860
1662 662
1064 64
1131 131
1046 46
1791 791
1708 708
1190 190
1477 477
1193 193
1313 313
1529 529
1870 870
1150 150
1270 270
1753 753
1251 251
1188 188
1813 813
1868 868
1002 2
1550 550
1564 564
1111 111
1803 803
1367 367
1641 641
1423 423
1492 492
1062 62
1883 883
1172 172
1503 503
1098 98
1448 448
1056 56
1965 965
1030 30
1802 802
1380 380
1546 546
1863 863
1427 427
1262 262
1843 843
1047 47
1057 57
1149 149
1940 940
1210 210
1100 100
1316 316
1087 87
1357 357
1325 325
1057 57
1979 979
1177 177
1460 460
1356 356
1364 364
1149 149
1542 542
1904 904
1182 182
1264 264
1898 898
1492 492
1319 319
1093 93
1027 27
1865 865
1052 52
1749 749
1769 769
1642 642
1880 880
1278 278
1356 356
1620 620
1036 36
1841 841
1415 415
1293 293
1393 393
1891 891
1289 289
1176 176
1231 231
1707 707
1262 262
1693 693
1000 0
1453 453
1672 672
1142 142
1936 936
1014 14
1121 121
1832 832
1905 905
1382 382
1729 729
1810 810
1516 516
1363 363
1494 494
1403 403
1816 816
1906 906
1272 272
1342 342
1835 835
1116 116
1534 534
1776 776
1451 451
1172 172
1341 341
1858 858
1686 686
1284 284
1604 604
1899 899
1949 949
1549 549
1176 176
1328 328
1366 366
1472 472
1943 943
1424 424
1208 208
1082 82
1486 486
1864 864
1769 769
1020 20
1298 298
1286 286
1693 693
1863 863
1031 31
1377 377
1516 516
1100 100
1781 781
1104 104
1651 651
1435 435
1359 359
1782 782
1373 373
1410 410
1733 733
1651 651
1396 396
1760 760
1544 544
1618 618
1568 568
1962 962
1758 758
1103 103
1276 276
1362 362
1736 736
1951 951
1392 392
1800 800
1182 182
1321 321
1381 381
1129 129
1450 450
1762 762
1081 81
1903 903
1576 576
1023 23
1622 622
1430 430
1248 248
1845 845
1671 671
1184 184
1949 949
1717 717
1627 627
1038 38
1963 963
1069 69
1567 567
1570 570
1602 602
1016 16
1158 158
1873 873
1418 418
1536 536
1095 95
1312 312
1217 217
1870 870
1409 409
1671 671
1930 930
1818 818
1725 725
1353 353
1759 759
1765 765
1111 111
1466 466
1352 352
1094 94
1598 598
1585 585
1598 598
1362 362
1994 994
1683 683
1721 721
1103 103
1409 409
1074 74
1832 832
1597 597
1458 458
1197 197
1943 943
1477 477
1226 226
1532 532
1235 235
1156 156
1045 45
1979 979
1218 218
1728 728
1515 515
1061 61
1507 507
1799 799
1230 230
1778 778
1375 375
1542 542
1856 856
1791 791
1689 689
1704 704
1864 864
1680 680
1876 876
1842 842
1372 372
1289 289
1745 745
1840 840
1155 155
1436 436
1514 514
1890 890
1916 916
1944 944
1624 624
1503 503
1254 254
1968 968
1943 943
1946 946
1442 442
1329 329
1427 427
1143 143
1263 263
1844 844
1587 587
1017 17
1553 553
1528 528
1004 4
1349 349
1313 313
1444 444
1629 629
1916 916
1827 827
1120 120
1820 820
1937 937
1892 892
1179 179
1613 613
1018 18
1884 884
1744 744
1853 853
1017 17
1678 678
1368 368
1740 740
1979 979
1520 520
1993 993
1794 794
1344 344
1678 678
1664 664
1655 655
1149 149
1959 959
1039 39
1791 791
1695 695
1537 537
1072 72
1906 906
1483 483
1425 425
1548 548
1826 826
1746 746
1675 675
1438 438
1425 425
1372 372
1452 452
1546 546
1421 421
1264 264
1736 736
1828 828
1074 74
1684 684
1738 738
1407 407
1604 604
1241 241
1063 63
1642 642
1805 805
1518 518
1945 945
1463 463
1917 917
1835 835
1348 348
1583 583
1576 576
1843 843
1651 651
1989 989
1035 35
1159 159
1017 17
1343 343
1742 742
1820 820
1653 653
1500 500
1978 978
1898 898
1092 92
1077 77
1561 561
1487 487
1159 159
1758 758
1867 867
1546 546
1366 366
1999 999
1217 217
1869 869
1392 392
1689 689
1066 66
1954 954
1318 318
1384 384
1191 191
1252 252
1854 854
1138 138
1612 612
1397 397
1133 133
1479 479
1725 725
1047 47
1704 704
1078 78
1109 109
1714 714
1650 650
1416 416
1270 270
1044 44
1644 644
1909 909
1460 460
1825 825
1893 893
1872 872
1188 188
1258 258
1625 625
1195 195
1447 447
1927 927
1797 797
1994 994
1727 727
1906 906
1048 48
1554 554
1727 727
1424 424
1027 27
1736 736
1433 433
1341 341
1616 616
1831 831
1444 444
1567 567
1671 671
1959 959
1710 710
1154 154
1305 305
1628 628
1333 333
1885 885
1649 649
1086 86
1662 662
1551 551
1242 242
1172 172
1828 828
1233 233
1429 429
1325 325
1002 2
1450 450
1508 508
1667 667
1330 330
1553 553
1983 983
1690 690
1942 942
1481 481
1589 589
1484 484
1494 494
1469 469
1300 300
1139 139
1468 468
1059 59
1431 431
1585 585
1279 279
1741 741
1692 692
1159 159
1348 348
1560 560
1649 649
1016 16
1429 429
1591 591
1523 523
1539 539
1504 504
1522 522
1150 150
1343 343
1718 718
1969 969
1533 533
1089 89
1031 31
1164 164
1475 475
1244 244
1805 805
1709 709
1124 124
1768 768
1843 843
1834 834
1921 921
1468 468
1433 433
1416 416
1144 144
1719 719
1986 986
1371 371
1143 143
1554 554
1443 443
1140 140
1679 679
1174 174
1938 938
1621 621
1528 528
1405 405
1593 593
1791 791
1202 202
1505 505
1455 455
1950 950
1387 387
1376 376
1990 990
1454 454
1066 66
1727 727
1662 662
1254 254
1770 770
1132 132
1558 558
1401 401
1034 34
1567 567
1875 875
1521 521
1701 701
1257 257
1934 934
1022 22
1327 327
1343 343
1297 297
1204 204
1579 579
1260 260
1367 367
1536 536
1706 706
1548 548
1322 322
1948 948
1705 705
1377 377
1456 456
1583 583
1464 464
1810 810
1328 328
1985 985
1680 680
1766 766
1103 103
1279 279
1080 80
1977 977
1807 807
1135 135
1375 375
1376 376
1269 269
1927 927
1227 227
1900 900
1314 314
1081 81
1383 383
1568 568
1850 850
1943 943
1247 247
1370 370
1559 559
1993 993
1223 223
1311 311
1772 772
1336 336
1910 910
1660 660
1762 762
1356 356
1254 254
1731 731
1971 971
1181 181
1266 266
1715 715
1848 848
1810 810
1952 952
1186 186
1447 447
1016 16
1091 91
1582 582
1220 220
1302 302
1781 781
1801 801
1141 141
1001 1
1994 994
1281 281
1408 408
1293 293
1009 9
1339 339
1357 357
1058 58
1115 115
1669 669
1082 82
1429 429
1509 509
1889 889
