1000
416 10
825 298
368 193
566 161
124 432
562 174
553 354
958 91
978 412
503 148
718 189
341 23
339 967
978 744
3 940
870 770
178 99
414 885
578 736
232 523
709 824
807 232
873 216
801 555
185 588
518 958
41 164
983 832
150 229
539 156
323 49
711 78
994 920
788 772
367 678
761 480
61 626
325 610
420 952
201 768
698 556
80 164
967 230
163 288
537 519
3 3
496 184
607 798
95 505
406 790
954 416
243 878
27 330
394 177
679 518
248 413
691 324
67 460
195 621
201 135
893 330
292 538
693 670
798 259
426 363
516 574
629 67
371 708
35 746
685 401
449 264
737 480
265 29
345 920
676 625
933 30
602 187
396 181
349 901
725 846
75 300
784 40
189 81
817 232
424 13
113 513
791 341
319 40
99 148
206 569
358 977
284 856
91 527
549 657
410 523
777 151
531 588
781 163
414 24
662 868
353 816
658 17
470 45
313 800
125 565
56 109
952 96
174 940
308 216
96 499
58 220
222 745
162 588
241 993
990 923
900 553
930 639
159 732
849 14
194 784
768 560
122 265
235 980
225 370
689 663
562 650
865 913
108 30
913 910
367 399
684 421
111 249
303 566
171 728
969 384
570 636
797 629
516 720
23 939
898 693
201 625
28 397
215 561
250 92
793 251
559 16
563 789
784 328
128 609
306 285
210 393
682 401
646 727
810 570
990 502
537 658
971 701
916 158
421 703
732 830
266 314
412 392
92 389
642 739
229 620
751 155
14 160
678 913
387 311
627 316
39 245
600 457
346 392
137 767
374 689
567 900
796 132
451 11
755 230
976 225
508 491
827 595
881 319
97 185
46 707
686 754
780 125
64 659
1 337
587 652
615 949
974 310
314 21
121 438
641 235
99 684
672 500
140 196
268 852
926 47
936 912
792 233
966 808
139 35
377 579
24 954
672 516
491 104
747 741
22 806
354 933
342 211
195 331
70 162
472 552
557 132
24 146
899 136
683 555
600 936
255 702
517 368
401 202
100 921
640 169
803 184
662 586
796 412
955 719
449 121
258 132
521 805
742 637
426 278
803 671
663 558
790 588
263 373
309 291
898 711
613 450
485 105
474 587
350 507
999 912
77 946
794 812
804 208
132 641
827 101
14 946
910 261
829 298
841 12
608 224
635 25
647 99
443 69
383 155
327 469
659 633
523 852
410 144
685 357
934 390
13 343
959 477
822 367
608 75
202 104
402 323
557 648
239 268
24 121
381 899
188 407
12 588
420 331
389 272
408 184
712 933
906 366
11 768
461 545
655 811
517 434
131 41
165 154
940 566
27 318
411 834
413 546
264 323
79 782
488 731
572 88
268 320
783 346
965 796
690 531
692 338
102 858
459 958
731 574
427 686
242 353
319 818
949 97
24 352
682 437
760 968
666 666
143 585
627 195
25 678
993 646
200 870
317 341
813 794
931 884
2 228
582 231
851 736
756 943
707 963
466 135
516 948
614 322
98 134
122 710
328 434
975 332
653 349
385 426
444 116
641 556
111 974
987 274
340 780
506 566
764 751
265 487
810 882
866 799
658 26
365 709
242 62
593 768
996 728
448 32
679 892
518 562
92 320
592 802
324 831
588 554
200 695
136 420
886 867
944 193
904 468
164 896
950 973
358 224
924 712
925 729
984 730
819 922
429 919
413 961
542 640
9 339
274 11
313 257
108 255
860 215
699 991
9 711
134 184
307 917
876 91
790 84
358 999
879 109
567 420
675 858
557 932
896 163
56 197
507 694
854 731
654 600
654 400
662 836
856 718
675 72
327 455
307 198
374 833
267 935
6 421
721 754
11 115
70 565
94 396
282 102
374 435
578 345
68 328
694 3
521 19
864 196
533 91
547 792
914 789
893 7
805 49
870 996
717 606
733 86
863 87
238 270
687 393
385 501
753 839
845 283
52 94
114 745
84 756
1 686
247 644
760 654
73 20
382 907
464 262
470 820
207 123
918 424
443 310
244 861
802 254
724 919
417 980
90 837
850 252
276 271
136 811
698 788
642 261
87 258
788 19
533 321
288 334
591 168
159 849
754 359
248 584
932 788
443 634
359 709
517 27
673 871
484 160
303 192
839 735
297 302
126 440
976 756
935 74
925 912
810 128
868 978
740 514
342 878
598 323
82 17
702 295
132 307
462 847
474 128
828 674
545 898
405 387
54 695
621 947
7 412
437 415
43 814
42 640
312 424
837 204
511 266
610 544
667 95
632 662
67 969
850 793
786 500
915 155
743 976
62 648
973 141
559 897
263 210
717 794
941 652
53 821
285 563
720 978
551 144
511 554
752 191
551 49
985 22
541 174
274 402
253 261
308 499
956 209
172 42
915 783
830 149
441 671
531 732
194 902
591 611
586 442
12 163
481 81
595 190
684 405
657 261
124 664
825 210
36 868
753 766
790 417
951 807
755 940
908 565
56 590
495 16
314 820
624 930
755 185
713 46
869 294
971 47
742 101
863 817
512 563
219 364
148 393
137 634
492 355
346 951
947 979
362 82
162 860
350 147
955 223
560 413
138 372
788 543
857 16
107 432
642 411
276 814
852 649
132 740
607 734
735 563
384 837
925 951
303 211
192 680
964 238
449 545
416 548
370 586
978 764
962 421
149 202
231 769
223 561
927 421
237 887
979 68
822 974
296 358
191 216
769 441
309 364
907 996
319 267
269 783
908 192
104 332
830 847
950 420
43 45
806 374
170 281
100 916
430 504
199 522
253 939
865 718
564 730
84 361
881 791
315 384
139 0
950 184
801 178
455 544
184 281
139 3
368 839
220 432
393 515
214 47
330 979
580 452
294 716
148 613
499 68
500 338
10 449
203 106
686 553
390 704
876 365
526 891
266 451
486 360
560 787
871 412
283 767
703 274
443 247
523 208
70 264
87 299
328 310
929 763
261 905
482 15
469 84
274 960
531 984
442 333
229 247
771 590
860 479
870 900
74 668
74 353
127 632
124 87
735 678
845 908
712 828
288 457
545 397
462 481
517 38
148 771
865 207
112 233
878 443
979 496
116 765
119 696
996 744
813 425
62 225
858 788
574 201
477 818
109 903
78 721
18 854
314 551
43 666
997 302
838 151
36 667
270 714
65 133
316 518
240 126
111 366
62 541
29 520
316 39
22 582
711 180
571 85
465 816
189 464
903 267
782 77
274 776
867 290
411 331
192 329
839 574
843 570
677 554
212 490
344 228
315 919
962 967
544 275
365 296
962 863
787 520
485 735
889 716
947 603
839 606
549 821
446 843
257 974
731 195
684 288
96 131
433 948
237 543
439 170
695 304
45 849
762 46
452 318
656 313
699 45
907 646
398 818
740 313
89 638
424 867
149 830
843 205
255 613
284 486
532 392
123 284
811 799
101 693
879 610
960 589
468 401
583 661
992 149
325 893
686 308
562 62
150 38
845 136
372 329
696 73
8 171
568 353
76 285
264 727
713 20
835 106
399 423
29 107
741 688
788 968
888 300
657 659
227 759
909 591
781 280
844 330
304 564
611 465
831 754
525 883
400 389
980 314
133 854
689 320
807 678
452 529
949 540
103 439
303 958
437 400
765 765
79 679
933 580
277 932
64 489
197 554
401 881
72 465
288 109
844 649
351 532
447 59
329 33
99 849
781 296
17 881
67 243
848 574
438 780
918 577
921 68
519 686
846 475
628 288
729 578
989 528
192 793
451 130
962 495
167 201
254 926
812 34
700 328
437 742
293 292
930 788
831 743
959 754
745 291
704 937
570 718
175 465
529 730
519 236
985 483
118 841
365 951
30 761
679 715
36 504
504 299
88 613
365 985
234 390
658 134
150 88
847 785
118 280
662 57
60 188
776 248
747 163
634 674
639 174
465 252
323 332
909 186
395 781
79 777
904 619
925 454
778 996
495 453
952 695
504 395
717 972
503 463
507 40
823 724
627 697
808 433
571 240
556 650
562 195
278 39
420 578
353 669
384 470
201 532
216 220
428 636
514 227
570 702
212 120
867 342
561 488
511 314
151 698
678 936
497 850
503 987
167 300
769 421
563 886
213 65
17 618
945 239
505 427
493 823
885 584
472 907
443 303
478 661
234 745
373 60
697 885
909 981
47 973
900 890
7 671
197 900
275 57
587 692
533 411
68 723
8 579
97 455
582 246
754 256
866 392
686 451
319 92
611 51
468 406
292 251
487 881
794 307
594 630
722 625
63 143
788 262
568 53
581 287
41 14
238 515
752 30
507 335
607 701
84 247
868 663
166 538
363 154
406 530
657 883
273 988
367 647
395 448
687 741
68 22
347 317
445 945
300 227
431 332
411 525
113 756
633 753
440 175
742 872
891 722
125 293
690 40
283 386
796 27
273 637
4 308
735 465
742 245
713 156
629 789
62 280
331 883
68 411
995 91
955 72
543 449
683 285
471 866
162 895
95 174
224 538
310 470
59 301
5 121
658 557
462 25
758 98
698 406
872 97
351 41
937 615
338 161
890 355
125 468
363 818
60 766
888 60
679 725
757 868
