1000
194 125
518 910
727 764
612 922
254 458
797 331
813 118
254 305
53 889
833 125
118 589
674 768
585 859
367 350
596 888
762 570
476 121
608 349
879 808
190 295
471 142
827 466
701 989
814 275
436 346
35 767
306 886
107 332
366 417
586 357
874 349
664 584
697 203
815 47
499 727
558 711
576 458
302 839
258 798
806 713
238 596
577 28
965 94
428 732
961 437
420 902
938 689
467 334
672 719
784 134
17 927
821 295
991 310
207 749
568 304
22 497
467 743
498 781
562 17
841 253
715 289
846 433
539 286
11 803
911 377
48 930
885 870
535 271
625 676
28 894
560 942
871 785
982 322
199 873
680 681
765 904
22 483
139 312
643 822
117 809
747 346
70 173
906 32
390 605
72 281
575 735
510 916
550 563
151 645
474 879
110 210
208 286
536 623
909 659
471 480
409 748
372 215
38 654
963 531
165 611
73 757
600 806
517 226
179 774
810 633
765 464
952 656
743 943
706 219
798 220
653 617
982 604
626 496
460 588
730 42
67 867
62 896
342 379
996 915
636 699
296 526
6 160
491 246
857 897
205 784
750 769
571 234
46 392
824 287
306 226
839 238
659 723
34 743
65 994
506 210
115 717
502 269
228 261
588 596
276 602
970 191
89 828
725 136
274 516
543 844
872 604
295 874
749 609
185 455
502 714
144 913
347 333
16 232
822 862
910 679
185 233
800 573
875 49
417 542
180 4
246 869
869 242
951 390
239 991
834 679
534 405
934 387
113 479
966 543
123 457
271 1
702 399
295 411
115 948
992 246
949 602
556 525
485 633
399 689
404 16
782 401
317 143
254 314
13 103
284 634
944 756
976 790
790 547
466 837
315 57
741 266
763 588
483 473
17 720
276 869
440 510
452 599
623 631
492 37
913 566
570 479
326 977
847 152
475 291
698 292
649 721
270 116
42 149
454 791
76 650
68 109
639 748
287 5
265 513
683 910
74 624
112 717
97 171
581 14
523 871
400 783
241 885
483 618
427 603
945 544
199 484
794 332
772 950
571 161
320 492
92 718
578 336
596 333
996 797
26 65
95 214
687 492
569 926
973 102
636 194
793 840
239 834
618 337
8 521
670 648
790 894
784 779
103 787
803 566
240 529
378 53
123 396
586 893
529 555
389 120
536 58
738 594
70 490
979 492
128 578
483 703
491 918
339 647
481 129
698 399
251 966
793 463
558 451
40 793
736 725
693 766
783 977
868 873
521 961
357 807
187 604
913 946
661 412
161 182
754 379
556 108
245 205
113 867
546 181
734 825
717 736
283 6
557 317
878 388
931 603
789 361
87 310
420 99
236 847
298 47
98 425
154 790
220 423
472 128
664 433
925 308
811 571
625 624
35 765
232 197
698 622
540 354
268 910
661 927
229 589
188 619
713 391
12 886
626 776
467 752
553 515
765 560
506 71
554 321
165 98
800 127
496 123
846 96
346 562
807 983
182 650
39 336
745 346
776 164
793 388
620 901
739 836
223 177
449 897
575 923
752 251
271 762
25 77
303 866
363 187
795 512
824 802
194 984
291 82
246 444
478 924
588 4
375 823
122 35
601 720
715 851
784 419
749 708
307 743
594 832
894 264
538 788
846 986
130 864
760 917
167 916
84 520
906 392
689 611
838 183
586 23
786 46
798 24
893 357
745 859
359 172
56 72
860 822
457 587
527 841
354 496
32 80
69 388
346 397
846 456
651 242
5 858
29 871
903 58
799 925
137 858
461 287
2 653
260 16
966 920
588 938
558 69
781 524
498 465
370 726
446 527
265 472
757 452
751 56
17 634
228 792
551 747
373 650
14 710
755 132
744 226
956 409
51 56
558 642
705 445
938 798
174 138
25 567
683 393
419 969
503 339
798 760
526 477
527 782
53 845
498 230
387 515
9 541
287 713
668 371
488 291
981 297
506 734
380 342
129 590
975 535
106 182
566 313
403 271
334 630
680 183
556 132
602 799
763 630
562 327
415 867
518 316
899 619
60 540
229 929
547 919
764 648
634 901
75 259
626 731
911 891
524 743
100 195
47 502
494 470
941 547
969 129
917 315
14 259
53 136
413 308
526 933
508 462
658 874
532 285
97 155
958 560
817 401
410 995
291 930
466 278
873 323
300 969
965 229
945 531
978 847
474 359
63 406
772 726
570 416
602 86
701 783
463 995
411 584
817 617
650 119
919 684
424 811
380 969
363 822
916 373
868 444
601 162
4 703
123 291
305 532
7 309
753 477
825 298
244 839
52 430
690 399
512 658
957 357
193 646
312 111
309 463
320 442
256 869
9 931
580 681
702 817
973 48
105 848
675 194
321 487
662 57
826 510
806 713
71 347
989 374
445 357
833 198
796 780
498 899
315 802
152 88
668 60
99 997
188 273
250 187
843 119
596 528
148 499
64 610
415 625
36 321
507 396
848 714
439 442
527 407
249 278
761 777
831 627
938 970
587 78
118 404
53 640
989 89
931 743
956 560
428 656
20 500
403 420
545 433
296 607
370 842
446 777
596 310
921 289
87 519
834 820
689 152
936 551
212 911
650 150
594 73
792 253
328 620
542 317
115 930
332 530
449 596
20 457
744 122
859 928
98 288
758 60
254 121
971 594
673 140
634 427
106 140
462 377
765 670
872 259
628 488
993 730
870 697
321 246
648 473
605 70
639 264
452 206
477 311
596 540
914 515
991 708
353 913
328 516
442 301
932 773
933 852
339 180
627 101
41 917
456 892
833 44
698 613
421 523
368 107
900 468
81 266
944 772
45 123
619 623
906 738
235 351
13 69
130 483
750 846
654 724
236 478
344 995
134 207
3 68
722 927
83 143
68 641
53 692
786 576
737 888
756 285
502 676
118 972
44 966
155 956
899 922
143 158
438 233
368 486
753 443
75 727
46 154
176 105
874 181
560 467
592 922
179 23
589 867
210 911
922 109
218 619
713 253
300 332
24 258
264 821
849 239
97 408
384 764
446 666
324 857
460 943
552 446
859 278
227 284
164 794
884 207
82 830
997 520
638 422
596 918
173 63
916 245
731 783
987 857
391 57
159 648
773 835
969 923
592 611
140 157
876 248
165 447
64 132
289 890
755 904
429 337
716 199
784 748
314 774
910 638
360 205
562 669
709 641
710 600
497 77
902 978
755 91
390 412
391 853
784 84
467 192
143 243
912 938
558 845
922 316
570 974
78 7
470 809
36 390
91 586
786 924
168 674
574 900
58 423
427 818
526 435
2 289
346 858
804 801
526 806
195 422
228 185
549 924
808 540
324 183
714 693
409 196
164 818
678 482
654 711
656 236
65 159
660 336
7 886
754 541
805 645
139 623
456 750
244 854
2 57
23 750
912 499
996 919
972 90
750 683
891 165
293 587
611 333
738 977
252 177
621 606
425 192
624 620
690 370
534 15
709 954
407 430
138 567
505 81
104 960
241 448
768 581
205 7
971 153
916 77
607 184
793 556
46 576
898 835
342 359
386 496
961 313
655 538
191 941
398 367
325 787
587 672
528 896
508 807
51 145
747 446
129 159
868 517
807 858
435 616
322 472
994 952
637 870
598 896
312 540
71 742
734 67
773 15
335 919
154 185
444 370
92 749
710 346
807 9
714 370
70 464
833 783
683 703
842 687
59 745
673 399
189 72
445 777
461 952
586 582
400 135
332 357
458 574
251 738
111 426
908 176
887 233
662 220
211 242
361 207
692 124
705 416
453 595
234 559
329 745
517 217
677 33
805 729
913 34
845 666
706 982
47 14
108 778
510 531
740 918
54 174
237 103
770 130
149 429
247 658
981 780
269 207
216 657
537 381
278 544
747 269
107 555
956 238
96 968
779 211
143 230
174 380
57 415
522 70
160 431
260 151
842 728
681 732
17 508
302 39
270 918
182 419
541 178
444 681
631 519
201 102
465 45
503 435
936 603
33 486
275 820
958 95
326 228
872 424
265 741
315 269
644 146
331 700
391 807
117 91
334 674
930 811
330 196
217 281
113 921
677 977
250 534
418 994
492 847
894 494
612 620
87 26
432 259
180 350
118 249
344 525
190 617
35 949
362 73
526 74
483 830
78 36
331 996
745 36
5 752
551 273
652 617
601 597
124 374
336 482
18 188
26 923
995 948
645 581
447 866
358 492
505 473
472 795
630 455
242 170
813 255
95 592
450 616
865 557
511 845
111 778
602 602
703 215
736 394
354 747
842 498
539 931
595 40
265 164
221 284
38 179
398 125
295 122
620 3
506 344
169 873
930 466
467 511
801 411
377 890
237 675
92 37
792 679
352 7
44 524
236 353
988 651
30 610
207 15
358 282
995 357
336 784
765 69
690 757
595 727
82 24
263 672
567 336
753 408
637 73
782 125
980 982
214 711
781 377
922 796
22 903
290 411
483 622
273 173
494 202
998 665
448 629
767 304
860 181
117 284
351 73
490 836
966 27
342 901
533 371
757 885
445 427
414 732
109 328
792 828
726 987
253 99
56 26
352 132
396 523
453 877
54 326
877 348
