1000
947 26
360 400
767 112
636 130
359 698
372 438
583 927
302 821
293 295
399 390
363 415
656 492
543 183
315 671
835 660
402 376
206 683
494 983
595 671
120 459
79 665
39 435
197 696
785 435
943 335
38 462
289 758
263 234
972 635
602 510
653 652
713 964
524 454
242 202
809 943
978 329
771 55
465 513
728 35
325 185
463 468
153 178
260 87
963 476
697 396
631 3
211 4
344 344
799 804
330 479
279 652
550 4
676 237
110 922
28 79
8 653
104 956
571 165
925 65
732 450
755 967
320 800
127 40
779 51
439 46
146 866
541 542
931 796
635 93
247 895
649 40
692 674
735 208
174 806
955 310
119 664
243 9
748 856
578 349
367 482
313 600
693 483
101 517
830 41
453 463
687 578
396 850
825 381
280 858
69 726
622 326
419 599
592 310
735 637
294 258
654 356
438 625
288 316
792 536
566 394
61 47
319 69
403 564
687 142
547 457
967 793
176 599
383 779
545 697
285 887
252 840
926 492
157 320
641 505
912 528
308 51
766 412
901 731
315 787
825 933
490 484
257 413
575 955
350 953
840 206
38 402
951 950
545 52
390 167
493 944
61 819
503 644
380 948
343 629
691 693
923 146
543 372
662 952
73 282
793 993
521 777
481 309
71 439
813 146
866 255
299 251
794 192
976 664
830 778
676 389
329 810
710 777
154 549
114 69
601 548
267 418
932 66
958 727
591 528
673 973
671 625
563 820
11 112
756 918
4 563
0 900
475 776
920 686
318 715
488 211
381 307
865 193
941 679
944 689
147 35
607 239
985 474
335 21
471 486
395 575
43 825
160 191
821 184
299 4
814 51
512 600
884 428
723 892
298 830
430 319
69 360
138 566
557 525
888 223
226 344
627 759
107 548
549 291
850 828
908 553
942 193
316 884
768 336
200 284
660 325
854 825
459 216
613 238
669 881
706 706
969 31
240 389
30 329
639 193
950 882
313 690
574 383
598 741
935 472
346 55
284 437
286 983
536 480
492 20
844 524
640 8
171 321
170 985
74 987
765 316
681 826
933 714
986 423
491 974
649 955
803 249
772 943
604 340
175 993
278 710
606 193
24 183
489 47
276 254
476 516
537 246
474 747
796 102
530 235
294 850
109 910
131 370
194 688
716 402
727 180
275 298
595 26
278 860
810 881
674 116
478 882
58 337
805 64
470 76
669 938
101 997
799 475
115 100
958 956
760 506
493 517
794 630
675 877
454 945
747 961
682 999
272 566
76 479
734 792
120 19
854 853
173 904
106 308
734 603
793 480
375 718
665 667
859 205
865 494
840 55
182 504
896 422
722 67
331 836
510 600
37 899
241 797
800 667
822 331
533 842
550 924
720 426
257 194
778 620
220 275
475 22
997 38
30 528
574 302
436 298
240 939
873 490
726 495
585 967
731 554
429 262
349 715
748 867
85 483
869 899
611 1
908 443
92 199
150 17
787 304
42 372
807 272
402 179
193 484
948 973
105 193
457 301
775 437
112 573
502 521
947 810
940 66
38 799
823 450
784 180
679 912
759 175
551 498
937 444
372 315
508 366
756 64
473 105
809 716
315 440
277 173
309 932
694 558
619 562
510 10
420 272
452 481
64 655
717 116
487 498
821 104
628 55
206 281
841 544
455 377
606 584
360 539
688 639
535 16
490 658
126 211
854 530
469 299
801 125
660 332
594 762
970 534
166 346
946 420
967 608
723 377
278 934
342 357
626 648
235 153
790 793
819 26
8 634
552 666
639 660
389 611
449 282
987 642
734 75
892 685
503 833
449 560
712 840
677 307
514 272
592 184
720 624
208 778
83 434
721 542
115 179
765 301
590 962
653 66
829 339
81 103
452 553
400 802
578 285
243 157
475 928
989 312
770 859
747 936
851 471
256 204
287 573
414 487
64 593
478 157
333 901
264 39
233 690
805 870
933 600
894 394
244 651
550 322
736 752
12 125
346 12
610 260
738 537
302 722
709 945
327 465
45 84
641 35
107 19
714 519
866 49
223 831
547 392
482 513
749 880
567 379
105 70
242 310
388 696
10 719
801 625
415 442
410 752
705 496
279 756
122 75
375 478
175 442
452 215
169 733
86 691
748 476
683 91
989 230
920 928
388 799
907 445
59 59
855 739
424 549
258 235
184 7
519 845
377 936
992 783
135 604
767 525
939 696
866 103
119 41
908 906
920 253
749 214
405 583
715 13
717 469
587 974
77 962
606 777
266 850
682 679
105 733
841 743
733 100
335 98
585 453
292 900
578 448
705 577
686 952
848 1
841 376
62 12
815 411
907 935
67 496
196 330
438 74
586 678
974 238
455 991
9 512
592 27
514 322
758 53
625 933
786 59
321 877
460 780
487 865
640 816
83 723
154 897
283 143
450 326
365 615
575 691
274 829
674 750
671 190
792 37
557 454
228 575
903 852
657 899
5 276
41 448
281 34
676 622
41 715
749 136
541 603
692 35
97 136
219 877
681 908
569 88
863 300
403 473
744 628
447 349
788 267
124 683
557 327
261 115
677 819
976 979
977 749
388 641
110 834
791 981
567 948
482 151
331 423
567 30
502 600
497 949
603 181
47 244
907 500
346 360
103 735
736 518
96 527
403 219
745 729
267 356
881 361
697 185
415 47
800 889
390 359
272 619
779 310
154 261
8 945
341 438
745 677
896 752
168 673
261 232
90 574
155 496
848 619
875 578
643 682
145 110
407 520
671 899
88 584
527 720
142 160
185 368
576 905
285 64
195 587
287 721
532 368
74 613
307 711
221 127
105 238
500 31
883 824
708 268
672 274
921 387
373 181
256 121
441 68
450 947
283 584
945 754
623 457
853 227
399 414
430 755
671 840
606 560
86 980
950 705
438 46
228 669
896 78
956 507
94 483
801 694
574 972
488 803
398 964
225 372
88 669
272 752
393 689
976 295
313 295
373 976
143 60
870 619
448 32
330 152
559 663
823 137
761 820
558 248
511 928
141 970
953 271
840 378
692 839
509 594
494 90
942 410
765 179
170 20
706 607
191 888
250 321
302 177
911 364
895 303
949 982
318 921
110 792
522 226
882 299
157 692
497 997
535 395
31 315
926 124
401 55
410 348
400 596
441 424
720 535
904 215
784 714
563 717
762 764
414 585
954 719
463 573
944 432
127 886
554 464
443 138
346 451
742 406
105 28
744 489
220 520
984 800
17 17
500 785
504 319
189 168
577 640
65 278
119 224
105 715
963 904
106 32
194 211
282 914
770 939
433 60
880 906
148 316
167 930
147 296
194 711
421 653
245 120
459 794
910 744
542 43
347 942
843 904
597 524
51 503
944 665
129 726
888 476
807 542
959 381
224 438
654 744
411 882
895 950
951 6
885 589
556 912
402 86
934 137
206 243
790 711
421 47
583 377
754 421
190 264
71 957
867 344
990 804
902 407
22 510
965 890
190 643
6 999
469 366
963 450
467 276
951 445
499 178
162 642
941 354
835 203
751 454
572 230
595 707
697 626
689 265
192 577
356 369
629 382
35 133
552 506
582 362
16 332
555 814
421 330
937 42
222 502
418 340
91 833
862 175
64 584
992 886
659 730
69 563
835 273
693 83
579 880
215 234
980 59
174 831
774 814
313 172
803 945
479 631
440 192
168 40
376 447
189 678
957 603
463 787
415 781
612 641
675 91
746 265
350 104
466 117
405 863
8 78
438 961
505 29
504 63
774 255
445 954
663 88
380 180
892 515
690 151
580 769
551 61
956 121
178 350
267 965
951 993
108 287
869 465
135 252
83 406
895 703
575 533
607 772
673 948
251 319
447 347
36 535
519 881
737 356
844 564
365 1
842 476
557 193
128 384
410 292
274 572
245 504
712 220
501 874
864 61
688 990
556 670
229 162
49 316
68 211
148 72
977 767
515 860
997 588
813 781
785 214
29 450
266 13
192 638
551 64
683 387
872 688
601 493
710 515
168 69
424 470
97 947
722 635
817 936
717 714
200 594
588 700
972 499
786 642
161 571
586 746
410 215
387 956
796 610
75 143
279 707
907 94
237 316
228 428
626 510
814 588
101 487
206 961
263 704
400 744
466 913
104 488
107 662
849 150
967 158
847 162
952 416
107 797
55 600
391 771
788 999
564 479
378 741
329 577
14 155
648 47
478 685
800 785
308 108
620 477
982 903
823 224
285 90
4 261
575 683
464 466
444 864
681 57
593 299
311 284
799 37
90 109
349 170
269 420
553 357
496 407
373 11
415 416
901 867
825 953
200 29
875 873
722 851
116 683
26 176
912 845
261 610
470 850
853 3
597 513
148 200
15 680
266 328
875 509
955 821
211 204
806 41
36 748
284 712
792 110
436 262
331 447
658 582
866 36
485 356
622 826
923 671
614 886
417 580
440 950
120 689
314 623
365 658
19 510
816 707
465 962
701 458
190 575
645 342
562 924
162 471
316 781
346 327
933 231
691 586
348 278
611 5
869 429
331 739
109 497
271 229
808 352
35 257
974 738
593 242
733 983
618 541
