1000
1650 2664
4863 7659
8092 3748
4904 465
2373 9317
2485 8511
9288 5863
7248 6312
7586 2641
6038 291
2761 6407
2262 4735
6760 2186
9356 5697
9763 4068
3656 5495
9409 6980
982 8382
8912 3580
5353 8542
5425 2421
5003 5278
146 156
8795 1454
3299 7087
4946 9875
994 330
9147 9963
3340 8578
5839 6561
8974 33
2770 539
1781 1693
942 3680
4683 1307
2497 4136
5328 1042
8732 1477
9076 24
4309 9898
4915 3400
4607 603
3460 9497
449 8757
8094 1710
6639 8380
2069 4395
7311 2252
4984 8624
8475 7308
328 4127
1677 151
7511 5485
9822 8776
6925 3926
6438 2039
2971 3655
9364 1045
6103 831
8882 5239
5038 3652
1538 8309
2263 2853
230 8178
762 6512
7796 1622
1256 678
6763 7655
2229 6223
4133 227
2472 9983
9215 7548
1500 9051
8930 4350
265 8332
1656 6946
9807 493
2066 2621
1671 6047
5072 2618
1682 2563
6073 4551
1958 9277
8901 472
2383 4428
2405 7529
1824 5421
9726 4731
3433 7221
3501 9199
6629 7734
5341 4887
2344 8613
3457 7083
3363 7500
29 8622
6055 117
2930 9089
5214 1722
941 9650
2485 9182
5616 7761
966 1280
1249 53
8286 8329
7103 2658
1427 2355
3203 2213
3411 36
6997 4572
9350 5126
9245 6836
5659 9578
6828 6658
3476 1532
3621 6127
1902 1346
5514 8317
5133 5007
4499 1474
2563 8395
785 2380
5792 4228
8677 3274
8876 1111
9825 4388
9610 6455
5480 8279
2084 3901
1638 878
2324 1927
9909 3739
4402 434
5674 3957
3962 2764
3633 6819
3058 8717
51 6786
4740 5845
4718 8071
9448 5490
7167 4798
1336 332
1230 2518
2365 9600
5652 4053
9470 6555
3274 1044
8944 2870
446 1657
8631 5982
6969 9464
4399 2161
7772 171
2157 9202
2419 3459
8980 1737
3114 6553
817 7299
9963 1677
700 4477
1150 7241
7151 9821
9945 1752
3245 8629
8504 7971
383 6761
5787 402
6930 4149
59 577
6320 947
2460 142
2593 8145
6871 3913
9894 7468
6283 1132
4214 7357
1452 527
1029 6773
8909 3903
3927 6494
2901 3525
2757 6891
7153 1722
8391 3466
5075 7170
3432 1667
6526 6850
918 8135
3470 8099
9083 5287
2008 729
3880 6576
6015 3920
4931 4876
3219 7659
8191 1484
345 3605
9303 9591
9392 8801
7972 2865
1627 1722
4935 6836
2866 2685
6728 5673
1914 7238
632 5565
5425 1601
3813 2723
7119 886
7803 8796
871 5271
5109 536
9966 2264
5411 8292
8942 2371
4172 7952
6266 1674
6961 42
126 6612
7932 1571
5321 5179
2212 2425
8818 2992
6892 4577
2257 6020
2381 3589
6288 4552
2467 4401
344 5648
9693 2983
1594 3985
1835 4867
9905 6696
9270 6597
1489 4786
9718 8149
8907 8848
991 4277
2980 3350
7132 4593
4426 9987
3608 4980
5977 2257
2154 4402
4568 2724
5222 5112
8359 9828
1706 9121
9857 7886
9271 1626
7467 8503
3990 5507
3764 3227
2088 1675
7144 5740
4640 7323
2675 2296
3629 9867
2565 8267
6688 7664
5643 7392
4362 9960
7466 7279
466 8621
3038 1637
9580 1875
6886 1532
2939 6721
7590 4573
7170 4852
8190 6263
1778 794
1559 2676
481 6731
6300 663
7031 802
8355 8625
8884 800
5806 6180
2205 9398
3571 1881
4854 4060
3437 1094
3585 4075
7456 6722
7249 532
1386 2085
6785 8731
5128 3469
2136 5005
4418 7700
7463 7052
1158 1393
5228 146
3728 2238
4201 6203
2406 4590
6424 6183
8155 1337
9209 4275
9721 4703
3659 1675
991 3837
7492 50
2624 2035
5566 4295
9700 452
9346 9068
3919 4741
3110 6545
6477 659
6441 7524
3520 1511
104 3956
3729 4574
9073 6682
668 5402
6042 8807
6526 6948
8987 5674
4781 7935
2855 5309
4966 5444
7534 2303
6974 3241
1966 7933
3169 7535
4642 918
6748 1633
8325 3710
2555 6268
5476 8240
3241 6289
8425 6563
7401 1847
2302 3159
638 5733
7368 8740
8158 1909
9128 3837
1709 865
4901 9901
4309 6519
2586 2017
2627 4944
6759 2638
9666 9002
9348 7328
2687 9300
5411 2136
5968 4692
3017 152
7706 7767
3302 8076
1780 3544
533 4159
3417 4048
4720 2731
7503 4212
4740 9303
9643 7745
6883 7710
7307 2957
1894 929
6117 4772
8798 3888
398 888
6637 8807
1476 5896
8573 89
5253 8285
3084 7625
8315 6927
5188 4332
5691 9561
9215 2297
9304 3929
3262 3297
7400 8729
7106 277
441 2173
1989 4815
1962 5382
3978 3663
351 1454
4952 8788
7911 2346
1990 8851
9333 6243
5818 3040
7708 8407
392 3799
3167 2363
148 2289
5481 7057
1012 3735
4011 3936
3893 1769
4592 7740
2852 3264
7759 7681
8054 2012
9040 9546
2934 2129
683 3213
3153 8169
394 8689
279 7274
1092 4714
6112 6219
5247 6747
9760 8490
6003 3588
5735 3394
4846 7906
7351 1162
8247 860
9963 7636
6559 4519
7244 2307
8901 1050
6114 7298
2710 8001
2330 4914
9859 7503
4802 6860
1869 5122
5161 4382
8357 943
7209 1432
1295 2814
5887 6082
3026 3321
1990 4053
2213 5364
9789 8838
7472 4188
6779 176
3285 2953
145 9161
7899 5715
3076 4274
45 7793
3011 3679
9377 9786
7266 7365
7334 792
9017 8056
5442 845
1738 2905
1757 7818
3423 8433
4388 2416
2403 9874
7225 5053
7413 6282
2428 1291
3860 5850
9172 2997
8282 7662
3490 8626
1500 6509
3692 4576
3750 6109
3340 5323
57 6439
2350 8557
8807 6880
387 3550
887 2856
4572 2871
4104 7627
2699 6465
9435 6792
232 8084
3438 6666
9034 4477
3260 5249
2124 6649
5105 4139
2162 2981
5552 8438
2145 4610
7531 1224
1505 8797
4635 2705
9408 5830
7708 7607
9385 2857
1798 5831
166 5419
8073 1381
614 8652
1520 7732
8566 4184
1453 2551
1716 9510
8385 7743
9454 130
912 3103
1134 5566
3222 3718
5463 5214
8388 3373
8066 8835
6232 9841
761 1968
1808 9691
3762 7222
9879 3470
5761 3735
730 5689
1996 148
4863 4894
1798 3441
195 8483
6707 2972
8667 1642
2593 5118
1031 6672
2444 1994
7857 4556
8940 9030
1432 3942
8678 5991
6239 2686
9627 6838
8466 8795
3539 9985
6970 1272
1385 4868
8878 9720
192 1350
921 6714
6308 7594
1681 500
845 9696
3083 1635
8635 6031
5510 4853
3979 584
7653 1015
7048 9184
5273 9515
1659 472
5765 3760
8532 9096
8890 8902
6738 9917
9990 5926
1160 4029
7680 2839
4821 1888
4758 2489
8600 8878
7610 7616
9741 2861
4226 1663
250 2211
8696 2142
4340 9630
7881 8984
7647 4235
1161 9307
8387 7829
8454 1160
9420 4857
7561 6770
3534 8847
3414 4776
796 8214
8274 3201
3591 8182
1360 3102
4586 9941
6647 106
2912 3760
5970 3323
2864 9231
3840 6564
7726 8525
4554 2719
7511 6462
2624 2873
5050 3911
8834 2647
3982 297
8109 6952
7026 1054
7287 4640
2762 9532
7519 474
484 3462
5500 8193
1964 2492
1905 4312
8368 9388
895 6685
2318 653
16 5912
33 126
4870 2671
1956 9523
6380 1895
3787 5097
5949 9901
8198 1542
7845 7072
271 8632
2917 30
8801 9399
7383 6651
394 4384
9641 7748
7814 58
5331 3665
197 7562
9543 5476
4915 7731
5705 6826
4597 5884
5804 8157
2028 6540
55 5959
2886 3767
1531 3590
9623 3276
9896 6770
3225 6712
2155 4928
2937 9649
862 2151
7485 5774
3928 1185
5763 9419
1152 593
9381 7173
4622 7178
9783 1898
6456 4454
5864 6576
3791 9711
7486 8069
3337 2930
2066 1433
300 6908
8628 8441
9669 4346
4734 8840
142 4315
4748 9960
2915 2402
7439 4140
770 3247
5931 1028
804 5665
6086 5468
1307 8034
4175 9746
7525 3570
7152 5578
2117 6058
314 5026
2791 1180
4678 8533
1491 9321
4402 4306
9610 7941
4490 2903
2031 6339
9700 8677
3644 4283
8790 3260
9742 4282
2837 2951
8144 8889
7600 9042
8777 5262
2805 7998
9713 8916
1731 4524
4741 7476
4511 1500
7605 6270
402 3549
894 8813
6983 2741
7603 6523
1503 5583
3329 8086
8689 5228
2025 4504
7205 6032
4242 1282
5171 1766
6958 855
6730 6619
8140 8106
2141 3487
908 3104
48 4340
4520 785
3069 6922
2345 7757
8881 4007
370 1597
7427 1631
1821 9788
6863 2222
6974 5059
2630 896
987 4060
5683 4182
4606 308
8370 2433
7307 2451
7827 2275
9160 5352
105 2551
3019 3857
8119 4990
3480 7837
8320 4716
234 4092
809 6315
8880 3620
9385 9468
3673 8698
3670 5987
7871 4322
7149 4012
7279 500
2498 5537
4166 1725
3881 6683
4106 4991
7023 1016
5496 6905
8925 5489
4833 6890
1232 2558
9007 4539
4602 8404
2838 7936
5850 6767
6596 1937
7365 980
9677 4244
8791 603
7264 6709
6450 1161
1843 8715
598 5626
1051 9902
1155 8461
8710 6210
3348 8110
1299 185
6620 9562
8428 6294
8401 2925
3726 1149
6407 6049
6404 9365
1921 1190
2718 9809
3370 6122
8172 2465
3009 4386
3650 462
1709 6867
6081 8003
7295 4722
7058 1827
6819 1605
3805 8270
5764 3261
7674 8108
1502 5673
170 1245
89 8634
8650 9276
1075 7121
5679 837
7903 8018
3389 6266
4618 881
4940 7210
9210 268
2490 5054
7149 9529
41 884
3766 552
9627 8532
5500 8825
6108 151
3964 1718
7077 5758
9015 4721
5911 1179
6182 6880
3043 3082
8673 1992
2093 3285
5932 2047
4218 9612
1865 6914
6836 1918
7276 381
7299 325
9506 3705
7820 6993
3522 3516
8175 7728
7535 489
7950 8656
1504 3856
9582 809
3298 3997
3104 7983
517 4624
1188 7498
8211 69
1383 4406
7275 6091
6756 9000
1960 8685
3414 986
2679 6967
3510 6374
1410 4262
1524 8588
1447 4313
1151 9830
1203 8935
3243 4530
1755 5807
3170 5632
8393 6317
5128 1341
9741 801
641 2340
2475 997
7184 8936
8855 8642
8104 6729
8113 6087
5121 2523
9285 7703
5782 4518
7447 6747
4451 6407
8221 8390
7292 6683
9095 2406
6614 271
4711 7039
6480 1436
8335 5101
7740 2105
4890 2105
8276 9839
9709 3174
6800 1959
2103 9443
397 3093
7863 2582
2028 7892
8072 8658
4987 1179
9347 8370
5925 2118
9361 1390
2044 522
8205 1832
1761 7342
3869 1093
9051 4705
698 973
6598 2821
6568 1872
6332 3774
879 9954
5876 9994
1272 6421
3940 8246
8943 72
7928 9295
4738 5197
5451 2288
7396 4784
2240 8551
3900 3046
800 7972
762 2373
6300 8562
4511 7617
1914 3938
4267 4134
3701 6836
455 8704
9815 4647
2996 8588
3407 6825
5299 4087
2215 376
2126 2647
8550 1420
1308 4184
7872 1406
875 2603
374 6270
7037 5143
5629 7020
2905 2175
1520 5976
7646 8838
6834 8033
8576 6950
7505 9505
920 3396
6302 2211
2067 121
9564 1986
6454 583
6738 5840
3861 3553
165 5398
6258 2932
14 9008
8308 4784
7914 8314
2122 713
472 1999
9510 6243
4025 6641
3488 9773
80 5696
365 1515
2336 1010
8134 9743
4702 2475
4944 6350
18 9573
4538 2719
3174 434
6860 5017
4772 3054
9897 4761
7659 6569
7792 7423
4652 9705
4401 2353
3278 4321
447 1106
7467 6607
3962 8307
1725 5246
3446 4507
3874 5577
9467 8069
9722 1624
9788 4410
5140 5871
6353 5893
2597 2936
7009 6603
2565 2864
6112 7839
8478 9254
1121 2451
9524 2356
9384 1826
6402 6617
3055 7286
6408 2776
8191 5784
5958 9626
2765 2894
441 5506
3851 7414
443 907
1207 4190
6280 7760
2426 7360
1575 505
2001 5658
9094 1554
5739 6513
2265 7376
8868 4497
8831 6585
9730 9873
4319 4252
4066 8088
1810 4955
8622 4896
1907 8705
4961 8759
