1000
72 15
66 92
24 78
36 24
90 40
70 18
94 23
93 38
38 4
53 75
66 87
64 82
0 10
46 24
8 58
16 61
65 68
10 13
40 17
12 38
83 34
7 1
56 82
56 49
12 18
77 11
20 14
54 66
6 58
16 94
29 69
67 14
38 74
1 51
45 55
51 62
76 71
3 49
16 80
7 93
4 57
77 88
12 42
88 78
70 62
10 96
89 95
7 45
31 67
31 21
61 16
75 25
95 82
95 71
39 94
7 68
83 70
37 21
0 2
68 43
92 72
54 40
47 97
10 5
4 19
70 75
68 72
90 86
85 79
57 98
47 8
57 16
9 8
86 7
54 10
83 18
67 17
1 22
78 79
93 88
54 71
31 95
25 76
85 7
13 14
91 89
60 79
54 37
59 79
72 70
89 61
93 96
23 70
33 54
44 86
55 0
85 10
21 10
62 35
84 22
20 68
43 33
19 87
42 34
73 13
20 63
70 94
13 18
61 90
5 7
86 14
88 13
1 57
4 67
92 41
40 68
97 36
49 15
63 17
80 50
10 54
32 45
3 31
70 5
46 32
59 98
67 59
44 89
92 80
37 43
7 30
10 22
89 10
7 90
10 48
64 33
28 68
59 23
75 97
0 90
54 97
4 40
79 14
89 85
85 94
76 33
6 2
28 7
74 89
99 15
3 86
87 5
79 1
24 41
49 1
71 3
91 9
17 33
20 54
80 7
89 45
57 9
94 61
56 25
37 41
22 73
57 18
52 46
29 53
2 10
14 72
48 37
38 2
38 93
50 13
49 33
61 2
33 5
60 58
64 96
27 34
90 24
37 89
5 8
81 78
58 55
74 94
8 89
36 46
77 71
70 1
17 54
46 44
22 10
46 98
0 68
26 58
8 34
92 8
19 38
5 14
8 96
81 47
2 6
83 13
37 99
13 44
86 55
76 89
21 2
84 6
96 85
58 82
68 11
46 72
89 52
22 19
41 2
56 23
50 55
64 57
21 42
86 84
48 25
85 72
4 7
12 46
91 68
0 84
54 55
12 79
36 58
39 14
78 67
49 84
56 64
5 20
50 82
14 75
48 8
45 37
4 70
26 60
25 73
20 81
72 47
34 68
70 55
55 6
44 37
27 18
91 7
26 65
25 1
74 90
52 25
93 40
34 46
18 87
66 86
76 9
86 3
30 97
13 87
17 19
20 74
51 53
41 20
2 78
82 2
43 27
0 57
39 68
43 31
12 33
8 74
67 95
67 89
62 15
18 47
8 28
69 95
36 10
88 89
42 65
77 41
42 53
67 31
24 43
75 75
65 91
82 44
38 65
34 93
53 0
57 66
38 75
71 26
25 9
56 67
5 26
25 77
85 28
6 74
85 93
37 46
84 85
76 86
27 20
73 57
91 64
7 26
4 79
66 96
87 33
40 37
95 33
74 57
39 47
17 27
8 5
28 31
35 36
24 99
55 59
22 77
1 48
51 88
30 72
16 35
92 99
13 60
93 67
52 53
72 30
8 12
14 1
51 97
55 62
52 32
24 25
10 41
73 73
53 61
85 96
69 56
44 65
96 74
85 29
22 86
57 33
14 91
47 70
99 65
32 47
84 56
59 49
0 97
54 12
16 81
8 17
46 6
48 98
78 5
18 18
69 3
10 38
12 26
93 76
25 31
11 35
35 63
77 95
25 47
13 70
8 75
67 85
42 55
30 95
86 70
59 60
88 75
19 63
82 80
1 13
28 35
17 24
26 48
50 95
80 91
23 38
44 99
87 91
2 21
11 57
70 59
64 48
14 98
65 52
34 45
61 93
84 8
24 1
82 9
9 33
28 95
72 92
85 98
94 89
9 52
98 91
40 60
55 35
26 91
50 56
64 6
97 7
56 97
66 65
66 29
12 60
2 49
50 10
2 82
76 28
7 7
31 29
97 5
61 49
35 73
47 45
51 46
27 98
87 20
39 88
36 34
22 99
44 14
71 7
32 76
64 0
67 73
98 18
37 0
3 19
84 55
39 28
29 85
98 95
79 53
85 14
3 72
21 67
38 17
3 60
68 66
52 72
12 95
62 2
12 39
74 82
61 27
82 96
4 52
84 14
1 99
43 21
26 72
76 79
18 44
93 50
98 40
90 56
16 25
62 30
36 38
26 40
14 59
36 15
36 98
19 94
75 88
12 22
83 82
28 46
29 68
36 65
64 35
10 14
53 94
33 56
97 26
61 3
87 11
51 51
0 1
52 14
58 63
7 92
42 77
64 32
62 31
24 36
17 67
45 43
42 64
58 49
81 50
27 64
56 99
10 47
55 57
27 38
47 46
14 52
83 62
32 31
73 25
61 72
17 40
0 83
96 33
13 13
27 46
58 57
39 3
98 78
47 94
19 84
95 83
15 69
23 74
52 59
61 40
49 9
30 96
89 82
20 30
78 19
52 16
67 6
6 6
25 17
67 32
88 48
77 35
69 52
13 6
71 43
41 80
60 60
29 55
33 65
32 12
61 69
26 80
16 70
62 66
52 21
55 1
5 47
1 93
60 21
5 2
95 53
46 3
53 43
52 82
42 71
32 13
19 10
71 52
54 76
80 89
83 81
54 78
22 42
92 70
39 93
77 18
12 34
97 33
46 91
76 99
59 9
19 80
43 68
11 50
47 64
24 79
76 16
61 97
60 68
92 95
30 27
88 24
27 83
31 99
78 62
3 87
42 43
67 50
16 84
33 89
67 24
85 67
26 0
4 30
4 77
3 58
21 43
81 3
87 24
21 5
87 37
11 6
51 73
35 97
55 42
68 97
36 78
2 12
91 14
52 90
56 98
97 76
48 54
12 75
90 77
82 75
17 60
27 16
11 85
72 0
98 79
14 37
28 60
20 49
15 89
54 67
98 35
27 76
16 65
39 89
42 46
26 36
93 70
28 9
20 2
51 71
33 82
76 20
54 18
70 38
32 4
15 45
47 10
8 43
61 78
56 85
68 65
13 92
98 93
46 17
5 11
50 35
48 24
92 88
53 82
48 39
15 71
41 31
92 94
61 77
15 56
62 42
15 60
80 52
57 62
87 86
53 79
14 30
34 29
28 56
52 34
27 51
24 55
78 43
31 89
48 68
94 43
82 19
21 78
30 99
0 8
8 22
99 54
79 18
8 63
95 94
57 20
33 18
74 18
90 22
68 24
8 59
67 12
85 74
46 35
58 8
71 37
71 41
15 67
61 4
9 6
51 87
99 66
37 68
92 12
33 22
55 72
97 45
85 68
48 4
93 33
2 47
66 21
20 73
62 11
59 31
44 66
58 76
78 4
6 26
65 30
8 99
25 8
13 35
18 17
3 35
40 78
97 37
72 60
61 94
91 94
34 3
96 45
65 33
77 86
38 11
62 13
93 85
44 21
58 20
29 79
96 82
96 94
20 85
1 4
5 75
94 48
66 66
11 2
34 54
99 86
59 90
96 16
40 88
46 49
4 25
48 32
11 23
13 30
40 27
75 70
98 66
90 45
35 35
51 60
77 97
24 80
39 36
64 59
21 8
45 48
93 87
13 81
71 21
8 86
8 45
75 79
57 12
31 98
21 26
12 48
36 54
41 59
49 91
28 81
26 41
16 7
23 31
89 74
63 19
91 29
14 41
18 71
5 12
47 96
97 20
44 15
27 43
17 7
32 77
85 6
5 63
86 61
93 94
32 55
77 89
77 59
40 83
77 94
64 25
54 60
28 40
78 59
97 89
96 96
87 72
35 52
69 79
16 34
85 64
11 48
88 39
28 24
99 27
6 29
80 73
19 1
98 76
31 90
66 31
63 60
5 83
2 3
63 0
92 93
38 53
34 69
96 41
41 58
38 77
23 63
33 52
98 77
24 31
5 54
56 50
20 24
60 5
54 13
32 30
33 67
10 46
37 93
28 75
58 61
57 36
0 25
79 49
55 8
2 75
41 11
57 52
92 33
25 0
26 89
14 97
36 53
14 21
75 36
55 63
94 88
98 42
49 72
39 21
6 92
74 79
1 72
26 86
52 33
23 13
51 79
86 24
94 64
59 96
44 51
60 70
76 97
35 15
54 32
75 82
55 41
88 87
58 98
83 36
31 79
25 92
21 81
27 77
78 78
98 58
24 54
28 37
92 71
2 22
26 98
24 8
94 67
72 34
63 28
18 75
56 36
62 7
45 64
73 5
1 7
9 88
10 90
39 27
29 10
67 97
56 81
14 99
24 45
15 54
55 86
76 98
59 1
4 78
97 24
71 6
9 95
36 71
69 86
98 55
45 8
63 15
88 14
41 7
23 51
89 76
58 90
87 3
79 85
95 21
20 16
37 9
51 66
25 56
56 35
26 2
58 80
34 23
52 23
12 57
70 6
60 38
39 92
25 2
16 53
34 42
20 21
21 65
78 6
23 55
24 97
17 85
52 62
54 1
7 96
93 41
2 73
72 8
82 22
19 61
53 15
23 32
60 4
42 1
71 63
29 96
31 17
67 96
11 64
58 14
16 87
43 65
