1000
10 1999
11 1998
12 1997
13 1996
14 1995
15 1994
16 1993
17 1992
18 1991
19 1990
20 1989
21 1988
22 1987
23 1986
24 1985
25 1984
26 1983
27 1982
28 1981
29 1980
30 1979
31 1978
32 1977
33 1976
34 1975
35 1974
36 1973
37 1972
38 1971
39 1970
40 1969
41 1968
42 1967
43 1966
44 1965
45 1964
46 1963
47 1962
48 1961
49 1960
50 1959
51 1958
52 1957
53 1956
54 1955
55 1954
56 1953
57 1952
58 1951
59 1950
60 1949
61 1948
62 1947
63 1946
64 1945
65 1944
66 1943
67 1942
68 1941
69 1940
70 1939
71 1938
72 1937
73 1936
74 1935
75 1934
76 1933
77 1932
78 1931
79 1930
80 1929
81 1928
82 1927
83 1926
84 1925
85 1924
86 1923
87 1922
88 1921
89 1920
90 1919
91 1918
92 1917
93 1916
94 1915
95 1914
96 1913
97 1912
98 1911
99 1910
100 1909
101 1908
102 1907
103 1906
104 1905
105 1904
106 1903
107 1902
108 1901
109 1900
110 1899
111 1898
112 1897
113 1896
114 1895
115 1894
116 1893
117 1892
118 1891
119 1890
120 1889
121 1888
122 1887
123 1886
124 1885
125 1884
126 1883
127 1882
128 1881
129 1880
130 1879
131 1878
132 1877
133 1876
134 1875
135 1874
136 1873
137 1872
138 1871
139 1870
140 1869
141 1868
142 1867
143 1866
144 1865
145 1864
146 1863
147 1862
148 1861
149 1860
150 1859
151 1858
152 1857
153 1856
154 1855
155 1854
156 1853
157 1852
158 1851
159 1850
160 1849
161 1848
162 1847
163 1846
164 1845
165 1844
166 1843
167 1842
168 1841
169 1840
170 1839
171 1838
172 1837
173 1836
174 1835
175 1834
176 1833
177 1832
178 1831
179 1830
180 1829
181 1828
182 1827
183 1826
184 1825
185 1824
186 1823
187 1822
188 1821
189 1820
190 1819
191 1818
192 1817
193 1816
194 1815
195 1814
196 1813
197 1812
198 1811
199 1810
200 1809
201 1808
202 1807
203 1806
204 1805
205 1804
206 1803
207 1802
208 1801
209 1800
210 1799
211 1798
212 1797
213 1796
214 1795
215 1794
216 1793
217 1792
218 1791
219 1790
220 1789
221 1788
222 1787
223 1786
224 1785
225 1784
226 1783
227 1782
228 1781
229 1780
230 1779
231 1778
232 1777
233 1776
234 1775
235 1774
236 1773
237 1772
238 1771
239 1770
240 1769
241 1768
242 1767
243 1766
244 1765
245 1764
246 1763
247 1762
248 1761
249 1760
250 1759
251 1758
252 1757
253 1756
254 1755
255 1754
256 1753
257 1752
258 1751
259 1750
260 1749
261 1748
262 1747
263 1746
264 1745
265 1744
266 1743
267 1742
268 1741
269 1740
270 1739
271 1738
272 1737
273 1736
274 1735
275 1734
276 1733
277 1732
278 1731
279 1730
280 1729
281 1728
282 1727
283 1726
284 1725
285 1724
286 1723
287 1722
288 1721
289 1720
290 1719
291 1718
292 1717
293 1716
294 1715
295 1714
296 1713
297 1712
298 1711
299 1710
300 1709
301 1708
302 1707
303 1706
304 1705
305 1704
306 1703
307 1702
308 1701
309 1700
310 1699
311 1698
312 1697
313 1696
314 1695
315 1694
316 1693
317 1692
318 1691
319 1690
320 1689
321 1688
322 1687
323 1686
324 1685
325 1684
326 1683
327 1682
328 1681
329 1680
330 1679
331 1678
332 1677
333 1676
334 1675
335 1674
336 1673
337 1672
338 1671
339 1670
340 1669
341 1668
342 1667
343 1666
344 1665
345 1664
346 1663
347 1662
348 1661
349 1660
350 1659
351 1658
352 1657
353 1656
354 1655
355 1654
356 1653
357 1652
358 1651
359 1650
360 1649
361 1648
362 1647
363 1646
364 1645
365 1644
366 1643
367 1642
368 1641
369 1640
370 1639
371 1638
372 1637
373 1636
374 1635
375 1634
376 1633
377 1632
378 1631
379 1630
380 1629
381 1628
382 1627
383 1626
384 1625
385 1624
386 1623
387 1622
388 1621
389 1620
390 1619
391 1618
392 1617
393 1616
394 1615
395 1614
396 1613
397 1612
398 1611
399 1610
400 1609
401 1608
402 1607
403 1606
404 1605
405 1604
406 1603
407 1602
408 1601
409 1600
410 1599
411 1598
412 1597
413 1596
414 1595
415 1594
416 1593
417 1592
418 1591
419 1590
420 1589
421 1588
422 1587
423 1586
424 1585
425 1584
426 1583
427 1582
428 1581
429 1580
430 1579
431 1578
432 1577
433 1576
434 1575
435 1574
436 1573
437 1572
438 1571
439 1570
440 1569
441 1568
442 1567
443 1566
444 1565
445 1564
446 1563
447 1562
448 1561
449 1560
450 1559
451 1558
452 1557
453 1556
454 1555
455 1554
456 1553
457 1552
458 1551
459 1550
460 1549
461 1548
462 1547
463 1546
464 1545
465 1544
466 1543
467 1542
468 1541
469 1540
470 1539
471 1538
472 1537
473 1536
474 1535
475 1534
476 1533
477 1532
478 1531
479 1530
480 1529
481 1528
482 1527
483 1526
484 1525
485 1524
486 1523
487 1522
488 1521
489 1520
490 1519
491 1518
492 1517
493 1516
494 1515
495 1514
496 1513
497 1512
498 1511
499 1510
500 1509
501 1508
502 1507
503 1506
504 1505
505 1504
506 1503
507 1502
508 1501
509 1500
510 1499
511 1498
512 1497
513 1496
514 1495
515 1494
516 1493
517 1492
518 1491
519 1490
520 1489
521 1488
522 1487
523 1486
524 1485
525 1484
526 1483
527 1482
528 1481
529 1480
530 1479
531 1478
532 1477
533 1476
534 1475
535 1474
536 1473
537 1472
538 1471
539 1470
540 1469
541 1468
542 1467
543 1466
544 1465
545 1464
546 1463
547 1462
548 1461
549 1460
550 1459
551 1458
552 1457
553 1456
554 1455
555 1454
556 1453
557 1452
558 1451
559 1450
560 1449
561 1448
562 1447
563 1446
564 1445
565 1444
566 1443
567 1442
568 1441
569 1440
570 1439
571 1438
572 1437
573 1436
574 1435
575 1434
576 1433
577 1432
578 1431
579 1430
580 1429
581 1428
582 1427
583 1426
584 1425
585 1424
586 1423
587 1422
588 1421
589 1420
590 1419
591 1418
592 1417
593 1416
594 1415
595 1414
596 1413
597 1412
598 1411
599 1410
600 1409
601 1408
602 1407
603 1406
604 1405
605 1404
606 1403
607 1402
608 1401
609 1400
610 1399
611 1398
612 1397
613 1396
614 1395
615 1394
616 1393
617 1392
618 1391
619 1390
620 1389
621 1388
622 1387
623 1386
624 1385
625 1384
626 1383
627 1382
628 1381
629 1380
630 1379
631 1378
632 1377
633 1376
634 1375
635 1374
636 1373
637 1372
638 1371
639 1370
640 1369
641 1368
642 1367
643 1366
644 1365
645 1364
646 1363
647 1362
648 1361
649 1360
650 1359
651 1358
652 1357
653 1356
654 1355
655 1354
656 1353
657 1352
658 1351
659 1350
660 1349
661 1348
662 1347
663 1346
664 1345
665 1344
666 1343
667 1342
668 1341
669 1340
670 1339
671 1338
672 1337
673 1336
674 1335
675 1334
676 1333
677 1332
678 1331
679 1330
680 1329
681 1328
682 1327
683 1326
684 1325
685 1324
686 1323
687 1322
688 1321
689 1320
690 1319
691 1318
692 1317
693 1316
694 1315
695 1314
696 1313
697 1312
698 1311
699 1310
700 1309
701 1308
702 1307
703 1306
704 1305
705 1304
706 1303
707 1302
708 1301
709 1300
710 1299
711 1298
712 1297
713 1296
714 1295
715 1294
716 1293
717 1292
718 1291
719 1290
720 1289
721 1288
722 1287
723 1286
724 1285
725 1284
726 1283
727 1282
728 1281
729 1280
730 1279
731 1278
732 1277
733 1276
734 1275
735 1274
736 1273
737 1272
738 1271
739 1270
740 1269
741 1268
742 1267
743 1266
744 1265
745 1264
746 1263
747 1262
748 1261
749 1260
750 1259
751 1258
752 1257
753 1256
754 1255
755 1254
756 1253
757 1252
758 1251
759 1250
760 1249
761 1248
762 1247
763 1246
764 1245
765 1244
766 1243
767 1242
768 1241
769 1240
770 1239
771 1238
772 1237
773 1236
774 1235
775 1234
776 1233
777 1232
778 1231
779 1230
780 1229
781 1228
782 1227
783 1226
784 1225
785 1224
786 1223
787 1222
788 1221
789 1220
790 1219
791 1218
792 1217
793 1216
794 1215
795 1214
796 1213
797 1212
798 1211
799 1210
800 1209
801 1208
802 1207
803 1206
804 1205
805 1204
806 1203
807 1202
808 1201
809 1200
810 1199
811 1198
812 1197
813 1196
814 1195
815 1194
816 1193
817 1192
818 1191
819 1190
820 1189
821 1188
822 1187
823 1186
824 1185
825 1184
826 1183
827 1182
828 1181
829 1180
830 1179
831 1178
832 1177
833 1176
834 1175
835 1174
836 1173
837 1172
838 1171
839 1170
840 1169
841 1168
842 1167
843 1166
844 1165
845 1164
846 1163
847 1162
848 1161
849 1160
850 1159
851 1158
852 1157
853 1156
854 1155
855 1154
856 1153
857 1152
858 1151
859 1150
860 1149
861 1148
862 1147
863 1146
864 1145
865 1144
866 1143
867 1142
868 1141
869 1140
870 1139
871 1138
872 1137
873 1136
874 1135
875 1134
876 1133
877 1132
878 1131
879 1130
880 1129
881 1128
882 1127
883 1126
884 1125
885 1124
886 1123
887 1122
888 1121
889 1120
890 1119
891 1118
892 1117
893 1116
894 1115
895 1114
896 1113
897 1112
898 1111
899 1110
900 1109
901 1108
902 1107
903 1106
904 1105
905 1104
906 1103
907 1102
908 1101
909 1100
910 1099
911 1098
912 1097
913 1096
914 1095
915 1094
916 1093
917 1092
918 1091
919 1090
920 1089
921 1088
922 1087
923 1086
924 1085
925 1084
926 1083
927 1082
928 1081
929 1080
930 1079
931 1078
932 1077
933 1076
934 1075
935 1074
936 1073
937 1072
938 1071
939 1070
940 1069
941 1068
942 1067
943 1066
944 1065
945 1064
946 1063
947 1062
948 1061
949 1060
950 1059
951 1058
952 1057
953 1056
954 1055
955 1054
956 1053
957 1052
958 1051
959 1050
960 1049
961 1048
962 1047
963 1046
964 1045
965 1044
966 1043
967 1042
968 1041
969 1040
970 1039
971 1038
972 1037
973 1036
974 1035
975 1034
976 1033
977 1032
978 1031
979 1030
980 1029
981 1028
982 1027
983 1026
984 1025
985 1024
986 1023
987 1022
988 1021
989 1020
990 1019
991 1018
992 1017
993 1016
994 1015
995 1014
996 1013
997 1012
998 1011
999 1010
1000 1009
1001 1008
1002 1007
1003 1006
1004 1005
1005 1004
1006 1003
1007 1002
1008 1001
1009 1000
