1000
0 686
0 961
0 663
0 992
0 94
0 810
0 194
0 566
0 392
0 252
0 102
0 187
0 237
0 372
0 528
0 811
0 89
0 877
0 930
0 283
0 907
0 650
0 720
0 283
0 203
0 579
0 875
0 306
0 162
0 835
0 14
0 372
0 90
0 726
0 625
0 710
0 710
0 621
0 831
0 557
0 107
0 773
0 920
0 962
0 50
0 656
0 40
0 48
0 368
0 851
0 945
0 206
0 553
0 22
0 458
0 549
0 653
0 358
0 884
0 795
0 619
0 362
0 132
0 792
0 978
0 560
0 378
0 258
0 601
0 481
0 797
0 957
0 841
0 573
0 703
0 107
0 290
0 484
0 29
0 487
0 729
0 884
0 486
0 923
0 508
0 211
0 381
0 48
0 883
0 665
0 883
0 796
0 662
0 218
0 894
0 297
0 364
0 45
0 690
0 136
0 419
0 844
0 38
0 921
0 832
0 686
0 574
0 894
0 948
0 616
0 168
0 974
0 905
0 876
0 11
0 672
0 545
0 286
0 949
0 306
0 71
0 832
0 894
0 0
0 397
0 229
0 452
0 819
0 392
0 842
0 786
0 746
0 84
0 389
0 885
0 473
0 96
0 149
0 94
0 339
0 962
0 98
0 424
0 922
0 776
0 508
0 894
0 855
0 450
0 577
0 678
0 434
0 330
0 893
0 225
0 570
0 157
0 250
0 115
0 277
0 198
0 967
0 211
0 399
0 803
0 627
0 637
0 677
0 75
0 555
0 901
0 485
0 560
0 70
0 363
0 900
0 445
0 264
0 264
0 382
0 918
0 575
0 145
0 243
0 201
0 254
0 754
0 892
0 650
0 566
0 125
0 433
0 825
0 344
0 642
0 466
0 691
0 126
0 479
0 991
0 837
0 169
0 775
0 450
0 932
0 425
0 679
0 115
0 186
0 518
0 976
0 764
0 161
0 452
0 811
0 764
0 403
0 949
0 367
0 911
0 458
0 469
0 431
0 316
0 742
0 283
0 337
0 77
0 307
0 105
0 68
0 512
0 959
0 40
0 451
0 431
0 81
0 141
0 918
0 714
0 775
0 439
0 297
0 949
0 669
0 386
0 903
0 992
0 821
0 787
0 856
0 219
0 22
0 860
0 263
0 639
0 35
0 600
0 306
0 861
0 97
0 920
0 395
0 652
0 829
0 527
0 247
0 808
0 51
0 262
0 94
0 835
0 103
0 703
0 329
0 937
0 132
0 550
0 714
0 771
0 317
0 378
0 771
0 380
0 212
0 770
0 34
0 235
0 118
0 173
0 531
0 0
0 666
0 385
0 513
0 139
0 410
0 327
0 72
0 785
0 174
0 613
0 556
0 503
0 961
0 762
0 732
0 364
0 112
0 725
0 576
0 113
0 266
0 145
0 84
0 706
0 732
0 508
0 900
0 366
0 19
0 32
0 660
0 605
0 747
0 310
0 797
0 623
0 262
0 846
0 426
0 349
0 314
0 705
0 80
0 225
0 318
0 199
0 331
0 846
0 331
0 626
0 851
0 107
0 859
0 344
0 441
0 805
0 695
0 447
0 687
0 499
0 819
0 855
0 172
0 158
0 63
0 748
0 293
0 303
0 892
0 475
0 652
0 239
0 955
0 621
0 362
0 990
0 654
0 240
0 548
0 958
0 789
0 707
0 659
0 956
0 665
0 38
0 547
0 87
0 909
0 835
0 578
0 996
0 710
0 952
0 271
0 953
0 504
0 716
0 447
0 285
0 253
0 116
0 679
0 724
0 262
0 278
0 504
0 347
0 564
0 462
0 442
0 133
0 49
0 502
0 877
0 6
0 754
0 233
0 541
0 516
0 52
0 245
0 498
0 921
0 197
0 80
0 49
0 585
0 93
0 492
0 426
0 369
0 510
0 226
0 264
0 665
0 654
0 292
0 831
0 798
0 895
0 952
0 704
0 272
0 663
0 221
0 724
0 291
0 735
0 890
0 853
0 372
0 980
0 284
0 434
0 941
0 252
0 449
0 523
0 801
0 917
0 767
0 585
0 793
0 699
0 67
0 608
0 486
0 735
0 488
0 954
0 384
0 410
0 18
0 483
0 856
0 754
0 206
0 352
0 396
0 764
0 97
0 208
0 593
0 938
0 84
0 115
0 698
0 710
0 568
0 514
0 861
0 135
0 134
0 899
0 631
0 661
0 76
0 886
0 422
0 526
0 841
0 377
0 11
0 485
0 951
0 342
0 492
0 941
0 331
0 949
0 847
0 338
0 709
0 144
0 121
0 202
0 516
0 514
0 851
0 667
0 539
0 303
0 955
0 177
0 753
0 452
0 97
0 370
0 877
0 260
0 962
0 952
0 749
0 919
0 467
0 748
0 731
0 849
0 78
0 867
0 655
0 142
0 380
0 985
0 602
0 653
0 41
0 295
0 402
0 241
0 5
0 221
0 649
0 253
0 107
0 671
0 125
0 258
0 747
0 460
0 576
0 825
0 415
0 748
0 825
0 846
0 417
0 821
0 922
0 567
0 231
0 851
0 70
0 976
0 717
0 466
0 838
0 535
0 599
0 389
0 550
0 380
0 889
0 262
0 29
0 651
0 763
0 979
0 713
0 768
0 847
0 160
0 345
0 982
0 773
0 521
0 666
0 14
0 295
0 810
0 789
0 582
0 316
0 592
0 310
0 45
0 507
0 165
0 179
0 331
0 241
0 396
0 56
0 299
0 791
0 211
0 678
0 255
0 26
0 309
0 261
0 879
0 603
0 397
0 885
0 474
0 77
0 815
0 390
0 324
0 369
0 188
0 792
0 879
0 829
0 623
0 398
0 690
0 857
0 63
0 688
0 297
0 256
0 663
0 789
0 580
0 409
0 853
0 788
0 776
0 339
0 803
0 320
0 104
0 929
0 569
0 376
0 656
0 627
0 176
0 423
0 584
0 414
0 26
0 172
0 25
0 131
0 774
0 265
0 309
0 746
0 618
0 494
0 768
0 684
0 635
0 534
0 65
0 683
0 418
0 698
0 406
0 730
0 845
0 930
0 25
0 501
0 319
0 984
0 298
0 405
0 452
0 996
0 535
0 23
0 464
0 795
0 975
0 76
0 341
0 284
0 482
0 518
0 505
0 51
0 432
0 257
0 780
0 781
0 778
0 520
0 538
0 919
0 616
0 397
0 237
0 377
0 150
0 565
0 98
0 826
0 326
0 111
0 894
0 428
0 571
0 238
0 552
0 666
0 129
0 822
0 287
0 307
0 258
0 664
0 786
0 686
0 526
0 616
0 614
0 232
0 559
0 733
0 800
0 391
0 288
0 200
0 445
0 106
0 840
0 380
0 64
0 207
0 989
0 716
0 406
0 667
0 195
0 286
0 993
0 206
0 130
0 720
0 171
0 651
0 733
0 927
0 291
0 43
0 658
0 0
0 561
0 173
0 562
0 61
0 23
0 709
0 943
0 29
0 873
0 88
0 165
0 299
0 293
0 185
0 776
0 327
0 805
0 110
0 547
0 753
0 142
0 264
0 429
0 808
0 80
0 25
0 527
0 889
0 25
0 108
0 316
0 874
0 327
0 461
0 501
0 272
0 65
0 672
0 411
0 932
0 587
0 384
0 465
0 468
0 227
0 363
0 639
0 635
0 921
0 688
0 839
0 231
0 286
0 567
0 741
0 553
0 428
0 401
0 35
0 406
0 548
0 781
0 622
0 247
0 80
0 741
0 791
0 930
0 864
0 835
0 724
0 137
0 200
0 189
0 183
0 907
0 28
0 383
0 172
0 914
0 667
0 16
0 626
0 383
0 420
0 272
0 963
0 717
0 500
0 458
0 957
0 665
0 918
0 978
0 852
0 14
0 456
0 260
0 831
0 773
0 519
0 545
0 485
0 989
0 815
0 492
0 533
0 670
0 823
0 819
0 156
0 460
0 96
0 256
0 711
0 270
0 798
0 818
0 26
0 635
0 310
0 310
0 131
0 717
0 479
0 199
0 997
0 672
0 861
0 665
0 42
0 233
0 115
0 260
0 987
0 422
0 494
0 409
0 370
0 660
0 405
0 14
0 827
0 570
0 363
0 833
0 908
0 417
0 920
0 303
0 615
0 906
0 455
0 675
0 498
0 858
0 648
0 561
0 811
0 515
0 440
0 676
0 804
0 923
0 865
0 501
0 654
0 160
0 49
0 625
0 246
0 840
0 191
0 256
0 274
0 436
0 284
0 728
0 894
0 896
0 138
0 50
0 197
0 807
0 237
0 81
0 677
0 855
0 437
0 97
0 925
0 449
0 859
0 770
0 152
0 319
0 163
0 556
0 551
0 165
0 738
0 945
0 69
0 545
0 426
0 411
0 385
0 170
0 601
0 156
0 161
0 948
0 369
0 722
0 411
0 482
0 651
0 565
0 436
0 304
0 808
0 820
0 641
0 870
0 310
0 289
0 285
0 319
0 8
0 225
0 93
0 446
0 321
0 394
0 267
0 574
