1000
788 0
373 0
473 0
249 0
80 0
353 0
697 0
101 0
364 0
374 0
228 0
489 0
901 0
656 0
753 0
282 0
980 0
195 0
739 0
3 0
471 0
789 0
289 0
231 0
873 0
386 0
755 0
513 0
972 0
334 0
446 0
913 0
715 0
631 0
835 0
309 0
918 0
403 0
851 0
140 0
761 0
89 0
870 0
226 0
201 0
670 0
193 0
714 0
861 0
64 0
798 0
62 0
216 0
604 0
942 0
442 0
314 0
923 0
484 0
724 0
925 0
673 0
607 0
811 0
851 0
843 0
411 0
623 0
93 0
974 0
59 0
901 0
509 0
793 0
500 0
581 0
182 0
821 0
604 0
47 0
509 0
666 0
573 0
149 0
424 0
871 0
735 0
882 0
979 0
540 0
51 0
403 0
838 0
190 0
245 0
508 0
80 0
376 0
116 0
141 0
939 0
73 0
810 0
849 0
644 0
33 0
796 0
498 0
221 0
132 0
118 0
639 0
552 0
929 0
521 0
47 0
767 0
447 0
254 0
345 0
191 0
374 0
569 0
979 0
661 0
358 0
573 0
649 0
268 0
794 0
138 0
519 0
170 0
795 0
451 0
670 0
727 0
73 0
788 0
660 0
64 0
481 0
722 0
204 0
542 0
133 0
246 0
820 0
427 0
508 0
447 0
530 0
102 0
134 0
222 0
23 0
590 0
96 0
64 0
454 0
255 0
527 0
580 0
457 0
992 0
223 0
665 0
840 0
206 0
694 0
331 0
794 0
223 0
598 0
947 0
540 0
994 0
979 0
970 0
495 0
379 0
467 0
319 0
247 0
626 0
12 0
40 0
414 0
265 0
209 0
183 0
870 0
503 0
114 0
141 0
341 0
838 0
5 0
281 0
276 0
727 0
266 0
351 0
386 0
226 0
839 0
356 0
89 0
327 0
89 0
711 0
698 0
525 0
101 0
269 0
905 0
379 0
168 0
532 0
898 0
552 0
850 0
692 0
255 0
633 0
683 0
649 0
118 0
469 0
574 0
808 0
781 0
693 0
610 0
395 0
91 0
198 0
401 0
514 0
259 0
211 0
355 0
681 0
712 0
722 0
28 0
751 0
285 0
269 0
100 0
175 0
380 0
301 0
757 0
873 0
657 0
707 0
942 0
344 0
768 0
32 0
133 0
924 0
309 0
512 0
186 0
653 0
504 0
856 0
388 0
554 0
605 0
921 0
935 0
513 0
728 0
473 0
245 0
721 0
993 0
843 0
472 0
173 0
101 0
894 0
470 0
257 0
55 0
887 0
893 0
164 0
293 0
330 0
919 0
357 0
593 0
276 0
235 0
103 0
427 0
123 0
166 0
134 0
302 0
928 0
724 0
813 0
213 0
362 0
646 0
563 0
508 0
765 0
685 0
175 0
440 0
696 0
724 0
533 0
289 0
271 0
540 0
689 0
896 0
279 0
927 0
926 0
61 0
720 0
770 0
936 0
592 0
208 0
651 0
615 0
513 0
755 0
541 0
481 0
696 0
511 0
765 0
283 0
31 0
653 0
310 0
214 0
156 0
220 0
388 0
15 0
705 0
946 0
21 0
382 0
279 0
827 0
540 0
881 0
32 0
492 0
653 0
731 0
515 0
242 0
2 0
448 0
666 0
652 0
924 0
257 0
613 0
595 0
245 0
867 0
199 0
589 0
890 0
645 0
784 0
401 0
3 0
128 0
959 0
526 0
65 0
494 0
389 0
944 0
962 0
696 0
576 0
179 0
950 0
588 0
714 0
444 0
980 0
91 0
636 0
890 0
267 0
608 0
784 0
596 0
577 0
352 0
776 0
632 0
213 0
49 0
708 0
224 0
357 0
80 0
780 0
261 0
996 0
372 0
271 0
399 0
768 0
685 0
355 0
953 0
3 0
192 0
402 0
399 0
788 0
712 0
509 0
299 0
758 0
144 0
581 0
753 0
586 0
286 0
811 0
112 0
178 0
735 0
319 0
17 0
310 0
638 0
472 0
387 0
482 0
79 0
225 0
919 0
823 0
456 0
40 0
409 0
766 0
296 0
753 0
883 0
749 0
611 0
264 0
93 0
281 0
422 0
846 0
42 0
481 0
462 0
815 0
366 0
756 0
135 0
695 0
811 0
452 0
295 0
15 0
217 0
472 0
582 0
179 0
79 0
486 0
7 0
373 0
706 0
369 0
775 0
534 0
762 0
766 0
569 0
973 0
716 0
562 0
888 0
455 0
683 0
135 0
33 0
943 0
620 0
584 0
829 0
26 0
377 0
990 0
231 0
410 0
335 0
722 0
852 0
556 0
173 0
330 0
933 0
404 0
313 0
616 0
408 0
517 0
127 0
99 0
949 0
163 0
809 0
862 0
553 0
363 0
743 0
709 0
270 0
203 0
62 0
410 0
163 0
58 0
36 0
590 0
76 0
617 0
387 0
425 0
637 0
274 0
129 0
576 0
612 0
347 0
64 0
605 0
268 0
327 0
171 0
357 0
339 0
726 0
626 0
234 0
625 0
228 0
927 0
298 0
504 0
54 0
570 0
762 0
739 0
483 0
490 0
426 0
672 0
3 0
761 0
552 0
637 0
625 0
496 0
483 0
244 0
118 0
886 0
510 0
521 0
794 0
547 0
78 0
759 0
62 0
915 0
96 0
662 0
818 0
246 0
823 0
992 0
386 0
540 0
886 0
460 0
256 0
77 0
649 0
98 0
683 0
85 0
768 0
35 0
192 0
621 0
685 0
283 0
334 0
689 0
408 0
945 0
393 0
268 0
595 0
770 0
553 0
788 0
486 0
15 0
306 0
41 0
227 0
353 0
405 0
550 0
777 0
10 0
13 0
161 0
903 0
265 0
576 0
371 0
525 0
818 0
162 0
30 0
469 0
936 0
789 0
556 0
232 0
690 0
315 0
604 0
597 0
653 0
905 0
818 0
389 0
614 0
580 0
921 0
821 0
303 0
704 0
514 0
289 0
462 0
36 0
31 0
933 0
339 0
195 0
537 0
559 0
321 0
571 0
387 0
280 0
784 0
639 0
707 0
570 0
85 0
885 0
13 0
367 0
231 0
815 0
406 0
356 0
525 0
735 0
701 0
863 0
124 0
397 0
22 0
801 0
488 0
84 0
862 0
615 0
652 0
348 0
219 0
50 0
753 0
515 0
429 0
571 0
50 0
758 0
752 0
644 0
231 0
927 0
687 0
795 0
535 0
900 0
153 0
710 0
389 0
434 0
666 0
527 0
222 0
249 0
476 0
218 0
276 0
988 0
174 0
993 0
530 0
65 0
630 0
176 0
710 0
774 0
301 0
160 0
104 0
535 0
859 0
64 0
274 0
378 0
600 0
972 0
794 0
775 0
443 0
492 0
863 0
620 0
390 0
642 0
160 0
944 0
939 0
715 0
872 0
659 0
336 0
160 0
325 0
838 0
280 0
852 0
130 0
122 0
767 0
859 0
65 0
995 0
49 0
511 0
958 0
241 0
79 0
615 0
507 0
425 0
28 0
889 0
517 0
204 0
240 0
715 0
527 0
63 0
125 0
220 0
907 0
530 0
700 0
245 0
491 0
985 0
777 0
590 0
646 0
119 0
584 0
708 0
2 0
138 0
506 0
147 0
251 0
545 0
143 0
730 0
69 0
776 0
468 0
424 0
139 0
457 0
83 0
236 0
292 0
446 0
756 0
184 0
605 0
347 0
294 0
837 0
385 0
684 0
546 0
981 0
726 0
828 0
629 0
700 0
232 0
427 0
498 0
64 0
150 0
399 0
116 0
376 0
471 0
321 0
707 0
444 0
452 0
350 0
81 0
474 0
776 0
563 0
369 0
766 0
368 0
142 0
422 0
179 0
405 0
581 0
280 0
934 0
905 0
639 0
506 0
134 0
609 0
377 0
229 0
546 0
482 0
217 0
688 0
25 0
713 0
319 0
112 0
965 0
516 0
515 0
668 0
460 0
87 0
34 0
875 0
831 0
311 0
215 0
214 0
789 0
467 0
59 0
889 0
667 0
543 0
532 0
977 0
840 0
315 0
87 0
708 0
473 0
73 0
218 0
580 0
788 0
118 0
961 0
670 0
138 0
568 0
906 0
466 0
914 0
372 0
411 0
78 0
453 0
805 0
224 0
313 0
166 0
468 0
19 0
94 0
12 0
258 0
368 0
269 0
12 0
47 0
377 0
630 0
103 0
374 0
737 0
333 0
6 0
406 0
331 0
621 0
391 0
295 0
991 0
162 0
486 0
963 0
491 0
577 0
611 0
795 0
481 0
821 0
414 0
345 0
230 0
365 0
193 0
432 0
979 0
916 0
975 0
282 0
491 0
772 0
300 0
440 0
895 0
454 0
758 0
675 0
930 0
64 0
332 0
921 0
721 0
634 0
988 0
36 0
91 0
561 0
14 0
478 0
310 0
904 0
689 0
674 0
136 0
661 0
480 0
414 0
329 0
40 0
462 0
828 0
4 0
