1000
586 415
269 732
639 362
601 400
349 652
469 532
214 787
505 496
636 365
758 243
197 804
928 73
61 940
222 779
56 945
943 58
67 934
743 258
517 484
635 366
557 444
242 759
171 830
129 872
145 856
859 142
706 295
251 750
597 404
378 623
155 846
389 612
865 136
953 48
217 784
467 534
240 761
862 139
1 1000
936 65
922 79
611 390
114 887
945 56
898 103
775 226
103 898
236 765
956 45
543 458
251 750
649 352
609 392
472 529
314 687
85 916
317 684
485 516
852 149
707 294
65 936
498 503
134 867
436 565
349 652
966 35
647 354
48 953
779 222
621 380
398 603
250 751
440 561
323 678
918 83
452 549
742 259
113 888
634 367
617 384
117 884
53 948
248 753
849 152
619 382
340 661
279 722
828 173
806 195
299 702
857 144
164 837
382 619
946 55
720 281
220 781
787 214
598 403
411 590
785 216
478 523
293 708
966 35
893 108
290 711
265 736
900 101
978 23
288 713
990 11
939 62
511 490
746 255
284 717
930 71
364 637
63 938
875 126
126 875
640 361
510 491
691 310
830 171
976 25
297 704
993 8
519 482
16 985
316 685
788 213
732 269
177 824
342 659
284 717
950 51
174 827
771 230
637 364
38 963
235 766
25 976
813 188
562 439
420 581
733 268
235 766
68 933
821 180
6 995
736 265
30 971
160 841
765 236
240 761
29 972
325 676
862 139
659 342
718 283
68 933
648 353
448 553
41 960
850 151
97 904
474 527
33 968
147 854
128 873
247 754
79 922
12 989
52 949
610 391
663 338
674 327
594 407
48 953
572 429
735 266
270 731
215 786
743 258
190 811
260 741
583 418
767 234
418 583
817 184
897 104
419 582
762 239
400 601
300 701
922 79
328 673
291 710
312 689
950 51
271 730
934 67
410 591
365 636
708 293
190 811
337 664
736 265
832 169
211 790
25 976
55 946
186 815
200 801
5 996
69 932
697 304
600 401
47 954
776 225
438 563
885 116
503 498
910 91
325 676
188 813
34 967
159 842
379 622
866 135
640 361
720 281
494 507
433 568
209 792
940 61
861 140
163 838
44 957
753 248
139 862
168 833
77 924
160 841
665 336
278 723
177 824
619 382
202 799
69 932
782 219
118 883
475 526
820 181
607 394
406 595
39 962
206 795
300 701
408 593
637 364
748 253
858 143
590 411
50 951
807 194
653 348
762 239
479 522
389 612
895 106
41 960
87 914
590 411
469 532
152 849
961 40
865 136
731 270
277 724
927 74
842 159
19 982
324 677
290 711
644 357
141 860
57 944
837 164
766 235
885 116
642 359
705 296
45 956
90 911
593 408
163 838
527 474
32 969
75 926
504 497
441 560
928 73
228 773
403 598
426 575
548 453
709 292
614 387
986 15
805 196
447 554
612 389
361 640
998 3
103 898
903 98
314 687
585 416
378 623
451 550
531 470
954 47
570 431
288 713
510 491
578 423
122 879
109 892
72 929
986 15
450 551
265 736
506 495
144 857
869 132
761 240
104 897
247 754
178 823
276 725
478 523
369 632
439 562
621 380
388 613
354 647
925 76
888 113
971 30
207 794
146 855
689 312
834 167
681 320
566 435
452 549
893 108
390 611
147 854
935 66
771 230
911 90
239 762
422 579
282 719
444 557
373 628
585 416
243 758
487 514
296 705
73 928
655 346
499 502
554 447
761 240
972 29
530 471
213 788
602 399
513 488
331 670
498 503
294 707
38 963
718 283
269 732
376 625
611 390
844 157
354 647
535 466
909 92
897 104
126 875
321 680
904 97
758 243
815 186
561 440
547 454
513 488
837 164
251 750
943 58
532 469
153 848
677 324
89 912
365 636
304 697
40 961
612 389
319 682
963 38
740 261
762 239
356 645
585 416
755 246
680 321
749 252
580 421
109 892
500 501
156 845
373 628
366 635
943 58
407 594
790 211
995 6
829 172
174 827
5 996
12 989
51 950
725 276
498 503
136 865
24 977
617 384
745 256
599 402
151 850
206 795
262 739
122 879
903 98
540 461
121 880
105 896
573 428
402 599
960 41
269 732
324 677
624 377
184 817
416 585
82 919
911 90
488 513
633 368
395 606
333 668
709 292
482 519
320 681
862 139
454 547
722 279
73 928
291 710
292 709
964 37
662 339
347 654
599 402
538 463
847 154
629 372
301 700
583 418
688 313
318 683
801 200
913 88
168 833
42 959
153 848
508 493
258 743
987 14
231 770
837 164
241 760
1 1000
781 220
334 667
826 175
112 889
46 955
594 407
197 804
33 968
729 272
786 215
966 35
912 89
608 393
62 939
165 836
430 571
83 918
436 565
600 401
799 202
416 585
781 220
384 617
160 841
329 672
919 82
319 682
746 255
816 185
902 99
693 308
787 214
474 527
413 588
229 772
960 41
443 558
137 864
767 234
387 614
529 472
583 418
504 497
674 327
973 28
127 874
778 223
177 824
181 820
381 620
443 558
546 455
970 31
951 50
958 43
459 542
19 982
988 13
700 301
133 868
183 818
595 406
130 871
734 267
324 677
762 239
429 572
96 905
960 41
669 332
810 191
500 501
11 990
593 408
384 617
119 882
107 894
14 987
831 170
674 327
956 45
772 229
410 591
673 328
659 342
845 156
156 845
512 489
116 885
936 65
302 699
469 532
608 393
372 629
254 747
437 564
975 26
220 781
673 328
153 848
621 380
173 828
691 310
813 188
77 924
991 10
35 966
330 671
53 948
467 534
844 157
421 580
236 765
244 757
646 355
436 565
958 43
930 71
253 748
660 341
880 121
349 652
45 956
794 207
79 922
978 23
950 51
656 345
124 877
19 982
1 1000
622 379
29 972
600 401
796 205
22 979
205 796
125 876
20 981
640 361
299 702
854 147
423 578
582 419
243 758
420 581
786 215
602 399
166 835
363 638
848 153
93 908
268 733
976 25
908 93
175 826
925 76
388 613
316 685
208 793
844 157
309 692
881 120
284 717
98 903
568 433
412 589
74 927
107 894
149 852
162 839
924 77
34 967
172 829
116 885
100 901
637 364
76 925
981 20
650 351
301 700
256 745
336 665
445 556
211 790
41 960
203 798
714 287
910 91
625 376
825 176
602 399
592 409
855 146
59 942
327 674
758 243
987 14
60 941
323 678
294 707
629 372
738 263
24 977
499 502
317 684
660 341
488 513
186 815
493 508
397 604
290 711
808 193
700 301
624 377
973 28
584 417
112 889
777 224
287 714
543 458
804 197
85 916
937 64
110 891
522 479
476 525
710 291
918 83
341 660
539 462
541 460
126 875
221 780
264 737
822 179
333 668
851 150
282 719
962 39
484 517
331 670
57 944
174 827
694 307
525 476
702 299
774 227
494 507
740 261
800 201
213 788
859 142
199 802
832 169
101 900
472 529
738 263
341 660
300 701
538 463
109 892
238 763
80 921
499 502
944 57
883 118
866 135
24 977
140 861
530 471
506 495
22 979
512 489
41 960
95 906
971 30
435 566
723 278
87 914
129 872
941 60
398 603
597 404
280 721
687 314
570 431
707 294
871 130
513 488
588 413
670 331
817 184
343 658
490 511
884 117
261 740
581 420
896 105
922 79
422 579
237 764
368 633
861 140
908 93
331 670
320 681
470 531
223 778
648 353
822 179
579 422
269 732
825 176
379 622
65 936
540 461
285 716
705 296
277 724
976 25
529 472
96 905
909 92
737 264
546 455
569 432
948 53
236 765
91 910
924 77
815 186
769 232
782 219
679 322
139 862
526 475
194 807
271 730
402 599
762 239
450 551
387 614
152 849
133 868
70 931
293 708
279 722
352 649
924 77
500 501
707 294
805 196
92 909
200 801
968 33
98 903
940 61
148 853
354 647
890 111
919 82
688 313
337 664
818 183
574 427
506 495
42 959
753 248
803 198
420 581
253 748
202 799
577 424
447 554
794 207
837 164
448 553
421 580
247 754
922 79
939 62
232 769
858 143
662 339
886 115
766 235
644 357
73 928
929 72
518 483
100 901
606 395
532 469
409 592
49 952
499 502
474 527
295 706
683 318
98 903
536 465
942 59
140 861
646 355
8 993
79 922
554 447
966 35
85 916
250 751
925 76
611 390
435 566
577 424
906 95
967 34
943 58
910 91
890 111
373 628
300 701
957 44
459 542
545 456
9 992
477 524
815 186
911 90
983 18
320 681
324 677
743 258
63 938
29 972
982 19
256 745
841 160
930 71
441 560
266 735
740 261
532 469
572 429
14 987
158 843
759 242
855 146
111 890
242 759
635 366
510 491
201 800
788 213
763 238
338 663
333 668
141 860
725 276
51 950
63 938
470 531
485 516
369 632
994 7
904 97
226 775
93 908
801 200
295 706
218 783
48 953
217 784
921 80
884 117
313 688
945 56
73 928
432 569
408 593
949 52
543 458
344 657
858 143
902 99
37 964
726 275
57 944
805 196
892 109
110 891
365 636
547 454
138 863
674 327
705 296
690 311
694 307
40 961
114 887
535 466
914 87
