1000
488 988
244 170
528 175
323 817
685 30
285 23
661 515
191 706
76 442
773 514
317 190
479 32
395 422
852 828
80 768
170 993
35 670
317 718
193 593
169 332
93 969
258 263
712 424
856 828
311 883
327 658
973 275
973 83
708 590
814 307
331 998
221 456
624 250
234 858
872 456
740 601
822 160
66 882
962 405
935 904
480 142
50 939
199 996
449 335
364 990
281 779
300 585
162 332
224 194
563 152
116 714
863 839
64 144
959 898
891 590
981 718
803 855
645 881
492 302
439 451
320 438
797 15
486 203
273 631
539 536
119 760
415 503
408 782
965 323
629 491
406 475
261 327
586 907
227 271
459 741
333 654
23 795
173 336
633 618
325 302
406 1
261 158
171 124
234 389
331 812
440 265
52 593
49 926
6 588
737 181
74 674
507 787
807 243
749 548
715 261
817 880
584 927
821 729
239 186
250 530
731 875
158 840
191 676
663 89
619 972
885 345
511 756
425 57
994 594
432 994
128 561
666 207
46 768
801 432
435 792
30 800
56 208
252 274
217 953
478 282
805 375
209 331
712 792
562 179
910 850
863 60
884 224
607 74
612 864
103 101
203 715
940 183
232 287
798 832
248 443
371 73
91 178
77 305
768 468
386 24
607 115
274 715
518 585
368 332
571 874
691 894
738 125
544 153
638 779
674 927
872 60
841 140
665 121
948 334
942 813
622 181
687 180
71 54
198 658
491 454
980 296
432 650
480 143
176 30
798 892
188 655
21 871
899 235
779 180
204 569
258 755
880 240
80 788
285 194
179 514
548 929
807 65
163 102
554 125
817 934
624 617
730 738
346 727
397 212
408 558
959 466
222 25
167 22
724 849
877 863
229 433
707 876
823 249
573 41
528 86
943 644
166 38
363 625
335 706
494 138
220 448
962 179
418 76
720 762
472 948
258 989
706 803
652 216
172 616
107 322
615 602
840 926
855 94
114 847
422 250
963 745
746 366
676 405
37 329
766 848
341 951
986 353
948 544
848 935
256 415
898 518
124 485
524 966
243 153
481 390
526 852
586 806
934 645
334 722
451 705
851 678
135 758
438 618
551 867
930 517
636 106
796 586
340 570
866 787
966 227
142 620
772 179
114 162
660 160
533 405
612 768
958 352
353 372
903 795
119 549
590 796
907 222
767 580
302 228
681 439
549 528
743 947
570 144
213 583
308 831
600 456
634 692
58 585
558 280
560 692
57 987
161 492
700 737
867 977
259 116
807 289
20 419
318 439
476 373
671 224
689 716
443 400
232 390
122 284
967 591
405 933
595 191
647 174
983 478
904 107
331 412
245 552
731 271
267 102
895 699
546 376
43 134
264 884
652 281
176 833
847 429
140 996
254 674
300 573
749 542
221 296
497 578
65 587
400 978
733 649
503 981
767 226
242 586
20 942
9 719
273 998
287 351
474 758
258 227
167 182
253 772
934 990
249 795
881 129
908 584
784 460
707 399
551 251
329 604
864 285
399 900
660 899
433 829
729 447
581 144
461 275
68 157
271 595
269 230
357 579
986 747
16 888
566 760
887 500
818 794
598 209
976 855
12 580
561 290
254 415
141 669
934 45
453 761
438 631
322 420
20 299
364 628
575 797
710 834
669 169
252 849
559 780
639 38
397 278
895 116
930 943
682 909
762 437
226 488
218 909
474 729
682 115
754 689
12 430
544 843
732 17
418 15
279 619
74 403
462 443
77 50
838 593
408 124
503 158
864 588
620 897
110 471
791 567
78 997
720 66
701 469
739 54
273 543
903 613
281 68
117 815
20 405
600 345
826 93
6 821
3 512
88 11
465 124
509 719
561 35
632 834
799 288
725 5
840 341
47 143
756 61
710 153
365 242
63 704
11 514
823 222
495 544
638 186
788 941
922 470
22 632
108 766
675 818
182 701
108 35
935 537
539 212
536 683
804 789
973 505
979 471
59 712
995 755
142 311
989 466
173 970
785 732
499 959
264 684
781 8
903 272
322 325
588 274
999 789
642 564
76 971
358 917
0 682
412 785
415 187
390 386
239 683
4 846
162 14
583 101
377 812
360 137
389 422
437 411
567 304
946 734
806 835
938 600
620 49
534 91
461 413
291 446
993 549
237 341
152 561
46 857
224 107
678 478
458 242
451 558
609 351
516 829
507 480
469 881
678 170
799 616
28 515
64 148
950 122
911 280
336 308
199 65
123 285
326 340
980 127
106 319
710 121
508 352
218 288
185 241
717 115
982 144
513 38
430 616
428 773
351 204
158 974
995 581
817 146
471 946
696 323
413 109
483 53
117 4
414 605
959 840
486 111
462 841
121 42
764 404
650 785
292 859
438 520
73 858
182 129
64 197
162 222
190 655
620 242
237 159
811 988
622 641
739 304
501 768
801 783
584 682
438 987
965 278
694 545
491 457
378 810
369 957
174 670
827 397
550 505
729 85
93 90
113 936
590 230
365 783
614 394
45 48
255 699
671 144
8 642
237 475
514 502
347 437
2 50
695 905
460 730
925 174
933 633
895 50
16 696
536 770
628 802
276 563
197 711
254 491
638 260
30 470
527 343
626 538
710 420
886 880
62 156
871 736
423 183
165 68
388 765
114 214
924 588
673 164
165 938
659 356
777 432
499 16
442 418
943 410
571 622
523 882
786 892
829 246
534 711
138 825
606 407
797 596
22 949
599 918
29 909
713 675
721 362
537 621
857 830
906 678
961 422
759 20
236 126
1 80
729 154
488 856
994 770
925 976
92 346
493 330
419 79
460 656
281 358
558 630
599 40
723 768
453 481
1 779
203 767
108 6
636 823
78 551
105 556
543 773
207 421
612 827
450 607
968 717
728 900
323 393
294 872
310 969
682 877
400 988
328 934
481 539
538 13
605 899
951 68
843 243
709 834
263 190
744 551
762 178
124 470
43 907
351 52
706 579
532 774
773 700
728 954
196 233
618 898
12 930
718 622
920 462
854 671
790 391
189 611
187 192
811 774
411 533
204 254
964 931
443 167
210 8
512 735
280 620
182 60
220 341
98 3
624 171
326 941
561 720
703 651
802 439
618 813
560 522
237 991
516 402
322 460
611 413
674 253
486 79
141 769
777 592
484 955
568 191
779 206
958 450
955 219
402 621
687 43
282 680
512 881
503 870
524 185
159 10
317 65
308 552
170 926
650 130
808 843
25 20
791 172
369 952
867 317
184 653
310 391
544 733
597 760
516 152
206 648
28 508
216 574
541 620
555 884
812 318
938 790
339 274
382 703
847 129
535 735
632 237
889 928
698 163
775 430
585 250
133 13
530 906
956 803
939 736
473 310
190 116
176 93
724 852
754 680
679 984
54 597
196 262
264 168
367 635
339 227
238 534
659 620
454 371
312 919
862 810
885 376
487 372
186 87
787 307
227 831
477 71
586 380
903 874
293 552
102 844
709 994
853 742
704 586
138 453
33 22
144 103
381 498
639 861
717 126
243 790
506 806
497 64
944 688
282 401
347 549
794 645
442 666
927 108
182 622
778 875
406 581
835 882
844 126
468 982
238 627
293 117
172 385
619 929
459 990
358 381
663 598
168 573
971 521
105 634
83 381
696 862
624 190
16 592
769 879
142 521
32 612
881 912
248 395
204 748
173 589
830 194
545 163
772 234
193 122
63 534
615 285
697 523
342 303
590 988
152 23
432 352
540 692
609 798
968 607
580 97
652 685
967 269
347 876
44 996
609 223
69 287
125 106
805 746
14 232
483 978
890 164
692 346
167 974
60 465
290 126
501 339
847 70
506 505
555 78
769 920
772 335
687 427
120 828
466 824
703 252
782 951
50 619
142 44
294 442
831 839
708 739
502 241
959 951
2 125
70 264
771 230
286 909
606 153
363 707
535 711
517 337
193 266
101 243
114 727
394 967
923 86
470 25
63 460
828 686
545 296
81 535
962 986
164 789
506 188
668 677
581 673
638 140
730 274
35 597
328 732
265 278
711 842
575 988
518 996
152 240
914 919
688 986
510 609
881 899
167 684
232 216
929 256
156 375
982 976
936 82
33 436
802 555
973 757
698 728
587 4
587 982
812 165
570 908
546 127
297 541
552 104
600 676
604 56
403 440
110 718
458 937
908 912
460 752
860 213
845 36
327 36
525 17
578 69
495 515
43 53
406 407
236 230
216 332
646 784
444 893
139 415
57 611
86 476
634 623
180 767
376 565
454 356
126 335
489 542
888 451
929 585
130 58
425 912
341 769
946 408
867 321
98 426
918 131
986 397
688 925
537 582
964 944
337 999
934 448
497 557
849 611
154 699
445 533
27 924
207 153
576 910
317 807
18 759
661 315
624 919
810 894
483 507
26 544
88 105
674 746
101 221
953 38
606 987
342 521
496 940
608 837
214 633
324 369
434 234
494 658
351 563
833 602
424 388
30 667
75 296
514 128
469 697
991 342
324 209
888 846
626 280
868 884
651 665
782 133
945 377
881 631
769 796
475 805
963 155
991 8
628 945
526 215
14 911
845 160
609 916
886 289
