1000
323 599
973 882
296 713
618 416
517 594
407 40
191 952
760 401
46 362
438 852
474 177
629 631
558 400
823 501
889 340
232 704
655 795
464 795
39 389
105 931
915 199
617 220
457 482
367 181
712 194
748 163
545 422
136 744
362 501
487 231
630 306
105 810
925 48
315 649
903 405
258 829
213 650
743 37
879 982
614 819
0 122
51 523
169 984
98 462
577 991
858 384
771 460
931 59
776 465
573 581
464 672
84 69
272 425
722 673
806 197
724 822
616 299
181 85
71 415
728 679
940 274
812 30
415 982
343 88
572 170
208 255
184 648
895 116
948 580
444 621
439 238
189 249
931 230
857 430
365 691
861 222
223 556
537 236
739 75
195 465
713 148
333 356
225 554
46 387
527 980
376 346
759 749
249 760
742 324
548 823
810 419
381 880
395 686
65 323
393 347
122 276
523 312
113 422
614 779
681 355
985 526
660 582
472 303
677 357
505 48
187 53
275 106
403 437
230 363
987 256
34 850
145 525
702 215
605 469
222 481
810 469
945 801
666 111
114 20
700 724
31 776
823 885
940 518
345 876
362 782
683 542
786 821
696 56
518 906
828 258
836 202
455 453
807 417
175 226
67 718
890 843
303 441
77 631
180 883
24 650
785 450
949 301
726 279
116 545
321 642
126 183
573 258
452 991
444 991
572 657
367 444
274 78
838 118
808 937
574 662
80 46
881 336
954 302
512 764
703 644
629 186
388 678
312 212
668 730
987 918
639 652
414 324
435 778
192 128
72 43
891 608
993 37
535 235
195 930
35 104
111 169
14 228
338 35
736 291
986 445
898 663
192 453
722 760
93 804
958 281
372 787
756 962
585 859
75 302
87 750
35 837
418 943
430 812
208 350
129 296
873 241
292 205
982 509
355 247
760 833
862 598
711 833
718 45
139 989
375 383
224 963
169 82
252 305
317 868
534 438
220 781
146 568
658 190
898 465
208 205
819 70
250 927
441 210
689 790
780 823
433 777
965 119
744 763
439 217
282 216
848 172
583 273
129 224
649 259
749 476
412 826
824 716
739 220
498 157
760 593
308 158
326 903
834 769
2 339
295 773
908 505
796 161
583 550
730 638
569 315
103 574
499 288
899 95
410 658
61 471
959 619
429 454
75 438
369 388
801 506
977 814
368 517
981 679
127 849
100 569
716 243
888 719
758 644
684 111
906 362
723 190
268 363
880 995
954 295
866 166
278 98
330 488
459 779
458 24
213 53
595 5
461 839
556 317
256 69
902 483
585 626
42 388
62 335
947 808
911 823
981 503
665 137
169 58
985 497
416 597
695 333
246 789
640 461
798 55
693 290
72 889
573 455
184 599
586 95
668 913
467 607
4 227
35 889
850 519
414 349
357 216
280 493
286 268
876 558
103 126
412 551
667 116
248 136
95 629
948 398
162 304
724 352
524 782
801 141
894 277
984 712
59 998
574 955
810 991
526 940
51 872
689 329
103 850
120 443
921 680
877 164
225 50
991 307
891 956
529 488
3 628
690 168
855 277
93 520
962 859
942 645
319 543
10 542
204 734
825 848
759 510
771 807
661 735
391 228
411 40
980 683
116 23
294 122
763 175
236 291
517 106
215 24
271 938
1 70
997 613
664 146
642 675
701 275
576 371
130 488
536 694
103 137
646 665
753 872
915 429
381 892
53 291
46 686
583 130
960 432
79 192
421 789
210 586
299 312
495 248
566 624
437 976
910 440
928 783
513 222
981 693
947 490
19 750
875 205
773 276
510 130
406 76
268 344
574 870
160 24
375 449
542 713
568 437
474 828
306 726
768 188
240 330
163 806
757 252
382 611
923 258
139 819
297 535
827 469
50 705
800 181
149 754
240 924
311 407
236 858
468 770
473 129
783 526
708 910
63 259
668 221
153 604
227 896
698 15
514 751
436 550
246 328
712 564
581 538
104 125
388 359
35 313
360 504
382 642
829 469
747 404
985 234
137 748
363 980
460 906
396 519
159 193
84 530
605 931
785 224
326 435
384 213
278 122
979 190
605 575
729 199
200 69
1 293
711 362
232 875
28 18
572 109
393 4
605 280
812 737
372 864
609 369
881 771
573 49
235 642
329 632
488 72
330 874
165 84
965 219
875 193
729 657
755 942
458 67
928 278
269 443
665 84
725 781
43 174
516 715
521 793
180 789
808 34
429 880
951 603
74 399
387 570
936 879
36 451
671 816
367 964
616 548
443 523
785 902
868 596
932 938
83 870
387 442
482 390
635 738
586 444
654 92
850 57
435 625
784 967
615 50
569 111
877 801
598 844
50 497
853 911
195 123
188 277
271 436
260 291
5 704
204 562
172 160
654 283
603 693
772 77
916 587
549 791
663 114
838 88
842 484
569 415
223 820
819 31
670 729
235 581
622 463
725 538
396 238
321 691
351 884
810 804
380 690
54 587
608 380
718 83
340 36
380 657
578 702
962 230
269 564
689 55
170 429
909 553
769 431
374 641
783 379
398 585
462 737
958 218
981 642
501 921
632 252
235 409
111 383
262 66
123 839
886 49
988 445
961 126
343 272
792 532
325 171
938 470
932 409
765 122
561 597
707 367
946 930
719 54
405 288
751 719
669 523
625 533
904 987
457 337
733 48
797 157
396 507
544 518
75 333
375 680
440 207
966 46
503 787
631 35
169 286
363 262
749 625
739 631
196 824
135 156
581 229
315 87
49 580
77 63
212 13
8 621
189 775
633 411
709 552
603 696
649 601
841 706
51 261
495 540
79 227
187 469
967 146
837 602
309 517
165 541
894 712
351 259
67 858
151 977
412 742
681 169
338 903
809 581
667 831
311 789
633 547
152 544
331 192
773 680
382 148
450 610
205 457
426 799
532 722
220 903
751 734
508 108
746 785
919 578
520 184
922 611
12 625
300 643
150 778
860 511
840 606
507 920
302 919
616 188
779 959
200 770
161 399
300 840
835 679
96 991
338 456
354 373
106 426
540 24
718 930
532 716
209 852
965 267
111 366
203 930
46 638
548 187
498 460
316 412
300 620
474 512
755 602
592 449
283 491
826 624
573 974
610 147
687 651
276 758
507 2
255 83
41 640
480 519
686 220
11 344
495 91
768 919
320 161
956 865
566 780
477 604
487 818
40 464
608 347
832 176
333 764
435 542
553 128
917 149
233 612
55 253
616 583
757 216
886 800
106 831
199 263
150 89
128 655
506 502
481 319
579 703
257 530
884 188
911 75
345 818
125 719
850 170
52 243
83 864
286 950
62 784
127 779
906 418
201 894
568 894
463 354
513 325
88 767
598 619
607 147
612 437
119 543
354 374
279 234
391 60
612 543
394 177
7 109
90 206
224 948
901 211
771 59
212 387
85 311
214 414
282 69
485 724
286 499
349 37
539 522
707 723
641 252
358 214
268 487
487 579
400 378
804 778
592 763
142 830
973 440
671 770
586 21
225 941
537 974
878 598
182 889
538 986
78 205
755 821
556 744
127 19
860 475
761 721
91 848
785 590
173 235
872 606
430 479
700 344
203 176
850 508
29 502
96 450
586 635
898 363
788 282
465 438
283 122
134 689
130 505
18 737
288 5
322 778
610 292
618 868
592 383
94 838
679 57
602 493
499 902
501 678
786 698
931 519
257 9
187 630
923 192
781 699
921 813
187 346
51 202
227 261
229 673
534 349
770 742
282 580
398 618
606 308
766 70
266 66
614 244
604 289
352 775
130 410
165 849
942 458
225 127
419 286
212 583
443 314
375 464
85 312
161 813
418 575
344 642
916 873
437 352
929 201
145 543
177 478
831 607
517 673
370 598
512 207
867 931
771 945
262 787
399 486
909 751
741 257
493 941
171 18
673 128
177 136
505 156
681 616
142 229
111 542
362 258
119 759
640 865
628 23
893 246
165 936
535 226
51 891
482 66
51 156
357 843
736 655
96 573
617 639
293 14
545 849
160 394
585 794
642 264
635 867
125 311
868 508
111 376
798 679
716 53
309 348
645 367
42 495
434 188
953 757
650 720
508 215
285 982
136 841
925 675
912 615
90 312
882 59
217 958
128 842
413 907
60 861
342 895
928 437
211 731
505 435
341 218
610 31
528 168
966 156
802 368
35 210
723 941
416 197
732 223
766 436
514 848
625 906
132 635
860 254
583 19
982 958
763 536
126 480
476 108
779 378
57 265
663 844
455 723
199 782
656 654
892 180
584 271
853 117
572 915
351 354
239 438
573 443
200 314
190 9
563 833
695 496
963 529
109 220
736 160
396 367
694 792
661 385
463 551
607 788
57 938
202 951
48 769
981 858
110 38
761 149
990 334
957 153
9 215
733 368
343 528
199 165
931 807
312 936
659 187
12 443
425 28
727 17
222 743
937 998
388 95
92 101
313 339
802 220
823 189
998 160
269 438
157 942
605 425
343 520
84 433
524 765
340 68
737 554
736 641
927 592
376 562
131 598
698 661
346 288
385 402
369 95
529 8
33 685
80 896
575 888
558 155
51 895
893 992
366 647
50 210
