1000
4447 2183
2034 3108
5792 791
2163 6276
6082 3893
4230 4994
9869 1766
174 1183
7607 6562
989 8886
5379 2654
1277 8274
4860 6480
700 6213
1757 2334
2860 2106
3590 8144
8053 943
9103 870
8063 1902
4487 5699
594 319
2239 6498
9568 3596
5589 2934
9508 6152
9810 6493
9543 9074
5959 9135
1888 9039
8380 8955
3131 2804
2393 6842
8730 3778
8116 9450
3390 2968
6516 9382
4787 9553
8425 3674
3607 2142
3321 16
3547 3254
8400 4086
2500 1165
9500 7587
2873 8145
6893 3962
8035 4665
3244 4591
7860 208
9343 2272
2761 7124
7337 1366
3132 9164
5939 7043
6459 2021
8007 1286
6360 6036
3209 6612
1258 6779
8690 5943
1080 8515
3174 1617
5876 718
501 2424
669 998
8549 5472
146 9487
5677 2522
7465 5451
3130 4072
4088 6364
1775 7197
7056 638
3412 8669
3405 8050
4653 868
7324 7461
7051 9445
6750 2294
8563 1823
7931 4853
3633 5964
4155 73
7790 5372
6841 9133
1326 7885
8719 2585
6138 3221
2723 7260
5858 7780
661 6109
4853 1852
9737 179
8346 3623
1370 5078
7597 241
909 3661
7277 5959
1641 4126
2643 5856
5383 591
3026 2500
7803 7034
8756 7879
1794 7894
1300 2623
2528 7719
379 9381
7252 1862
8771 3235
8936 5537
9857 1712
189 1329
6395 7330
6801 688
5394 6920
4035 2116
7791 9663
691 6245
4462 7919
651 3816
26 1043
8737 9508
5840 2223
2022 7435
1158 2768
8682 5219
4382 3646
2855 5635
1095 7533
2284 7247
6022 4504
7640 1079
7042 2183
9134 6743
6238 4058
7018 5216
4748 1591
8746 3681
3311 9234
152 1098
2088 8574
6230 9629
9239 1898
8690 3813
3169 7977
9024 5616
5477 8264
6604 1293
3980 9629
3555 8061
6936 8211
5632 4993
9744 3907
7346 7019
2154 1924
377 1354
4698 1131
870 8441
2706 977
4984 9733
3335 5178
4274 3758
879 3294
5226 7746
3580 2516
890 4066
7176 3900
3538 1626
4649 8988
4512 9153
2542 7908
3127 3939
8566 6979
3049 2389
2083 508
5313 2495
6062 4327
8948 3816
3237 3129
6693 9436
5401 9270
7042 9288
8257 6704
2693 7333
7941 5002
2862 395
3641 4620
3459 1402
5550 5074
6351 8835
6946 8197
8739 4088
6 9424
4256 1681
2854 3667
9132 1094
4808 3356
9614 9277
4714 7140
1057 2261
2387 3137
8746 5071
5596 5222
2803 9423
332 5365
9766 3253
1033 6228
4477 1939
7204 6570
4902 6781
2140 3326
88 4916
878 5383
868 2590
6645 3084
5956 4839
6365 548
7515 7672
3294 777
6415 8611
8546 364
2859 5986
601 8263
907 4225
1349 3122
3844 6391
2604 9451
6377 164
6012 7310
4312 6795
5356 3908
3226 6374
5557 6804
2048 5912
7072 7555
2745 1927
31 3818
7365 873
8009 4938
5049 8788
2122 1470
7732 7116
4961 8568
6104 504
784 6863
8962 2716
4296 5583
7831 5266
6480 5358
4974 7482
3478 597
943 6693
8692 4008
3104 5406
2728 8408
1417 7088
298 1823
4515 6751
7280 6983
9430 47
7965 9850
6336 5195
3902 4163
2161 9093
396 3510
5436 6037
4211 124
9021 7813
4061 852
9591 8206
1575 8333
5967 9375
4520 6164
1534 6263
1382 3174
5797 1724
3682 5021
7236 9303
3323 511
5745 5528
4156 1217
1517 4910
9560 4711
2898 7591
6802 3276
4582 5243
8824 8876
347 7755
480 1816
2058 2940
8757 6329
1089 8629
42 5812
2601 5201
8956 8657
4352 6360
9692 3937
6983 9006
5127 5984
6929 5304
5890 3571
4107 2723
4173 2970
3277 4519
9346 3553
9978 9954
3465 4116
8475 8739
5383 9184
7408 1302
9239 1078
2114 6675
273 1351
5459 2598
8082 2229
8061 7254
104 6368
9224 7720
435 7096
8497 9081
7579 8685
7449 669
2462 6233
4827 5465
1569 3582
2553 823
8016 7509
7101 2757
8735 2363
7570 5675
7088 7560
6270 9834
7578 3928
6419 3182
8738 2662
4349 3660
2742 3273
6615 3632
8957 405
7082 9519
7085 9394
2868 2410
9726 1759
710 6870
612 8787
7561 462
4862 6504
5118 5380
5454 119
8455 9789
1564 1541
7252 6169
8414 7129
8754 3253
8311 2375
918 2708
4370 1474
6846 2615
3314 791
1570 6808
3164 6703
7247 8071
9532 3523
7890 9773
3131 1584
3493 9972
3155 2993
5381 8300
2520 8035
5235 118
8882 9075
6373 7603
6347 5994
8862 1222
1826 7877
3741 3656
3829 6003
5962 1612
9471 4349
6094 9210
1248 5544
2855 690
9131 8098
5658 2939
3683 5312
2021 544
209 3503
8094 3847
1137 8464
9247 9662
2728 6074
6600 2443
9537 1392
3231 1066
7863 2555
24 5740
3622 9185
9230 7537
4081 3012
4785 6669
1631 5592
1230 6870
2074 8559
2640 5491
7227 5595
3397 1336
5423 5771
113 4888
8201 3446
9527 6896
6820 4282
5133 2721
6155 9641
4214 1169
5160 5375
6518 9439
3650 3685
1728 8564
3737 846
8587 5611
4641 7429
7041 6116
4313 7641
5870 6809
3545 4844
1769 1515
2464 5257
1429 7016
8407 4192
2803 5062
226 5047
6497 3176
2618 5869
2966 2895
470 6536
600 9295
215 3775
7263 1325
9905 543
3842 1481
6375 2059
200 3090
4585 5808
1209 1965
2334 7528
1966 8998
5054 6811
6932 877
9182 2183
419 3546
9584 1063
1318 9379
4909 8908
5194 8786
212 819
4348 264
1700 1574
8656 567
9747 2995
6883 6128
7800 8864
9814 5687
3355 3479
9443 2139
3190 424
403 2228
442 7754
7597 4699
1558 816
4909 6763
2441 2872
2614 1817
8294 5184
7856 2343
8637 4855
1088 245
5675 8660
205 5593
3153 6570
1869 3517
1029 3390
2022 2455
683 693
3 7620
3127 5999
2607 9381
1811 6885
7643 3970
4199 4556
7995 3084
4037 9738
5055 7299
7251 6869
2130 4330
605 1393
8411 161
2295 8077
5980 3698
4655 6059
3096 5983
5784 8542
7460 7098
803 9572
3441 8532
1138 209
2898 5962
5360 1
6269 4645
6325 1848
6021 9997
1339 9319
6747 494
5360 761
8529 8929
2059 1215
301 116
6353 482
1210 2488
3302 6005
472 907
5158 2005
299 401
5793 8151
7385 1869
3114 147
9896 1404
324 9062
1068 3714
8475 7815
9521 3615
3007 8537
8124 5038
6688 2013
3121 1021
6086 7629
2916 5636
7022 3816
1947 9603
4309 1594
9101 4055
6876 3099
2875 5937
7695 767
8045 9278
3828 8507
1022 4850
1384 1218
1418 4457
9994 5762
8527 6950
3513 1162
2281 4953
3598 1917
5180 5650
332 349
6388 5588
920 9078
748 1239
5296 8609
5572 2913
3508 9125
4421 7642
6840 4936
1229 4041
8226 8395
5278 4412
4706 4310
9157 4764
3350 3049
5489 8045
5662 8304
3498 5607
5764 6761
3845 643
5174 6134
4866 4048
5483 6035
6605 318
1712 2863
3822 2733
3211 1770
6528 8368
9990 2606
7470 2265
135 578
6606 4236
3043 7239
3057 3298
2744 5918
3647 8652
4459 2850
1258 5340
7774 983
3016 7251
6395 9334
6664 6492
7294 5729
823 8512
8984 5524
8602 3538
2249 5401
8751 5186
8940 6938
505 8693
524 4192
8971 6214
2499 7238
8463 1258
4651 6664
1971 4133
3738 5185
794 1889
7673 8025
5012 914
2403 3340
2977 9553
2076 2078
782 2558
5605 4058
605 9578
5518 8559
2218 7883
349 3804
4683 9577
8961 21
4353 3662
1985 7633
4411 3250
7467 5001
6951 4558
6513 5762
1425 7378
7308 6823
5708 8852
1386 6879
6031 4973
128 4462
285 1586
5157 3187
5242 6010
4754 8081
550 4792
4693 3195
4267 2081
989 2632
6647 5281
7255 9375
5620 5348
1707 549
5671 2435
4083 4683
3322 6987
3139 7338
9648 7218
2266 3952
6849 7887
800 8201
4231 4919
9680 7168
4569 661
2649 6253
1786 5796
7016 2185
5473 1798
3553 1606
7709 206
5403 27
4429 7264
337 9661
7930 5544
2383 3880
5518 2069
3756 7737
1160 8311
1156 3171
7376 4406
2801 5866
6543 3977
3229 5376
7200 5605
7837 896
584 6843
848 6664
6365 2696
5491 5279
9444 2522
2071 2271
6743 685
4361 9380
9555 7035
4808 5099
782 3839
7859 8144
967 3410
4412 514
8129 5787
9967 7486
5565 8590
23 802
1535 8369
4301 7202
9497 3989
2577 8995
8919 1423
7965 3575
5995 9104
1293 7830
892 5878
6022 9752
9344 3437
2874 8060
6688 565
2753 9784
3028 628
668 1218
6035 748
6546 5966
9067 9928
7992 3238
6164 8016
373 6835
4916 7516
9667 9424
5591 9322
5506 1843
3234 8001
2687 8279
5563 3304
3970 1592
385 6485
4981 4615
5159 4456
9278 917
5832 8962
540 5272
8380 880
2783 4554
9590 4347
4024 8210
2922 6562
6076 1393
2719 6725
9267 4537
1470 529
7445 7336
3466 1649
7837 1418
4444 5588
7048 3169
7052 9348
2268 5432
7040 7198
1940 8746
4150 9148
7480 771
8521 1452
4867 2492
2615 3862
3239 4930
7779 7186
4336 1556
4141 9075
1093 1307
7311 4808
6847 8594
7479 6416
515 2076
5770 128
6997 2953
1760 2648
8617 6081
2714 147
6220 2914
9485 4727
5717 1788
7502 620
8302 9931
4532 8243
6566 5233
2734 6862
2999 6526
573 6001
7718 6546
1387 9492
3929 8230
1305 1914
3092 7455
2186 984
7372 280
8555 1372
632 7689
2777 6344
8572 1490
8044 7180
9463 9755
7334 9114
9834 9401
6522 5625
9764 6008
1941 3057
7938 9468
6881 5913
6443 3153
3046 4195
5396 9117
6065 5820
8170 3207
7789 5170
9298 6968
5477 7460
7258 1864
27 7671
1984 7268
865 4164
8202 7994
3718 9461
9583 8139
4365 3437
6119 3154
6699 8287
18 8497
9444 7609
1481 7578
7281 1218
4641 2293
4997 2081
9087 7158
8988 3113
6762 7705
556 2019
4469 9786
5882 6309
6889 1084
5 3354
6286 7734
4254 3182
445 7810
860 2627
239 3607
68 4944
1804 550
9318 7850
7854 5560
7476 7791
5559 4428
1706 9560
3173 3670
2258 6125
9898 7925
751 7480
1795 9009
9912 8318
6491 992
3349 827
2909 4928
1112 4919
3681 4823
1126 1269
9062 5160
1381 3717
209 2376
8486 8414
8894 3875
6524 5824
1113 7843
1902 9660
8004 4549
7635 8963
1862 8326
778 1586
1369 1661
4794 2962
7439 4172
366 1909
8918 2630
3093 8194
1813 1758
9600 9912
3398 863
9234 5158
84 4084
7559 3875
4936 7671
2507 2648
5865 693
3878 1004
9228 6812
6253 6745
866 2102
1061 328
8756 3740
1683 4054
3760 7100
3511 8401
8144 3089
5573 6297
9314 4287
5192 6736
4916 6225
1340 7158
3990 6745
9876 8682
3149 22
300 3467
9653 160
3708 3078
7941 8671
9682 4799
6864 7232
3821 1798
3355 5450
4434 1601
6075 8518
1439 5106
3538 5007
1600 1637
5690 8576
1985 7692
6692 8988
1240 7031
3095 9914
9897 3138
7960 9528
5174 2181
881 144
813 9437
2040 7920
9487 5632
1495 1318
3382 8584
1372 416
2387 5820
4831 8604
7018 5577
1619 1289
3352 1552
1887 4222
1285 4888
9252 3632
9006 7646
5393 429
6459 9486
9063 2759
5759 6046
6238 5616
2248 9809
1435 777
512 4710
6595 306
5797 8260
1086 5384
2051 5120
205 6058
7424 3319
4789 1910
7872 2533
2421 8508
2308 6776
6663 9422
7137 7910
2229 50
4808 7452
3229 7467
6226 6267
7622 9153
3456 2422
6965 3553
3496 6629
9738 5736
3012 5057
8885 9728
4057 2674
5552 9499
750 4930
5591 5188
9476 5245
325 5187
4719 2363
8019 3147
3086 3143
3771 1871
9016 2279
9344 3981
6123 2124
2709 2647
5123 2243
9612 9105
8019 7590
7519 8738
1448 4185
7198 841
1800 324
7383 8607
4588 898
4561 66
1923 6271
9826 471
7761 154
