50 100
9 20 508254016 729081705
38 48 29520907 312166489
7 11 537363848 187992739
50 43 209377093 109780444
6 21 82458880 955103530
29 10 588749912 670102193
23 21 98154166 156040408
24 21 982589798 822178964
4 3 809234936 235933167
10 7 880153727 381016579
35 37 728587260 132474657
40 29 341624222 218462380
19 9 829554786 118648462
46 43 857014121 24417773
35 21 878371477 182535403
8 7 22574647 111131514
37 21 466653941 697020406
17 22 486994660 84618602
9 32 682113261 909402850
16 19 460772032 231524842
32 31 526269479 584276049
23 19 270108568 656448019
46 26 468982230 897441714
34 26 31090338 269177227
36 24 743311861 150423886
13 18 768271556 110375325
29 10 67337914 880378695
30 22 488273835 693870723
16 45 274001787 924816746
23 14 969333350 534799653
20 25 366170526 438739693
29 46 335525513 172304888
13 4 923754160 209544149
36 28 916321486 454355800
49 27 635044106 633887742
2 1 201782205 841256782
35 12 130701340 86974629
40 16 855963973 237310543
21 44 436353558 385150233
6 5 509413483 533684997
5 3 32637278 110336841
3 28 714782334 960584346
3 33 200864181 626378732
45 36 909954797 453288740
31 27 60935716 718989251
22 4 546635736 660423300
16 35 369176586 19919226
50 33 781755911 706993375
50 49 110215018 9576974
11 9 754058063 826546134
14 22 918667302 969512844
7 4 68519206 982516823
37 21 646662092 713757326
12 9 108184679 717316119
12 14 751465110 147660463
3 1 163640562 445972436
25 24 317634214 212201318
17 16 501757873 362863196
23 44 944205231 596789366
48 17 405772879 855487531
22 38 493732343 50974936
47 39 669082345 53007696
33 27 858069401 905087488
38 18 371392323 119239912
48 17 793105319 716543173
43 35 86129652 41582111
24 20 6157496 342554195
21 15 556770991 672081515
17 20 706972818 89978382
31 40 346891609 805208568
26 5 969197123 25893993
7 16 425745725 784569183
2 47 448733176 432854413
30 43 309312126 984892240
23 29 518447090 537620843
14 11 349603634 171335111
42 23 104984877 340793663
35 9 276832118 570857046
30 34 780907663 665137726
25 44 63704337 58031041
18 17 731277484 49878898
48 16 681133230 599688712
28 1 952744931 950623289
16 5 637148974 902485007
33 32 531783038 539020686
39 4 211011965 233177743
41 22 521885741 635610377
7 44 273054213 264356687
31 6 69791094 995249801
28 16 251610559 326501654
7 2 742479778 935965987
27 17 595514977 848301344
3 9 481277696 153528448
24 4 825394120 452042748
20 13 549149103 761071135
37 45 371489408 575709986
9 6 219092995 866962521
44 8 180691790 711110599
15 6 899690120 821728953
24 47 288804668 46800393
