50 100
3 1 8721 1020
19 4 3419 7664
50 28 5418 6042
11 46 1472 7744
6 1 9734 411
23 8 3406 6197
39 49 7359 8685
5 47 6460 887
6 28 4802 5899
35 49 7367 559
36 16 9908 385
49 16 4122 4517
35 19 9956 5033
46 4 5955 9117
42 29 4862 5229
18 7 5767 9968
12 16 5780 4756
25 2 7664 1207
11 29 8364 4494
28 20 2608 8545
28 19 561 2314
20 15 4774 4329
13 42 7250 3189
35 1 9699 3453
28 16 7172 9643
21 33 3173 7563
10 3 6111 2374
27 19 1675 9457
22 2 2776 6969
14 48 2771 9666
39 28 8833 3053
37 39 720 691
39 34 9221 7511
49 20 5635 3787
14 13 8110 4686
48 28 164 5180
48 21 3572 3601
27 2 5702 5744
20 47 5286 661
24 4 3442 6754
34 7 9745 65
10 4 6813 9435
20 13 4546 9931
43 18 8990 2658
20 14 2795 1590
50 44 968 6264
2 1 6263 8547
30 23 2784 7065
32 2 3748 5540
17 13 9 1049
21 33 4482 2413
45 16 9682 3443
18 6 1012 3772
4 1 2460 4845
34 32 125 8175
33 30 2449 8950
15 1 717 2939
13 7 2062 675
43 27 2108 6263
5 2 3582 3591
19 14 4144 3557
25 14 7390 3305
11 2 1394 2781
7 6 9219 8439
2 11 375 1465
40 33 9848 6769
24 26 8209 2431
41 16 1980 9929
6 35 9158 7947
9 7 8554 9872
9 3 8019 2524
46 19 6585 8531
35 36 982 8999
45 39 3983 4141
31 3 8739 1654
6 9 3832 7496
47 4 7348 5960
28 27 21 6899
29 28 9136 8325
37 9 1125 5562
15 19 439 1125
21 5 6750 4858
24 12 8326 3353
13 9 9892 5294
40 36 2880 9251
40 20 1268 688
29 42 7731 5281
38 24 9974 3992
13 7 340 1153
37 33 7075 8989
8 4 2360 4138
26 12 8626 7388
16 2 3724 4059
46 37 2001 84
34 47 7806 8679
40 28 2386 3635
27 37 9544 7421
44 18 847 9051
14 17 1778 3389
12 3 9149 6883
