100 1000
24 14 879 810
41 27 801 287
1 62 394 496
79 43 593 392
17 15 203 986
22 75 241 443
26 58 295 488
26 20 372 94
81 15 111 758
4 63 353 349
73 38 857 223
75 34 713 682
4 28 892 124
63 8 995 601
23 74 729 557
45 38 398 199
90 67 979 820
18 7 439 573
50 92 85 207
6 3 3 301
65 48 646 97
33 52 125 136
65 88 21 374
93 31 474 765
92 31 670 778
36 22 679 649
17 88 659 192
36 43 18 807
62 21 284 796
87 30 605 491
4 67 407 200
46 26 928 351
20 36 180 234
27 26 318 266
52 81 794 69
52 44 456 210
93 84 784 998
74 80 23 895
98 53 907 816
49 5 645 851
90 44 579 883
6 18 900 731
58 22 403 761
82 33 844 783
16 9 986 241
23 24 645 162
23 19 862 40
2 20 421 762
54 5 283 61
8 66 337 964
88 42 313 119
81 33 648 765
9 14 889 187
12 37 314 265
24 38 426 256
36 18 96 370
86 30 873 149
69 71 963 517
15 82 677 500
93 60 221 169
85 25 676 240
96 48 229 475
57 33 17 138
57 13 986 994
59 62 479 143
77 14 594 233
18 68 307 133
20 10 648 937
88 15 147 709
32 24 9 735
28 59 902 13
25 14 250 764
56 87 695 22
18 86 928 735
40 85 21 279
2 39 990 648
15 56 489 809
73 47 467 688
97 67 622 478
10 79 920 669
54 14 135 807
38 18 154 138
54 63 565 584
42 20 852 747
48 20 673 799
27 68 896 156
8 15 714 578
67 11 173 955
30 12 794 630
57 89 885 870
3 87 605 183
36 75 700 236
31 75 169 789
29 14 11 520
81 92 196 78
79 80 225 782
83 13 648 562
24 1 220 289
47 30 384 176
20 12 919 872
75 67 237 502
49 59 107 398
76 35 1000 649
15 92 803 258
45 77 452 217
78 97 209 435
83 45 465 839
71 88 443 822
98 96 362 80
65 54 997 136
74 52 821 398
76 22 650 942
96 22 326 772
17 30 429 685
77 97 525 432
93 62 967 963
3 61 539 234
72 100 565 222
76 97 770 500
90 96 133 335
55 92 818 124
69 66 871 461
53 51 720 93
42 79 966 179
69 28 602 949
63 1 433 399
85 79 97 840
44 17 982 853
72 30 93 651
60 31 465 445
99 3 298 119
42 64 186 757
4 21 747 551
17 87 30 596
98 19 151 428
72 54 376 976
87 78 707 942
56 11 825 494
69 60 540 872
46 68 642 694
39 72 109 570
88 39 474 157
77 48 882 271
11 21 132 632
3 46 654 91
71 51 812 830
12 67 902 904
43 1 168 947
14 1 498 713
100 53 456 575
36 100 979 188
84 44 368 424
30 5 344 881
36 81 77 813
38 53 394 67
16 97 413 373
28 62 783 939
16 99 346 953
50 56 963 625
72 99 435 86
63 30 853 799
80 93 492 9
72 69 371 975
93 63 457 973
12 63 727 503
98 18 93 908
25 14 438 110
51 87 220 236
17 26 105 594
40 23 708 908
30 49 451 643
8 10 5 479
75 43 239 138
87 18 372 83
65 92 405 709
2 42 926 31
22 51 733 640
8 23 80 851
96 89 829 410
13 25 708 417
23 11 1 430
62 28 933 97
70 13 531 742
34 95 948 97
17 72 692 203
65 37 715 1
83 45 975 946
51 100 6 545
39 61 29 19
97 34 138 488
86 44 199 353
90 98 432 702
84 20 728 107
40 100 343 243
62 44 91 670
33 78 559 565
39 78 647 656
22 8 789 887
98 18 251 851
5 87 596 274
15 27 599 868
70 90 683 333
68 88 596 198
89 77 366 94
12 58 103 747
22 6 875 679
25 94 737 809
93 3 123 399
12 22 304 291
18 2 780 824
46 59 37 997
99 76 61 990
7 51 721 670
73 23 196 69
66 67 545 236
18 51 215 73
94 34 486 957
63 51 992 269
61 34 424 117
33 51 322 42
88 83 766 586
15 74 468 248
15 44 353 320
15 82 17 53
74 59 363 343
1 72 795 359
61 5 13 298
38 53 366 655
28 18 605 869
51 89 263 210
15 85 968 295
88 70 335 582
59 28 308 225
82 99 970 737
57 37 344 343
58 5 931 596
50 39 429 223
67 43 791 117
29 54 385 458
10 69 464 9
39 50 540 625
66 80 246 623
38 81 409 791
84 69 374 981
75 39 311 90
61 84 961 986
82 85 534 976
31 74 489 705
27 7 842 413
21 4 680 472
66 44 651 349
43 4 705 444
9 70 856 638
37 34 741 759
27 65 730 725
56 44 336 348
27 6 800 74
63 96 37 138
76 12 194 172
69 78 147 893
12 20 341 826
63 60 576 409
19 72 1000 187
43 9 673 287
59 1 341 251
25 5 504 34
64 68 602 82
66 12 257 813
94 98 916 156
10 23 781 334
96 68 339 296
20 43 662 480
18 88 150 12
35 44 286 183
44 64 727 497
54 70 673 918
42 75 92 236
1 30 361 38
56 84 439 370
58 24 655 89
54 58 933 661
45 95 658 893
47 17 755 619
34 40 937 270
55 22 773 939
81 41 770 597
90 30 324 102
83 48 659 248
27 92 952 476
77 18 831 791
50 86 142 325
41 25 991 36
48 49 514 776
83 33 15 490
1 25 611 714
42 3 812 697
15 92 772 623
4 19 141 654
36 6 650 543
71 32 854 130
21 47 687 533
4 1 656 426
28 94 858 167
28 99 976 672
4 45 542 155
95 91 347 814
31 5 67 114
5 71 584 147
62 68 3 85
78 32 98 80
83 32 387 92
55 51 658 833
10 13 108 831
97 4 204 324
66 98 221 776
23 57 639 768
73 96 169 421
20 56 503 995
31 28 981 794
16 27 750 930
48 87 912 266
43 2 385 762
93 19 280 398
68 57 45 149
44 30 379 694
16 13 395 587
53 59 800 35
59 39 4 128
57 94 32 220
100 50 653 866
56 34 210 820
67 41 397 956
52 91 421 840
79 59 939 633
51 92 547 994
93 48 138 9
5 92 746 443
87 80 745 209
22 24 944 69
53 59 96 850
85 65 272 804
66 100 834 902
35 98 436 951
84 77 896 840
8 69 689 271
74 37 539 355
25 50 76 608
95 8 410 200
36 27 575 62
51 71 231 464
68 72 30 467
75 53 721 885
86 2 986 881
92 94 500 592
3 34 216 888
41 80 334 544
69 52 617 299
63 28 68 567
4 92 110 466
79 4 469 148
35 69 406 188
33 1 827 879
39 11 279 922
83 94 133 348
57 28 820 360
37 2 761 999
20 60 509 412
66 65 577 455
85 95 435 66
33 79 833 862
86 75 691 506
24 76 506 814
19 46 858 405
55 77 377 148
37 35 795 203
67 37 145 186
16 23 296 593
88 14 434 489
61 75 769 549
31 17 812 725
94 7 735 844
18 85 338 919
66 25 831 109
60 48 356 996
74 64 273 791
4 14 214 774
1 52 453 966
99 100 490 303
78 6 761 187
77 1 103 169
67 41 134 381
16 22 150 62
17 9 583 370
85 84 535 749
73 13 474 478
82 80 461 676
28 47 791 215
98 23 513 738
32 65 720 983
81 85 899 799
61 97 574 149
29 86 195 283
24 56 419 521
36 29 896 312
71 36 407 816
53 24 997 855
88 25 906 557
5 4 1 983
83 18 222 535
29 74 573 460
73 40 3 448
50 28 992 551
45 20 287 747
9 87 641 746
58 91 568 949
99 71 344 833
97 38 760 351
96 86 750 24
84 38 758 699
22 49 488 753
99 58 952 523
91 74 501 55
75 48 703 957
84 89 638 284
10 68 945 753
68 84 466 902
52 72 363 621
92 91 741 401
12 20 742 910
17 14 172 746
5 30 75 129
75 74 154 352
65 49 305 398
74 70 385 866
49 13 465 683
86 63 439 260
75 89 689 491
61 9 120 922
5 53 225 410
22 81 70 349
27 57 420 379
87 31 926 937
20 55 213 213
23 53 108 721
68 54 28 620
41 40 279 996
89 52 697 738
36 52 385 873
50 94 263 86
10 44 690 830
44 49 954 534
48 79 169 910
64 50 774 804
87 25 5 309
78 83 711 40
66 51 619 202
10 4 46 642
13 40 449 167
96 87 939 243
80 56 274 941
45 69 312 257
7 24 176 239
39 20 45 703
88 74 512 653
82 52 991 958
64 33 875 591
20 81 106 999
96 76 262 839
53 13 679 418
63 54 10 322
57 49 959 575
74 15 97 824
8 67 478 590
61 6 485 287
84 53 816 674
7 6 116 206
60 12 723 112
55 27 855 485
24 61 833 933
59 45 738 617
1 46 987 183
2 98 713 440
52 62 91 588
76 12 988 487
8 5 53 659
82 58 87 414
16 82 284 424
38 80 653 373
55 68 384 448
33 71 457 225
23 44 406 540
46 97 815 643
48 26 150 566
77 30 440 578
41 45 57 160
17 21 987 964
89 60 664 796
20 96 262 651
20 24 998 384
68 61 493 893
38 2 245 618
68 82 912 210
46 52 919 970
53 44 786 104
16 57 381 684
51 42 803 141
45 88 479 119
16 43 896 954
38 68 692 209
22 78 888 560
33 14 267 399
13 87 124 980
92 38 123 464
1 38 830 902
37 45 74 167
25 48 752 56
52 31 833 272
49 22 503 409
31 21 383 271
47 25 530 847
15 65 137 624
49 79 18 963
21 31 585 469
69 31 106 824
66 53 372 909
66 69 285 458
79 75 120 156
48 40 28 391
72 25 363 845
46 100 834 923
71 31 927 779
62 21 770 974
99 46 665 413
63 12 763 961
78 83 944 933
56 100 203 515
64 94 989 131
45 33 663 432
84 69 800 96
99 69 796 516
96 7 97 723
21 18 981 131
36 20 749 629
76 63 114 90
35 93 512 116
71 20 902 261
69 60 999 929
7 32 118 199
42 6 555 887
71 35 190 502
30 48 968 214
97 50 955 770
71 62 531 647
91 81 240 425
29 98 439 111
44 91 453 120
24 74 861 156
88 30 373 615
82 90 250 831
73 52 725 407
92 68 328 161
44 4 177 2
75 44 910 293
28 65 717 774
10 73 259 317
27 2 364 377
52 29 171 679
99 72 891 265
19 3 307 380
14 12 673 311
31 55 906 81
86 84 789 86
41 72 260 42
87 31 557 364
59 22 289 925
89 79 310 816
99 25 712 690
29 64 686 675
79 37 758 827
6 66 990 659
86 52 170 721
29 6 52 453
21 42 654 688
88 43 757 39
71 5 224 881
28 54 148 237
67 80 354 376
28 9 912 86
45 73 557 106
75 6 241 402
15 44 849 70
87 62 145 465
97 95 938 85
43 75 779 359
1 91 203 943
90 32 533 475
66 34 836 937
68 61 382 786
81 53 840 550
9 1 240 47
71 38 773 866
14 11 557 705
59 8 250 8
89 3 859 337
38 35 780 924
3 20 139 168
38 53 423 725
21 92 76 67
93 75 981 704
80 8 982 335
71 79 829 675
55 62 743 754
58 47 540 507
12 7 859 420
42 32 620 951
60 31 587 264
79 28 610 493
37 78 30 11
61 92 724 109
11 6 82 710
80 21 735 33
19 15 165 691
75 14 970 476
23 24 91 941
100 34 550 41
77 48 354 396
44 32 553 112
82 25 254 299
26 44 744 975
78 84 514 892
94 69 216 751
39 52 195 266
20 3 578 273
91 60 54 915
31 68 982 880
98 68 849 36
23 17 212 876
60 34 229 16
91 33 351 1000
18 52 455 752
100 92 667 953
79 16 224 218
95 26 892 652
50 58 661 431
23 29 152 723
63 75 957 8
33 16 319 348
75 5 522 772
35 12 117 155
85 14 681 25
60 47 952 259
77 35 614 17
52 28 994 423
34 56 402 423
46 98 987 730
15 8 10 237
37 57 439 693
42 76 366 363
5 7 887 207
56 31 942 841
43 33 881 652
83 22 941 922
41 53 813 183
86 29 810 405
72 87 6 803
53 91 938 832
65 8 122 273
82 99 666 274
2 1 767 498
23 95 732 102
95 13 702 204
47 18 927 298
33 87 75 67
69 52 87 48
57 75 709 781
4 19 573 446
90 42 551 703
1 61 481 548
66 28 22 877
29 39 202 880
60 80 235 388
42 77 257 454
32 39 885 597
71 74 606 906
83 89 11 311
45 16 632 336
10 60 207 854
67 76 479 241
14 64 910 993
50 83 962 619
28 100 59 902
37 63 735 916
65 6 263 510
90 20 709 56
83 3 626 530
46 60 351 683
69 2 532 396
43 27 806 543
15 34 632 845
15 83 65 107
27 66 997 302
34 79 832 330
71 1 659 97
85 45 182 795
47 43 245 469
90 43 941 54
87 42 486 937
6 33 4 191
42 5 276 618
43 22 328 167
60 17 969 646
29 55 355 940
68 65 731 282
43 87 41 520
66 10 599 626
31 95 343 171
29 34 953 317
90 59 31 176
59 60 269 951
2 26 875 789
41 30 296 120
26 84 241 991
88 67 234 450
96 60 16 98
95 9 452 434
55 9 305 272
67 46 76 883
45 41 310 268
57 59 405 157
24 60 752 628
77 59 554 825
18 1 781 879
74 81 927 775
96 47 119 927
64 99 765 771
65 88 499 794
11 22 444 403
51 40 835 223
40 13 842 588
24 19 554 164
64 15 782 296
11 27 410 48
60 100 237 590
4 67 748 236
91 26 679 289
83 23 679 977
53 85 410 705
68 53 181 641
82 19 564 460
51 43 323 561
83 72 463 261
37 57 691 947
70 51 513 645
68 88 154 836
37 75 125 846
44 21 517 777
100 48 978 707
37 23 270 110
65 77 60 957
81 7 922 237
34 82 489 944
91 58 245 776
12 48 936 925
59 1 170 935
35 23 360 633
89 54 188 553
39 88 779 218
92 21 272 671
95 79 853 444
65 4 527 160
38 34 805 550
8 11 82 96
16 8 115 768
53 100 513 188
13 28 680 53
11 54 717 725
91 14 538 863
21 6 437 799
80 76 688 358
1 54 841 240
89 43 882 844
87 25 869 949
18 30 365 493
78 85 775 969
61 48 507 964
53 77 43 678
64 1 109 511
80 82 911 636
78 7 932 740
96 87 169 543
67 1 666 926
30 96 951 820
44 66 101 651
56 15 462 334
33 88 940 830
54 66 627 901
26 77 78 217
51 93 840 18
6 28 999 1000
44 58 171 868
81 59 723 318
54 28 427 347
79 25 942 114
83 42 480 46
93 95 819 27
94 36 612 401
87 81 703 362
69 97 18 99
17 66 723 181
72 50 478 129
60 44 823 595
42 81 967 64
34 94 366 966
13 7 79 803
33 41 856 772
23 56 656 940
74 17 172 542
48 14 184 420
45 44 691 500
12 42 251 873
15 1 33 767
35 5 301 99
53 90 603 11
59 12 824 800
35 88 628 627
98 17 733 657
64 51 311 354
96 46 966 369
100 6 296 418
82 39 126 157
29 44 246 271
76 63 59 915
81 51 989 755
78 39 487 975
30 22 551 854
73 5 594 142
32 52 335 203
84 82 82 484
56 13 684 667
80 54 218 986
50 88 821 959
74 12 331 736
53 40 39 442
25 18 377 594
29 87 412 394
6 10 761 117
17 24 733 904
62 26 5 175
78 6 78 799
55 86 672 488
48 90 211 944
86 59 729 878
41 12 302 861
36 15 898 465
31 84 772 19
57 90 944 444
99 100 604 711
82 15 602 712
16 60 451 585
44 52 206 316
18 95 898 509
36 74 165 43
33 76 899 343
86 39 828 536
43 50 639 702
73 5 736 254
13 19 284 274
73 80 134 914
73 72 376 400
72 42 449 871
15 52 313 131
5 45 65 496
3 2 305 905
69 96 839 777
29 17 466 70
58 33 929 347
81 85 824 620
15 17 582 909
73 37 229 4
77 49 961 965
76 69 355 272
2 93 904 707
94 48 175 864
58 44 569 639
67 60 228 687
55 88 429 108
36 43 336 444
59 60 657 908
52 65 145 508
34 43 350 473
30 93 96 657
44 79 206 947
15 40 556 612
81 9 642 410
91 40 392 100
65 42 174 901
80 83 141 777
3 16 958 755
46 27 430 679
48 57 649 360
34 49 381 906
14 66 403 202
53 12 862 444
86 93 941 739
89 67 410 4
66 56 925 984
9 1 242 475
87 33 190 217
60 50 149 77
33 21 275 385
33 48 643 78
30 75 470 245
35 21 477 410
90 34 716 627
62 35 714 228
63 50 557 819
50 35 253 858
92 82 512 219
33 95 339 18
59 60 544 476
94 53 171 298
18 3 77 114
63 83 927 730
71 70 250 1
96 91 958 208
66 98 731 237
36 37 489 659
99 85 17 607
40 56 444 24
1 65 191 577
32 27 574 900
1 23 85 495
64 22 716 627
16 26 805 579
81 18 958 451
3 37 377 524
34 21 702 424
4 35 67 212
63 34 253 940
50 99 248 410
12 68 723 495
82 23 461 364
18 91 360 74
36 75 609 980
70 48 137 772
64 76 297 773
65 49 477 729
90 4 257 136
77 15 711 664
56 71 756 307
99 32 229 372
21 66 847 313
59 70 96 36
63 54 184 467
70 57 9 377
37 90 251 4
69 34 292 298
95 51 576 342
4 7 283 858
7 43 610 38
62 67 824 785
68 60 584 975
54 87 382 796
13 98 63 169
34 16 43 315
31 7 461 430
32 23 102 989
56 57 20 258
33 91 67 740
17 43 176 3
7 48 422 899
82 69 916 577
31 73 455 669
55 47 703 669
34 92 340 174
87 35 509 919
7 63 539 587
73 61 335 437
37 21 465 9
68 56 923 902
94 10 207 124
15 7 66 144
29 88 870 851
29 17 480 96
14 90 452 998
5 85 126 895
65 15 874 798
54 92 570 255
55 47 667 447
97 60 327 686
26 85 578 182
20 73 612 424
40 31 229 277
56 67 685 322
33 5 639 657
69 88 268 807
67 90 270 291
34 28 226 641
76 8 984 164
36 80 775 966
