100 2345
17 18 866 756
70 72 841 614
71 16 849 384
12 64 918 994
90 69 204 547
35 39 185 440
67 97 270 384
10 8 801 93
43 59 483 313
98 55 873 449
30 32 930 47
83 85 660 766
63 31 505 161
99 54 811 632
90 88 561 429
65 53 870 740
44 15 755 49
59 50 36 527
38 55 358 73
10 48 527 292
76 23 662 163
81 41 1000 313
13 18 196 293
38 20 515 265
93 35 640 259
6 10 415 122
40 6 855 417
77 10 756 275
5 29 346 5
41 7 299 808
88 78 362 823
15 8 133 793
86 44 417 625
72 81 768 248
58 38 425 35
88 45 567 759
82 51 892 415
29 17 292 799
30 65 567 216
4 78 934 803
71 37 445 703
79 53 177 752
97 53 722 520
97 65 516 578
84 86 486 379
38 5 463 657
95 22 892 600
68 39 35 970
98 31 432 643
100 1 163 209
42 88 2 467
39 69 143 552
75 35 539 283
38 40 890 532
42 95 469 353
34 81 343 497
90 48 15 878
2 98 783 533
87 50 661 84
25 57 214 613
6 75 667 32
16 29 160 711
83 44 319 718
45 14 679 753
24 77 66 576
95 27 797 934
26 81 42 1000
33 41 406 282
37 87 137 631
31 70 144 661
39 88 746 679
40 1 154 453
87 61 171 591
67 80 384 852
97 96 774 353
61 81 450 142
27 80 65 143
38 78 1 304
22 42 740 797
57 81 897 669
68 57 667 523
48 47 196 718
92 82 490 245
81 87 776 630
43 87 696 60
11 42 382 785
88 3 555 121
71 70 972 313
88 93 580 101
78 82 445 983
17 81 362 433
32 31 296 934
17 31 894 755
97 18 768 147
55 99 945 518
51 99 602 591
93 90 53 833
19 49 194 519
37 65 340 993
96 2 418 611
15 98 863 695
42 89 837 11
68 35 8 304
81 60 184 729
45 39 38 196
74 58 850 314
36 61 477 982
51 97 147 94
14 3 822 176
13 96 519 959
51 14 26 727
7 61 490 737
49 82 982 736
82 55 24 455
28 23 747 54
22 17 34 270
7 41 938 151
63 43 338 952
28 45 162 337
58 94 881 101
3 2 481 8
37 17 508 736
52 37 182 474
51 70 427 364
100 30 433 246
82 35 158 588
94 28 997 98
5 66 364 784
38 44 1 568
58 42 276 737
82 70 729 555
36 35 478 552
26 82 879 705
36 45 466 230
92 23 569 405
66 3 973 506
16 97 379 785
64 16 667 287
58 95 117 454
4 91 696 629
62 61 266 934
68 84 668 24
88 46 643 800
40 45 683 848
9 2 167 602
57 36 711 425
68 24 655 847
36 37 216 436
49 57 838 887
51 23 654 891
20 62 484 555
99 51 433 564
53 28 589 603
96 95 726 864
64 94 302 108
27 94 21 277
58 78 343 760
58 66 803 410
32 8 749 604
63 65 44 935
31 9 372 464
65 56 954 685
28 43 679 701
28 34 250 687
86 90 95 14
81 10 764 15
64 100 350 931
50 52 815 533
37 26 666 543
22 37 541 764
40 39 256 208
80 100 736 707
11 88 718 150
67 22 197 435
90 10 734 264
15 92 716 732
8 97 256 427
19 58 597 797
13 92 669 239
100 34 792 162
96 55 790 620
13 4 239 341
64 78 352 193
40 42 137 578
35 23 298 527
14 4 450 856
74 91 271 145
53 62 847 544
94 93 364 802
71 41 745 622
79 49 24 641
53 38 646 8
30 29 632 277
17 92 28 859
8 33 937 531
83 20 69 364
6 1 748 697
90 53 115 854
90 20 849 578
9 4 630 323
67 2 555 732
99 11 123 362
67 9 360 886
35 81 214 774
52 42 254 896
46 24 249 537
48 35 259 199
70 15 584 95
77 33 348 565
77 80 36 843
97 34 338 690
25 97 756 355
95 6 230 74
53 7 985 981
69 25 940 110
31 20 602 807
73 97 969 52
45 18 784 592
42 14 341 592
89 84 707 921
9 69 137 725
72 87 993 328
90 56 335 705
35 23 478 337
15 25 990 447
56 43 718 237
59 87 158 180
9 71 644 724
77 33 165 962
87 61 723 389
17 5 586 266
32 40 313 620
63 15 851 744
44 82 2 90
6 13 860 799
70 1 562 790
7 18 5 876
21 48 446 126
4 98 91 839
15 68 581 973
13 36 18 995
3 57 170 467
70 88 43 114
59 92 407 494
95 45 674 708
34 14 512 639
86 93 742 105
54 31 235 141
19 13 898 942
37 46 555 532
74 69 877 97
52 17 615 443
35 82 208 338
42 55 887 738
61 36 251 69
21 57 48 197
7 95 655 217
25 32 794 406
44 16 131 153
23 17 358 139
59 55 975 555
6 89 370 843
85 54 7 256
33 85 291 180
13 98 660 244
41 13 7 84
52 49 763 257
75 24 290 247
59 1 528 291
53 32 621 916
6 46 987 310
41 4 412 889
52 55 451 902
28 97 891 361
2 61 909 664
14 53 443 753
87 3 833 210
58 55 204 580
55 100 351 199
38 74 775 90
60 86 137 197
15 8 18 616
83 19 650 970
83 3 527 644
1 40 636 865
100 5 594 453
44 80 990 179
97 83 327 573
21 87 485 792
34 63 721 7
43 76 682 794
47 29 827 653
53 54 214 522
56 53 124 409
8 97 226 85
12 33 576 149
3 24 162 625
16 30 197 121
65 80 606 902
17 14 595 787
43 70 226 634
86 34 778 230
27 2 705 525
27 22 593 846
7 84 724 170
30 97 325 269
11 35 255 928
52 51 826 311
45 40 890 276
41 27 614 493
76 78 112 754
51 74 160 690
70 37 677 705
100 49 741 967
86 36 675 83
81 46 345 195
56 13 986 631
47 35 976 533
98 89 757 947
7 98 455 795
22 37 504 738
21 9 200 181
54 25 164 499
1 46 827 192
85 83 923 561
12 75 505 628
56 77 195 722
75 34 124 973
81 72 820 388
29 62 510 856
89 67 767 672
86 16 113 771
76 99 659 39
24 41 610 6
82 36 392 717
68 5 640 221
14 33 73 693
11 68 6 569
38 77 499 311
17 99 435 348
28 34 574 96
24 7 563 860
47 21 232 230
42 4 484 524
96 81 109 726
28 48 872 689
74 48 927 148
94 23 536 887
39 69 737 526
11 1 385 21
74 72 928 721
75 54 857 47
12 91 949 751
50 20 411 621
35 9 724 680
33 5 579 120
71 85 718 880
78 59 451 717
50 91 414 754
69 61 588 415
3 88 398 32
56 84 156 413
40 29 880 790
52 83 230 970
79 28 867 664
38 79 936 674
4 68 144 43
71 80 922 680
6 20 809 939
62 19 542 3
45 89 959 231
88 92 357 779
10 54 788 990
84 90 416 715
40 20 972 755
77 88 628 676
92 8 553 359
53 79 881 395
24 36 937 784
15 39 556 666
46 14 25 792
2 35 378 192
35 26 132 882
46 44 729 619
79 55 333 908
12 24 459 753
99 59 156 663
14 26 563 15
84 90 611 291
52 95 126 607
9 41 325 756
81 42 379 819
66 36 83 559
3 100 977 225
85 57 787 219
48 76 860 323
30 2 35 490
81 68 602 95
30 37 681 946
73 50 498 951
42 2 597 85
36 90 894 992
79 77 676 546
52 44 7 865
25 29 229 198
39 99 999 589
40 16 869 968
70 19 520 294
62 49 468 827
10 26 632 462
10 77 786 69
71 77 559 838
41 30 675 258
57 89 464 295
9 28 771 815
98 87 133 700
60 53 782 58
51 68 764 387
39 32 347 435
3 11 320 773
66 78 988 986
55 42 157 5
46 88 266 52
76 14 634 162
29 45 578 409
79 63 209 503
48 50 156 94
65 4 119 913
38 89 109 737
3 26 18 509
48 39 648 466
12 32 948 961
85 53 492 908
94 25 398 897
41 32 17 924
22 83 366 40
31 48 680 416
100 63 303 458
77 45 491 98
80 84 503 607
23 13 57 917
93 2 218 901
2 58 174 439
15 14 614 577
55 87 941 560
98 37 948 366
10 72 518 254
80 25 639 800
56 100 315 222
73 82 506 500
46 93 121 469
17 67 164 101
44 23 190 2
72 96 291 939
93 84 909 6
60 11 369 704
44 14 244 888
72 84 393 715
35 16 302 381
71 21 345 798
71 13 306 624
92 88 715 644
15 50 939 247
90 11 892 272
73 76 455 796
28 16 86 530
12 60 761 348
2 39 200 132
91 69 727 902
93 51 938 823
56 46 688 911
2 44 224 515
80 46 366 546
37 3 489 880
98 42 410 522
78 67 255 745
92 96 372 988
17 95 926 70
76 71 771 182
81 78 380 403
85 23 193 115
32 97 266 935
14 4 918 915
81 66 834 4
25 26 496 848
49 29 116 305
72 15 437 724
94 3 271 785
4 93 270 518
38 29 406 62
100 57 601 865
35 1 805 928
6 81 459 20
13 31 12 290
83 67 387 245
69 12 868 245
53 4 23 615
29 25 50 173
88 94 410 304
76 96 828 730
30 15 103 262
41 54 663 305
15 83 702 925
25 42 781 930
53 27 353 94
92 78 821 183
67 53 295 801
61 92 245 121
73 64 328 468
17 90 546 686
66 30 386 550
93 53 997 698
61 35 910 745
53 51 956 782
38 59 983 670
11 3 63 218
47 16 903 585
66 29 525 99
30 31 872 778
78 16 134 7
57 21 965 925
38 22 461 524
96 30 678 997
40 19 210 17
92 57 806 925
77 19 750 491
16 52 550 818
73 88 68 311
77 81 210 554
36 96 483 626
6 12 210 114
52 31 260 866
77 21 983 369
48 71 712 996
82 23 244 156
89 70 806 248
32 65 147 298
86 84 256 656
64 4 801 802
60 44 387 590
99 89 112 131
20 44 450 730
51 47 568 758
44 91 926 152
79 98 399 755
9 10 610 994
80 95 235 447
36 2 598 360
46 17 627 574
61 79 611 364
34 70 274 197
15 5 37 155
16 25 446 422
62 77 269 693
39 43 463 129
2 24 133 331
95 45 48 730
43 78 558 357
29 10 366 620
57 52 591 598
44 93 726 968
49 23 952 753
13 1 720 21
24 63 328 370
19 30 750 510
77 46 232 625
18 33 569 813
22 10 664 442
32 4 590 926
46 76 159 913
49 57 202 559
45 73 742 408
99 20 583 928
7 62 373 527
69 93 690 497
31 33 315 929
76 5 291 1000
40 3 345 39
56 87 570 862
30 61 734 825
61 59 61 431
20 98 984 607
6 18 102 333
17 100 187 11
1 46 320 698
83 14 830 875
50 17 731 771
61 77 197 113
52 78 834 541
10 22 665 966
12 88 423 212
4 84 324 226
27 15 293 107
85 59 502 516
45 69 445 330
12 20 529 879
38 87 933 999
19 27 536 901
82 51 612 603
15 1 803 375
25 79 111 882
73 27 326 344
48 4 232 58
28 68 785 802
69 37 609 340
63 22 647 456
15 62 595 463
57 68 504 833
5 88 929 527
7 32 203 577
59 90 893 519
1 11 95 312
37 54 133 604
29 45 571 425
69 79 294 905
15 35 68 612
72 96 692 91
71 51 280 168
40 80 942 431
65 73 674 704
46 27 644 88
23 19 840 458
87 31 674 262
21 59 162 61
81 73 195 689
60 94 582 748
84 32 772 931
18 14 660 360
19 51 660 733
85 26 987 693
12 15 884 810
80 11 872 38
66 83 461 270
66 37 803 344
42 43 840 678
76 16 999 623
4 65 371 588
68 45 849 421
17 42 459 657
40 54 130 60
83 28 735 530
66 62 121 87
82 53 458 246
51 54 946 281
86 88 949 365
74 68 988 270
13 94 200 99
44 28 486 282
41 85 535 761
59 30 504 562
97 85 497 554
56 38 473 925
33 81 297 941
42 87 845 75
70 1 338 253
98 52 30 605
46 35 885 190
24 63 159 846
79 22 158 32
89 34 265 821
84 71 879 760
54 43 816 494
31 10 255 853
70 91 140 236
76 4 435 366
68 79 44 558
53 94 462 962
36 26 217 409
20 84 154 701
91 32 292 899
32 48 477 785
25 66 376 710
15 61 267 576
25 37 924 258
83 49 507 513
27 65 973 880
8 77 211 881
9 48 305 462
26 19 745 216
45 63 462 940
26 10 825 197
65 15 815 82
26 78 733 354
1 60 876 389
58 59 512 765
38 52 271 793
80 35 881 21
32 94 641 285
23 58 471 516
47 59 629 295
21 96 853 780
6 39 983 762
68 89 257 110
32 79 680 254
76 82 946 155
97 66 443 533
8 64 443 787
45 70 229 137
99 19 785 286
61 70 384 829
76 44 591 454
90 91 191 832
19 80 577 902
51 60 380 471
61 64 616 120
65 57 508 697
98 68 185 268
33 72 103 87
17 63 989 686
61 27 880 371
72 1 574 31
34 20 947 304
60 67 88 796
9 95 171 839
68 22 92 859
61 53 167 154
28 59 26 516
36 94 373 636
31 91 148 728
47 88 681 425
83 63 359 341
62 26 116 438
6 54 860 850
97 55 572 878
93 19 742 83
67 31 360 937
64 99 910 138
40 93 713 909
79 32 871 870
95 26 805 707
76 68 41 318
56 13 748 413
61 31 5 385
20 45 418 999
4 45 561 808
76 46 719 712
44 54 370 78
27 75 604 363
47 74 957 864
17 34 622 326
52 61 856 327
91 1 716 226
58 97 185 446
89 27 966 915
45 83 338 862
85 58 131 47
13 91 211 418
51 27 240 800
13 43 878 471
36 89 678 627
20 11 854 582
64 13 708 719
3 41 448 647
24 2 765 397
53 46 627 750
58 32 932 793
70 24 870 636
63 52 973 473
76 34 34 828
96 73 50 76
18 84 766 331
50 36 745 62
43 21 142 209
46 79 718 636
27 42 118 227
76 15 293 72
69 59 304 30
32 16 235 366
14 73 984 190
73 4 691 843
8 88 828 551
48 28 711 300
24 4 608 28
57 66 860 812
37 81 652 980
4 94 654 868
96 2 393 808
34 55 244 292
88 61 488 235
10 42 980 444
31 47 202 647
80 59 860 250
50 95 281 601
35 63 501 16
3 38 543 888
48 87 749 878
82 16 95 194
100 4 599 808
6 25 553 642
90 37 583 720
47 22 136 567
30 65 17 144
21 37 666 495
82 94 230 906
62 35 649 486
91 37 754 220
53 50 652 838
30 97 891 365
16 86 36 379
73 3 39 592
9 66 455 176
1 81 884 419
19 5 174 505
11 39 530 531
80 34 521 518
62 57 840 677
50 74 950 75
38 47 182 769
77 57 942 863
10 86 688 965
99 61 231 336
39 95 404 962
38 53 938 503
4 34 764 42
34 89 729 567
80 34 302 588
90 27 362 451
46 60 957 202
52 33 296 993
62 11 47 45
82 52 703 641
96 15 313 314
43 64 122 478
46 49 717 822
47 83 443 440
45 39 557 62
36 29 331 236
12 73 569 631
14 4 417 158
86 56 886 309
8 98 801 6
32 83 696 256
72 16 27 138
74 46 654 906
22 68 503 348
73 56 277 281
100 10 299 822
72 92 121 561
48 44 173 797
6 59 57 126
30 67 732 141
65 20 846 437
55 46 897 310
30 9 195 431
17 96 834 643
44 68 913 50
83 90 544 931
58 63 103 816
53 73 307 427
43 14 981 157
95 61 631 790
30 92 8 300
89 99 78 539
47 5 412 261
71 91 541 3
45 67 405 224
3 93 729 211
92 5 976 281
45 80 265 25
50 18 969 551
76 21 518 436
46 94 360 255
4 49 282 122
88 52 46 452
20 95 354 21
95 2 512 39
49 13 666 44
84 18 370 623
50 58 792 706
43 44 30 217
13 3 495 505
48 74 535 335
42 90 631 192
76 92 890 442
98 11 163 215
38 54 720 686
71 15 330 615
43 84 429 407
61 83 923 954
93 22 146 460
22 93 893 267
40 68 95 489
70 55 866 516
56 80 310 538
15 80 128 674
39 22 976 662
43 89 738 472
13 76 53 248
64 83 950 759
21 18 30 724
13 53 214 644
60 54 300 450
95 98 606 467
73 46 178 216
38 78 930 303
7 47 12 584
66 32 840 62
61 53 604 917
49 30 621 407
69 80 317 827
79 88 240 226
16 75 215 981
76 57 313 936
38 2 195 308
75 7 144 152
91 54 738 837
45 62 168 737
42 2 745 171
57 68 872 380
77 45 319 657
19 92 625 108
63 8 569 177
74 53 675 413
30 15 580 957
80 27 119 495
85 76 383 539
93 75 339 107
16 29 275 732
32 99 537 194
11 13 287 624
59 99 749 242
23 90 642 338
10 50 984 931
93 73 647 285
82 53 636 1
25 30 382 484
10 15 288 633
12 33 216 304
97 90 799 535
17 7 328 632
95 1 804 87
37 88 61 264
36 29 975 689
54 37 592 642
94 67 189 19
57 93 241 126
57 77 959 490
3 13 907 834
39 15 173 128
80 92 28 558
79 91 533 499
68 67 70 218
18 35 45 263
63 18 771 333
94 64 217 980
48 14 613 226
94 78 137 910
87 92 970 902
76 13 94 500
65 98 288 568
54 52 21 203
16 97 277 275
100 37 568 898
63 83 849 259
65 100 244 792
50 92 446 775
41 44 333 842
5 29 841 794
6 97 883 682
66 95 265 619
85 8 524 155
86 35 731 792
77 7 898 329
94 72 73 622
17 68 23 679
24 48 689 848
32 36 608 357
75 94 156 809
81 56 571 257
89 69 49 816
25 65 716 378
90 23 333 70
49 54 9 916
87 65 268 543
69 21 369 302
25 68 506 925
28 29 624 262
7 71 276 574
31 99 370 231
20 41 760 15
23 30 728 129
91 58 874 92
62 59 694 999
2 32 274 13
1 19 172 941
85 62 253 606
54 52 810 412
31 56 346 808
88 78 874 240
9 51 231 483
25 47 179 394
26 4 951 787
43 41 510 677
58 14 56 726
51 36 9 208
49 5 52 546
84 9 161 224
88 19 981 601
96 100 131 185
75 39 249 311
23 15 603 467
78 46 808 174
7 41 684 62
70 18 51 614
63 29 989 514
76 6 44 736
24 91 710 492
99 5 714 645
21 89 265 129
30 18 464 509
23 47 879 218
50 51 53 442
86 56 422 849
86 67 418 248
93 43 446 895
42 25 137 517
13 18 614 307
32 18 664 614
55 15 624 905
98 65 74 240
99 46 609 171
53 68 84 51
98 3 900 73
86 47 304 972
91 49 542 377
6 14 263 188
29 93 435 203
56 58 908 750
77 39 906 822
18 81 279 400
93 67 364 215
9 92 555 202
2 83 551 877
83 51 499 98
11 73 461 565
84 2 299 101
53 74 11 979
77 73 102 333
10 53 305 380
94 52 81 747
42 24 274 450
98 80 341 740
90 24 422 280
92 76 947 984
40 14 916 389
27 35 930 70
73 81 826 84
27 96 767 856
43 45 572 460
64 32 678 660
10 98 716 838
16 51 876 389
63 48 473 696
100 9 795 74
40 45 896 666
100 62 696 861
56 58 193 521
65 52 697 585
32 36 125 248
48 19 461 436
81 13 138 905
24 37 120 620
8 7 243 697
17 38 883 326
67 72 247 906
79 90 871 883
40 27 363 188
7 81 854 256
19 2 834 58
9 88 940 886
4 65 618 40
27 87 64 988
82 7 548 591
51 54 863 23
4 32 93 514
99 12 908 357
63 18 605 567
5 93 179 655
82 64 832 922
42 40 500 961
39 37 683 646
91 54 423 294
13 33 404 641
40 93 245 136
90 4 519 209
7 96 419 704
52 55 665 513
83 91 795 292
8 46 520 998
34 82 106 745
87 30 961 346
77 40 856 259
52 24 554 566
51 77 313 602
11 60 754 179
57 75 195 679
38 99 499 202
41 92 70 926
35 66 341 344
62 91 376 512
71 57 444 203
89 8 987 536
75 45 601 71
54 63 993 394
25 95 230 930
98 79 803 347
19 46 116 79
19 96 369 516
63 12 48 109
93 80 934 328
47 70 545 372
87 67 916 678
42 35 754 755
15 77 175 740
23 96 140 795
86 57 501 850
74 20 40 284
10 77 938 902
86 52 261 858
93 62 993 330
45 54 364 430
95 78 177 375
7 25 357 222
30 6 992 769
40 33 152 604
92 30 511 682
76 91 48 722
87 90 17 725
20 11 736 271
40 82 571 476
62 67 608 813
23 47 770 81
33 89 23 842
38 64 667 330
33 68 435 951
53 11 120 938
12 53 416 269
29 47 603 381
19 71 469 222
73 21 688 258
24 54 75 454
94 42 119 796
28 22 713 671
70 37 879 182
63 64 896 282
77 15 910 625
34 38 19 268
65 73 764 916
65 66 870 231
91 95 66 764
88 70 297 706
83 32 812 446
49 93 824 757
87 31 512 11
51 63 303 925
32 81 525 330
53 85 961 634
75 76 434 653
21 2 390 724
98 69 362 254
49 42 88 428
95 12 514 793
4 69 774 921
50 74 817 541
20 28 619 148
93 27 998 813
71 45 16 107
17 62 381 26
90 11 12 457
65 42 370 600
89 40 10 795
60 67 2 679
75 30 573 494
59 5 784 678
31 3 107 763
2 83 729 27
64 45 568 396
74 67 268 323
27 90 672 712
18 15 660 149
20 82 294 197
97 39 466 499
28 27 333 969
36 90 743 256
32 18 924 436
13 65 293 677
76 45 573 936
68 25 702 279
32 84 589 209
89 79 744 316
16 66 271 20
53 56 311 737
21 19 912 708
17 70 647 707
73 29 170 448
62 30 979 457
89 16 53 511
95 58 503 182
34 31 791 852
12 7 868 383
20 91 669 982
45 40 112 247
93 81 359 496
68 28 954 792
38 31 151 68
90 28 470 177
89 29 326 492
2 70 622 323
38 10 747 465
72 35 127 704
28 20 445 223
81 57 32 351
44 29 322 72
40 45 783 657
60 9 117 217
98 43 629 10
69 68 873 222
8 71 208 568
91 94 31 795
86 54 31 410
74 59 434 290
17 82 81 759
46 31 130 980
25 41 690 954
25 27 786 487
85 68 843 56
83 98 891 726
83 96 702 543
71 10 697 791
19 81 953 687
56 54 311 142
94 26 374 702
12 11 404 994
54 43 639 692
4 77 37 78
13 12 993 107
12 82 786 778
24 39 291 790
2 42 51 99
24 22 794 514
35 52 719 305
15 78 628 440
8 87 150 136
32 98 114 876
73 83 161 417
89 7 567 822
23 55 844 536
97 34 711 176
28 9 943 743
23 71 260 322
32 6 741 992
60 23 668 215
27 94 168 812
94 43 142 267
88 12 597 10
27 77 137 315
65 2 978 856
84 45 222 255
62 100 664 920
96 10 865 844
78 45 616 694
96 44 30 603
89 61 441 819
33 97 953 756
29 62 831 460
44 40 346 897
43 17 536 23
84 56 792 417
25 39 256 18
17 51 675 627
7 2 977 569
23 12 726 501
80 12 112 740
87 78 219 933
19 14 931 581
32 29 392 314
68 56 956 612
21 65 777 453
23 21 70 33
71 39 566 626
56 88 392 2
15 22 627 37
96 7 232 94
75 57 370 333
57 70 673 884
49 66 425 101
64 38 751 748
58 97 242 441
91 4 276 931
40 18 730 882
63 9 352 790
86 100 307 737
68 72 659 988
68 69 510 737
90 9 744 455
54 14 460 678
67 57 49 816
81 9 870 286
98 34 787 552
5 67 409 445
46 31 509 465
28 70 543 262
72 75 136 896
39 25 294 496
41 100 312 186
71 52 223 913
5 75 528 606
50 97 45 341
90 97 370 778
34 47 671 194
78 19 737 886
83 62 545 46
68 84 69 447
73 24 303 311
11 3 150 938
51 23 925 88
89 49 559 630
10 78 928 420
19 9 635 785
57 16 977 117
89 86 458 588
9 21 519 209
9 37 121 182
69 17 303 161
57 77 789 58
35 67 769 254
2 41 358 742
44 4 13 996
68 96 59 458
38 59 175 300
28 56 590 210
30 52 898 199
14 55 511 832
91 31 600 237
65 47 495 543
77 83 246 23
21 58 101 485
90 29 253 152
22 34 932 293
76 34 55 200
26 11 77 140
58 57 17 901
65 68 625 187
77 28 965 933
88 98 365 573
77 93 456 272
40 7 137 754
72 90 195 964
85 44 235 73
99 91 843 38
85 40 50 8
5 20 850 726
36 17 251 113
14 99 654 609
73 59 724 845
3 57 475 138
88 52 877 565
88 55 911 905
2 45 926 793
51 8 355 796
92 5 860 409
13 86 572 587
75 41 362 887
55 97 399 995
31 12 382 193
44 53 448 970
34 16 142 430
41 59 762 937
10 97 820 180
93 74 3 366
70 92 942 978
58 32 357 544
32 4 929 700
78 69 617 313
94 27 279 726
46 94 915 379
44 12 678 862
52 7 146 625
32 23 488 186
17 3 703 207
53 27 123 95
20 47 766 303
46 44 706 490
47 3 381 921
15 77 123 972
57 96 864 436
93 81 433 839
21 27 275 780
58 39 270 962
68 64 315 280
58 48 854 260
99 74 270 921
89 51 778 500
86 51 993 25
99 91 785 127
68 77 511 205
9 35 322 847
84 53 32 621
11 95 584 891
80 91 497 95
46 84 464 507
73 41 140 591
95 89 785 519
52 5 600 970
81 73 554 997
66 11 967 55
42 51 527 892
44 81 698 647
95 90 224 34
38 44 264 534
3 34 517 649
5 23 434 774
78 56 622 909
20 67 650 678
96 47 854 432
23 53 822 824
3 30 346 826
96 58 986 509
18 58 301 212
79 78 32 502
13 9 270 629
12 47 5 423
66 26 500 475
52 6 901 278
46 35 435 730
54 20 403 235
32 50 214 37
94 60 769 837
4 95 966 373
23 30 337 608
71 100 758 684
55 32 766 958
38 45 121 132
49 38 417 885
5 89 145 981
9 78 913 146
11 61 64 849
67 17 935 219
19 83 619 493
94 31 708 20
39 78 543 171
94 36 715 505
58 11 336 51
54 87 819 137
87 22 105 537
100 22 813 623
3 68 68 231
74 46 337 249
36 52 465 608
22 87 918 660
95 52 336 939
25 73 654 169
36 34 656 899
65 5 476 318
11 14 84 397
39 76 530 43
48 91 270 966
8 10 116 719
53 36 168 879
8 77 645 109
1 26 794 478
49 34 48 297
9 66 795 164
41 7 974 179
80 24 436 257
51 4 712 387
91 23 855 910
9 94 952 688
55 42 614 558
5 82 157 19
11 45 881 723
68 35 699 347
54 50 207 261
92 59 321 475
88 5 917 317
85 65 733 759
74 3 920 796
13 67 717 417
97 95 123 129
95 63 363 923
90 6 436 625
6 81 128 587
35 43 243 479
59 21 983 893
14 73 867 774
51 83 949 757
86 98 371 782
44 37 403 821
70 49 823 726
25 11 621 529
88 15 620 435
97 77 297 326
99 56 101 676
78 69 362 359
73 11 514 29
40 87 631 531
82 71 360 162
85 66 559 741
86 38 927 360
51 35 298 514
9 92 307 965
13 17 535 31
11 43 833 117
14 42 157 88
7 80 818 283
56 31 179 973
39 96 50 446
24 43 570 125
90 46 464 579
35 24 781 17
60 56 358 983
39 72 594 802
67 95 252 18
30 52 817 475
43 60 567 316
25 19 333 989
77 93 201 480
29 4 594 343
64 11 865 396
76 17 684 417
78 95 919 88
28 31 450 73
58 2 931 553
71 47 966 798
3 9 505 88
67 41 940 495
43 64 606 859
65 89 759 796
2 21 514 24
34 39 401 560
29 69 368 426
62 34 105 722
9 19 611 5
57 12 749 408
54 91 655 811
7 79 334 203
89 24 53 143
88 28 126 166
11 68 744 373
73 70 786 21
65 93 307 840
4 29 297 325
36 86 60 848
2 38 79 654
34 97 306 563
81 93 486 494
63 65 247 501
39 66 417 118
41 21 87 862
53 80 15 241
4 45 399 765
5 79 802 353
31 93 127 713
30 84 854 804
2 64 607 981
49 97 381 294
65 41 363 640
81 21 43 318
53 90 706 762
7 23 286 361
11 1 780 938
50 7 597 948
52 35 555 36
85 42 153 829
76 50 848 13
59 58 814 448
96 91 946 416
68 19 946 650
74 6 13 371
55 33 794 161
53 47 279 128
68 36 469 820
56 44 652 943
100 61 970 933
73 78 185 819
66 93 965 227
44 79 194 443
63 30 300 101
95 26 40 878
61 94 379 594
29 65 818 26
80 81 3 893
93 53 62 517
65 19 82 134
64 74 305 788
52 32 225 191
99 32 781 568
5 91 409 440
85 47 366 149
66 100 976 758
35 3 654 908
39 79 569 392
76 27 637 668
69 7 441 20
70 66 988 780
75 37 141 894
48 62 69 360
10 46 92 650
30 41 611 395
12 19 317 388
11 3 548 816
34 77 577 128
46 40 548 167
76 60 254 632
50 70 811 604
93 91 834 193
60 98 176 892
29 51 214 669
19 93 7 905
67 27 61 246
27 63 480 201
62 60 259 753
92 42 643 83
75 44 894 851
83 65 401 860
17 3 158 549
75 80 28 692
14 93 927 590
32 34 670 84
41 16 685 170
4 31 363 331
91 54 517 275
46 1 959 835
43 7 984 658
66 73 579 425
51 74 637 694
12 55 736 340
12 42 249 478
13 50 338 805
63 75 715 287
40 82 472 419
57 49 147 441
61 25 648 149
47 49 373 733
77 68 126 259
56 38 569 93
14 37 982 587
48 1 884 515
77 32 219 689
57 80 725 133
94 99 31 882
93 9 398 844
74 20 663 196
61 6 342 932
25 24 151 491
40 35 713 117
71 57 977 529
43 71 138 717
2 69 434 410
4 20 331 399
6 13 333 659
2 1 582 724
16 35 913 101
76 75 738 875
80 89 934 311
66 76 108 124
32 96 424 915
90 80 78 241
92 66 851 160
73 69 31 256
69 48 407 410
57 28 63 778
46 10 920 186
71 99 698 167
53 98 906 359
82 99 386 345
7 23 384 939
90 37 825 402
73 56 908 792
39 26 115 731
57 9 659 11
67 45 701 823
58 70 953 638
60 85 651 429
56 1 363 632
78 29 201 777
41 88 115 977
2 37 903 64
30 82 524 109
33 16 125 60
21 11 527 91
66 65 22 923
35 79 780 547
47 6 444 51
99 35 999 504
84 67 530 576
67 66 901 463
67 3 264 256
60 62 518 223
59 5 370 49
93 73 76 851
66 26 46 192
41 21 829 268
28 84 268 3
84 73 536 450
59 8 405 112
24 11 395 132
8 39 82 752
39 31 258 713
31 89 100 406
67 19 221 906
1 70 776 447
67 39 890 272
43 75 693 146
94 66 197 726
2 22 8 854
39 95 94 36
85 68 887 653
1 23 597 735
34 95 550 63
99 71 808 757
77 25 174 592
55 98 749 245
68 26 133 668
18 44 100 642
69 78 197 956
47 59 433 975
67 19 694 256
65 36 874 329
81 20 3 714
71 13 385 160
2 17 605 3
31 78 476 142
55 8 804 770
70 54 583 440
92 79 385 310
89 96 320 270
40 17 126 92
31 53 630 105
73 77 60 128
23 33 902 953
58 51 765 899
15 20 16 326
16 87 488 904
86 82 748 752
17 86 644 193
91 12 416 980
42 64 955 621
4 57 674 866
38 26 279 86
5 79 669 94
53 17 864 949
7 2 766 49
19 55 79 375
18 26 521 333
91 46 497 378
66 76 744 243
49 75 94 105
30 66 801 904
43 10 422 665
87 79 732 482
38 65 105 590
99 44 885 122
83 30 937 515
56 50 511 429
70 49 635 969
92 9 915 168
79 20 575 260
45 15 158 575
29 42 678 416
12 35 651 464
56 8 467 911
55 92 876 182
88 20 901 718
82 59 88 121
14 9 18 989
50 47 585 28
57 73 473 44
77 47 291 73
79 16 447 262
41 55 333 132
39 98 395 760
48 56 734 682
49 41 903 362
47 38 604 62
24 46 694 476
49 47 861 628
58 22 567 772
16 41 251 377
59 60 614 291
99 18 643 758
12 92 628 74
12 78 966 979
26 97 607 313
86 94 228 17
79 54 877 720
68 93 119 9
64 58 602 143
94 12 549 29
71 37 304 405
27 78 847 709
24 18 731 33
83 6 574 322
42 3 552 897
16 45 297 322
21 59 107 418
73 55 570 109
83 97 154 455
15 1 974 712
81 42 576 832
76 23 574 565
2 21 557 969
84 70 370 758
34 71 856 846
41 1 330 924
44 41 629 614
1 17 854 878
14 39 583 392
54 96 394 39
3 34 257 532
19 88 772 634
59 15 325 327
85 78 734 750
48 49 80 404
5 3 210 363
47 28 85 778
51 71 804 812
28 83 233 385
56 78 582 760
31 84 513 707
4 80 705 573
62 57 395 957
58 67 5 668
65 35 79 904
84 83 217 777
55 26 358 305
94 21 96 818
34 5 538 4
16 30 67 910
30 78 982 657
23 40 654 907
74 32 518 469
44 74 491 261
60 9 463 235
90 22 294 645
82 96 258 891
74 95 111 526
9 10 362 205
23 32 721 112
46 61 876 288
11 1 587 118
2 5 686 458
40 44 956 88
100 34 713 566
51 56 171 587
34 36 561 878
76 75 566 40
62 2 814 960
7 42 830 211
95 32 716 829
30 7 410 729
27 31 434 427
59 55 70 917
19 99 459 525
54 75 728 671
81 72 510 638
20 18 816 503
8 54 367 467
15 76 15 10
11 19 85 310
20 40 288 213
58 60 413 919
8 38 500 27
33 49 239 999
37 13 801 371
7 86 859 508
2 65 804 363
96 16 775 766
81 70 507 291
2 27 153 81
2 92 77 523
100 58 646 294
60 53 116 67
95 58 799 606
51 13 221 95
37 44 504 577
40 51 880 211
26 12 512 212
80 56 60 570
95 100 714 213
68 43 362 699
65 32 747 924
26 33 124 827
7 27 691 258
82 94 530 908
61 94 522 379
26 21 973 712
82 45 932 212
25 89 518 315
51 12 630 950
19 1 369 675
54 93 758 952
68 92 605 444
55 39 944 501
94 30 237 344
45 35 174 612
67 47 872 546
85 45 501 622
2 69 475 551
13 77 247 452
18 34 305 312
13 15 408 271
65 21 578 754
50 26 406 181
91 83 90 436
7 14 367 623
35 57 471 727
10 20 881 361
58 11 537 134
9 83 835 477
77 44 328 678
74 8 834 112
60 99 885 274
18 26 449 643
58 76 421 849
15 84 533 485
62 67 566 961
14 13 585 690
21 11 415 404
35 81 542 88
85 11 550 315
5 48 341 262
57 23 880 994
21 42 32 603
64 12 818 414
81 50 329 12
33 83 537 241
33 58 681 43
80 24 282 515
92 20 33 145
14 6 558 754
98 84 876 114
21 82 301 864
84 86 502 789
91 78 908 402
97 85 934 426
35 4 481 921
21 57 531 190
45 56 465 843
51 77 894 113
51 55 532 299
90 7 767 233
9 52 979 130
98 49 305 452
90 53 440 366
100 36 349 431
76 47 127 217
73 49 915 545
52 99 674 101
36 35 26 701
17 21 207 493
17 28 684 5
35 88 561 609
31 25 758 890
4 7 139 821
17 51 28 524
100 39 136 208
87 48 93 303
10 59 762 364
47 53 9 893
5 9 146 242
37 31 817 371
10 90 188 97
53 56 321 516
58 92 99 285
36 44 220 433
33 61 140 296
12 78 599 840
12 14 748 845
76 54 152 8
18 74 654 103
64 47 269 878
22 41 425 816
85 26 541 599
12 13 508 268
10 48 605 901
95 32 907 972
34 50 569 863
38 21 785 453
18 28 522 524
47 10 139 990
91 5 680 848
69 50 674 108
65 47 234 382
100 45 866 298
54 33 662 200
81 37 406 838
92 73 476 836
85 19 560 532
45 64 889 728
27 67 776 219
32 89 824 227
90 56 21 304
91 11 585 173
75 51 417 809
88 78 264 166
83 100 842 626
73 12 12 138
10 14 914 517
82 62 922 964
68 35 742 894
82 27 654 836
2 39 543 271
68 72 514 823
34 37 58 525
74 30 438 604
94 7 98 638
69 42 96 594
66 97 255 90
88 62 789 14
50 37 930 958
55 8 526 675
97 44 208 149
80 8 45 677
88 26 695 420
33 41 469 138
67 97 475 682
26 59 629 316
12 17 925 733
80 1 173 251
47 33 875 44
36 88 717 508
10 70 183 166
58 32 721 122
64 88 88 727
58 22 544 986
91 100 810 188
28 8 701 223
47 37 914 31
43 61 417 911
80 4 28 442
99 80 895 256
11 100 432 537
64 7 466 565
35 41 687 287
53 60 441 940
52 88 873 360
73 59 789 134
82 69 870 735
11 54 865 658
8 65 178 780
7 18 308 399
39 74 763 651
34 71 995 523
62 82 636 477
79 3 320 211
25 60 596 244
29 3 167 978
89 63 321 316
11 35 617 216
59 57 63 402
90 4 464 944
35 53 234 852
79 83 307 637
45 86 749 410
90 12 685 653
68 28 727 700
24 62 643 229
69 64 963 241
71 32 990 467
23 1 464 397
88 47 176 109
27 11 383 396
29 19 664 597
36 14 626 156
59 82 998 807
7 15 317 944
90 7 285 388
70 46 570 928
25 30 416 153
75 91 670 630
1 19 62 458
47 21 12 171
49 17 886 530
42 94 149 334
3 62 955 215
69 88 870 577
19 2 502 53
15 42 629 604
97 77 590 808
86 9 110 344
97 75 493 40
47 26 194 771
84 90 588 62
46 100 68 870
85 3 967 621
56 22 482 760
64 31 126 794
52 77 154 742
5 48 875 942
57 89 130 843
63 11 402 237
77 49 835 822
90 31 362 571
18 66 848 393
100 98 285 324
8 22 887 407
20 70 60 370
51 31 906 214
22 5 402 758
61 10 349 951
82 77 623 834
33 54 344 830
20 71 719 233
53 9 843 803
11 91 542 797
25 79 172 309
82 89 887 79
95 90 202 944
55 14 96 447
38 51 631 934
13 68 444 435
78 83 314 372
31 58 996 727
63 52 714 165
45 43 224 720
6 88 60 880
11 15 57 322
34 88 220 810
52 10 910 566
2 30 117 952
57 7 607 165
48 76 679 120
89 1 40 411
81 5 608 300
2 80 248 509
33 41 931 351
25 10 995 77
92 63 466 570
9 1 287 374
69 38 145 542
11 63 698 534
14 36 148 839
63 84 128 543
63 39 369 356
51 24 924 370
37 51 947 101
4 51 755 149
78 13 373 849
47 83 123 394
59 76 484 611
40 95 561 69
84 94 438 702
48 100 826 160
3 59 475 381
61 31 851 711
79 53 929 262
50 48 165 981
15 16 729 561
75 87 740 751
81 33 340 619
34 31 755 450
69 91 993 703
39 8 543 173
45 24 110 989
68 42 171 709
96 43 323 425
43 38 577 695
57 87 553 130
87 98 60 635
22 57 521 996
37 34 59 94
99 23 904 2
10 17 707 939
74 48 420 203
33 86 425 667
90 70 308 961
50 4 207 1000
96 61 994 896
56 59 188 253
62 98 341 886
32 64 738 117
55 93 734 755
37 98 635 222
38 23 748 257
7 55 86 573
16 5 564 220
19 95 385 127
34 43 187 248
45 8 65 61
74 29 94 458
74 23 721 586
10 22 747 863
90 6 593 764
98 96 177 134
27 12 263 15
85 96 724 124
24 44 130 354
51 25 876 928
39 43 594 502
6 62 258 861
71 58 565 950
84 80 67 854
37 58 58 993
30 1 932 581
41 71 9 273
40 39 875 439
72 46 346 485
79 61 479 706
28 11 403 268
27 61 187 842
60 71 373 446
33 44 733 412
12 98 717 455
54 87 521 33
20 6 992 983
45 37 690 426
78 26 625 963
78 4 124 779
2 95 423 966
16 7 393 247
94 50 372 836
70 57 596 638
36 31 843 721
75 7 81 968
74 79 702 929
11 62 724 276
59 52 808 139
41 89 213 266
30 14 957 156
1 61 240 570
99 1 891 799
79 54 682 169
32 44 378 680
33 97 976 855
68 35 858 435
79 47 921 955
44 66 870 520
91 26 52 993
95 9 52 597
57 73 673 633
46 51 924 345
59 26 324 684
36 7 70 716
61 60 756 386
75 45 157 989
22 90 633 719
62 75 473 424
5 91 303 856
46 38 737 561
96 43 384 793
45 7 824 300
11 21 880 770
12 96 345 747
12 2 68 340
34 49 116 405
4 3 199 427
86 44 799 727
4 37 110 216
73 27 442 476
77 28 907 94
28 98 193 831
9 26 50 728
97 84 930 58
48 4 473 822
98 79 648 88
62 84 17 143
49 17 292 31
84 73 752 494
13 100 545 973
21 99 470 137
18 36 962 763
96 19 233 513
87 47 472 309
21 1 660 191
27 51 636 937
27 49 297 40
44 10 190 793
89 64 553 874
17 88 930 719
93 73 774 458
47 50 725 362
69 36 58 684
51 11 329 597
92 54 884 992
21 82 111 684
37 84 182 123
87 8 594 909
84 11 210 43
35 10 793 297
51 52 807 890
67 35 513 719
53 79 908 465
37 75 964 559
94 93 292 136
61 93 738 727
90 46 927 502
42 74 301 308
72 71 177 669
31 97 522 686
7 93 550 751
91 73 222 278
64 48 308 22
2 79 352 537
76 60 601 435
18 20 496 258
81 14 372 376
37 7 447 460
68 72 770 274
81 79 671 443
71 44 363 9
77 56 520 980
29 19 197 75
39 46 883 220
66 76 590 182
8 79 201 871
65 19 171 277
98 8 864 391
28 91 299 26
86 67 357 438
59 12 180 412
40 64 286 225
20 61 462 154
86 85 510 353
26 35 846 539
72 31 637 182
83 88 346 563
71 27 377 9
62 26 108 456
19 45 98 26
88 45 546 516
50 40 239 286
38 21 285 249
27 40 986 698
38 51 251 34
65 9 638 19
60 3 403 103
98 32 551 655
11 6 794 807
54 14 990 363
49 25 72 484
82 77 608 269
97 54 37 497
32 63 301 205
23 49 863 706
19 90 230 416
81 34 868 766
35 19 173 906
20 85 834 802
48 6 82 987
2 77 588 548
48 26 652 677
12 68 18 335
63 24 914 490
17 71 150 448
