420 1337
68 11 437 45
91 409 18 813
77 238 765 419
17 382 628 863
124 41 638 587
168 35 280 321
124 195 988 365
219 306 41 955
380 302 984 279
314 10 251 188
115 328 712 624
216 86 867 256
143 34 423 558
227 30 710 199
319 393 374 310
212 183 771 228
312 92 333 710
75 36 256 221
100 48 603 21
47 385 529 834
42 21 905 284
166 240 757 343
293 82 816 276
159 8 714 695
360 300 464 209
392 265 196 405
156 407 861 345
227 7 124 656
207 51 90 542
210 270 523 557
345 251 923 135
123 361 490 644
177 67 968 516
262 163 418 121
208 188 336 364
65 255 512 311
374 98 799 521
257 294 388 826
218 98 369 38
339 51 760 166
271 231 960 822
157 58 439 817
33 291 749 548
59 123 63 569
259 236 345 696
377 222 128 729
97 349 315 283
142 120 22 236
48 226 565 997
328 271 408 437
9 266 937 529
301 142 739 21
194 193 22 94
222 353 124 101
239 235 337 401
324 320 854 897
347 27 490 180
359 89 924 790
373 219 413 22
271 226 360 236
126 277 22 159
358 109 854 97
339 187 830 818
407 145 922 408
287 55 743 324
268 13 46 544
260 52 922 100
214 212 453 792
198 117 224 522
108 183 171 938
203 24 162 382
6 400 122 299
115 213 223 164
60 16 737 969
189 140 853 334
302 177 887 970
277 91 322 71
198 239 701 323
190 3 139 977
192 405 899 161
169 368 923 552
163 123 970 148
393 145 37 315
167 380 726 718
33 246 331 650
71 36 889 234
386 19 564 308
321 267 1000 640
389 40 446 41
367 17 948 304
296 158 754 56
90 87 983 33
244 142 346 168
418 305 643 227
354 193 656 928
137 231 362 165
376 56 352 951
110 16 43 343
288 336 277 926
339 406 407 254
70 242 188 435
12 231 840 802
228 68 153 620
122 82 235 770
307 261 837 452
309 88 333 176
216 15 50 862
131 112 288 688
137 276 251 573
22 16 377 624
389 372 101 440
242 134 215 563
348 279 365 985
266 198 172 832
161 30 252 716
56 38 888 788
199 36 876 146
9 1 978 724
218 243 778 334
38 20 208 370
265 415 799 214
93 397 773 205
257 199 854 366
318 331 982 56
36 316 84 411
256 166 701 98
47 266 286 262
191 38 505 458
207 61 57 54
256 138 343 822
77 102 156 772
274 135 469 116
244 214 380 422
40 23 485 244
182 122 84 368
302 241 721 322
359 259 240 923
75 69 403 107
99 64 253 536
256 73 920 944
36 79 452 431
381 133 399 545
248 52 143 133
191 60 928 168
31 252 684 488
74 57 571 822
227 223 587 961
96 125 760 639
168 343 573 682
168 229 607 685
292 339 949 21
34 223 636 955
267 178 17 383
211 389 694 761
97 173 23 141
188 234 116 867
78 249 883 296
330 362 750 829
158 56 90 542
207 145 793 308
38 134 925 126
361 165 321 728
84 226 511 730
108 358 418 230
304 309 154 720
86 36 577 744
242 142 295 839
129 327 397 990
339 148 785 538
309 284 281 719
405 210 747 450
210 386 204 609
271 69 804 803
62 55 592 111
151 68 708 356
343 224 629 53
376 168 688 945
269 396 438 200
227 279 778 492
180 97 331 753
245 190 533 668
70 416 661 318
215 109 543 848
205 243 350 962
74 164 743 779
346 327 338 929
238 45 40 595
140 203 388 638
39 158 55 157
229 172 314 811
156 121 197 963
190 377 8 289
250 228 675 273
267 303 149 347
209 30 23 879
211 344 575 266
158 411 663 748
247 399 463 60
368 275 117 608
17 14 779 306
84 302 993 134
381 294 318 497
212 104 80 293
122 171 262 280
243 418 335 901
388 273 823 239
176 265 78 203
242 145 30 733
373 181 253 767
94 262 787 835
383 196 30 532
159 288 77 275
361 91 266 639
141 34 82 355
178 52 359 493
389 110 595 133
84 145 487 715
366 45 646 881
30 27 535 699
183 20 836 587
376 402 378 527
96 378 299 816
278 121 77 874
311 209 923 841
366 358 618 829
366 49 753 85
283 334 68 905
92 32 968 788
321 232 534 562
280 63 315 325
383 123 101 131
136 129 704 467
68 69 363 937
24 6 724 524
40 22 66 681
61 269 732 503
106 35 65 197
80 14 328 46
56 282 259 523
40 218 303 736
337 60 790 977
176 125 473 670
255 144 298 119
318 84 646 521
334 117 324 143
194 212 832 552
15 1 931 789
188 135 75 586
237 26 12 718
202 150 732 722
228 406 510 652
356 287 823 475
408 384 584 616
93 288 270 831
77 2 753 61
41 404 269 94
335 214 623 75
169 41 750 117
52 38 771 417
297 273 84 322
84 66 4 308
115 225 22 612
166 141 249 54
372 38 681 865
341 189 703 17
318 313 570 528
309 13 523 523
280 82 450 516
12 1 935 836
414 105 259 49
18 13 609 610
93 70 911 79
296 79 664 675
315 76 417 453
374 207 847 361
48 182 313 244
351 117 689 630
50 32 415 356
415 50 24 340
138 410 865 112
127 358 442 708
108 212 633 471
321 47 203 662
378 301 461 760
246 268 816 803
282 135 667 437
59 24 802 413
29 68 654 170
395 237 237 302
51 20 936 114
333 307 888 756
305 82 141 996
297 58 729 879
369 225 504 773
384 383 574 259
254 420 550 42
312 411 718 30
133 12 710 561
317 271 726 128
15 284 706 422
141 324 990 905
41 349 369 876
286 121 665 738
215 194 857 519
264 131 681 179
66 24 764 653
308 64 27 651
380 45 856 837
235 125 162 123
318 92 224 277
396 267 632 594
278 57 15 600
243 28 686 469
300 31 266 680
185 149 246 213
131 8 622 610
374 348 871 482
101 14 459 494
354 344 704 51
64 174 337 419
406 323 605 259
343 127 622 305
185 131 924 335
261 141 406 86
87 379 704 180
218 313 674 258
75 374 429 35
56 308 405 705
138 98 331 811
32 385 953 374
283 41 430 907
209 98 23 963
377 198 531 49
225 207 844 950
168 134 201 595
379 149 216 509
244 386 97 802
115 91 289 631
238 167 445 814
187 389 534 817
372 415 46 388
388 308 305 713
32 12 995 450
82 51 656 492
238 144 927 857
244 38 234 805
147 125 586 24
417 78 362 938
67 95 856 279
242 9 676 816
181 26 975 890
268 52 761 473
291 175 418 951
218 193 259 438
417 11 993 723
331 16 197 111
322 303 225 226
37 45 896 262
288 419 193 608
119 262 919 219
347 258 921 221
105 74 966 236
258 246 541 505
386 219 372 477
392 100 88 144
273 234 760 398
146 267 437 165
342 135 420 452
385 306 991 640
214 51 444 963
240 130 745 71
31 218 792 383
189 207 460 298
337 5 170 785
167 34 486 677
261 282 391 771
379 341 24 663
105 374 419 493
144 235 530 903
131 41 111 810
174 85 977 238
284 186 317 282
205 103 919 750
211 190 330 510
20 128 610 51
194 139 544 850
158 93 767 321
372 186 877 408
189 379 733 453
401 32 922 53
131 55 678 616
405 166 989 579
87 25 638 962
45 37 890 776
395 172 903 636
263 55 381 443
196 3 233 565
2 1 324 929
82 200 827 476
26 4 991 853
7 6 538 785
363 186 774 540
387 325 464 962
368 311 614 785
260 391 258 838
202 56 442 62
357 2 596 52
81 194 273 624
77 262 705 56
386 336 642 210
97 50 25 701
2 418 662 309
128 10 841 968
172 165 900 943
346 188 220 448
58 277 997 453
185 76 959 866
26 65 309 910
257 96 331 62
231 156 338 833
132 333 529 461
52 161 59 442
342 260 123 508
90 67 723 615
83 239 665 556
243 210 808 581
14 165 195 167
238 237 4 75
115 221 796 433
381 298 189 642
337 278 260 723
355 253 995 411
78 125 971 215
225 21 509 209
213 69 282 966
102 176 998 501
215 302 107 439
224 210 534 974
177 216 212 77
149 40 508 143
12 134 84 897
164 365 17 272
5 72 931 642
57 108 577 724
406 46 876 675
178 400 617 572
19 356 30 927
35 372 342 152
345 64 506 264
40 93 754 694
265 349 665 365
76 330 465 773
24 335 76 423
397 94 803 581
378 229 158 645
330 320 103 509
175 389 46 592
138 27 72 560
169 260 142 43
320 165 147 416
179 75 671 889
387 104 203 248
306 215 925 677
364 44 800 36
135 75 878 400
231 411 645 906
273 331 637 518
26 138 541 997
251 154 938 150
362 336 272 249
319 124 37 281
261 14 546 598
119 224 757 223
217 69 756 109
91 173 900 39
48 111 295 774
320 243 443 284
352 294 164 874
109 372 430 34
285 115 656 637
29 25 21 647
242 67 468 793
400 260 575 771
209 56 828 980
14 105 824 476
390 100 218 702
72 41 52 982
235 398 234 113
335 235 728 44
71 359 839 634
281 101 310 11
363 355 119 837
400 408 977 109
211 114 590 660
13 6 451 140
393 229 500 429
248 220 714 254
109 209 599 503
411 58 285 626
197 283 565 522
25 85 163 977
183 61 933 863
269 113 560 339
160 46 502 370
80 62 20 627
406 230 219 428
320 355 996 821
212 265 984 354
299 152 972 46
133 276 118 130
289 1 342 753
91 3 370 196
119 108 591 7
253 30 860 372
236 405 542 29
7 200 223 175
387 95 989 240
223 211 876 150
39 30 648 394
102 222 809 452
180 143 510 999
229 139 173 447
268 212 350 416
162 141 442 521
274 87 119 862
130 124 423 695
266 56 560 29
318 145 137 488
154 379 103 650
272 143 890 271
261 352 125 724
137 103 393 243
284 183 730 220
170 126 556 326
156 355 306 110
239 366 107 352
157 297 688 24
25 3 521 84
325 349 252 654
114 48 210 932
143 203 263 250
412 31 261 755
36 28 553 791
206 46 286 381
146 291 509 169
142 82 369 622
5 2 780 154
268 243 791 665
31 345 618 480
221 107 456 351
271 165 51 884
118 59 770 252
404 96 682 876
169 253 170 962
351 287 976 393
28 27 993 399
69 51 466 493
368 314 954 278
44 6 529 309
103 144 379 36
53 63 956 421
217 37 849 337
406 401 103 1000
164 394 402 267
107 185 273 462
362 92 206 608
28 23 606 389
261 250 317 838
330 219 812 410
180 205 357 463
34 370 82 675
34 137 746 778
4 318 171 143
24 268 521 957
388 226 945 287
49 42 333 616
410 266 991 503
259 202 607 565
420 298 655 63
100 327 848 226
245 295 686 46
166 125 978 488
411 201 375 149
369 84 489 394
122 214 907 45
152 193 923 496
411 201 600 20
270 300 645 964
269 44 102 384
149 209 888 430
340 258 627 783
379 101 220 174
262 287 327 305
222 296 462 4
169 157 990 313
94 331 976 651
157 107 855 57
311 16 926 614
6 1 332 752
88 25 489 915
187 148 895 907
124 3 3 35
117 3 933 351
416 140 651 834
237 357 85 153
327 343 188 226
109 43 40 790
401 73 792 830
341 81 538 246
209 230 539 845
179 114 322 268
35 301 6 751
43 16 672 254
99 87 103 868
280 29 898 743
232 341 159 339
270 78 785 558
406 236 817 457
111 34 424 161
250 98 533 381
83 58 802 542
21 4 625 55
219 217 904 92
235 91 529 518
180 110 88 631
414 220 23 459
87 35 89 268
246 371 180 377
312 92 155 292
285 164 450 348
307 211 349 778
98 64 187 324
374 41 132 282
7 35 374 781
410 373 942 920
217 76 525 383
399 53 448 771
186 20 820 382
221 266 926 26
118 397 678 979
260 68 247 108
177 128 321 987
41 33 39 778
266 274 468 33
262 230 331 750
192 158 818 712
64 63 786 881
403 307 396 773
328 105 457 509
224 356 608 707
52 161 890 303
109 97 443 672
103 48 624 437
274 330 30 336
82 418 838 468
247 276 543 300
336 48 413 816
150 204 956 155
121 14 259 598
297 28 792 787
57 276 654 503
153 46 624 865
340 26 153 834
322 209 500 192
27 10 747 580
359 100 394 673
225 218 888 834
63 101 824 171
218 87 855 149
40 142 368 368
318 120 956 362
324 153 902 118
392 225 137 572
31 29 749 60
46 278 700 233
23 11 818 670
378 311 130 491
94 43 286 50
126 2 554 823
419 159 733 600
134 94 703 776
398 76 733 249
286 352 452 191
266 397 673 343
210 180 962 578
367 301 618 136
404 242 623 753
243 52 446 58
50 206 477 382
94 157 564 786
189 17 935 236
366 10 983 536
410 155 638 913
292 25 707 348
384 314 357 28
340 82 487 385
8 6 985 144
387 267 969 575
161 86 449 265
366 174 423 540
170 331 207 572
419 70 637 744
222 145 698 643
298 33 91 10
152 29 137 217
414 136 112 385
20 4 856 638
342 312 750 924
211 372 218 158
88 87 696 850
153 375 749 449
22 10 13 110
187 235 816 531
48 131 782 956
194 71 503 813
33 31 880 163
402 399 46 879
359 136 346 396
405 56 385 521
193 108 851 829
371 115 141 367
406 45 484 791
360 191 890 926
349 232 420 291
34 21 502 430
362 134 1 104
60 315 911 870
10 242 11 323
350 173 45 31
365 122 101 168
284 155 924 645
74 112 746 897
412 33 215 771
132 119 875 793
172 198 445 354
405 354 719 999
188 184 150 858
370 261 497 870
406 295 131 149
119 127 879 736
37 340 513 402
283 31 504 997
325 57 188 209
127 110 1000 536
196 25 75 7
379 391 21 892
181 79 59 852
162 152 986 855
215 7 564 174
57 150 930 564
192 310 128 565
95 42 8 536
359 288 849 430
162 23 816 633
148 240 654 244
162 110 52 776
387 326 195 256
233 57 852 349
175 370 930 240
240 118 902 621
79 77 938 972
389 370 333 928
334 266 784 915
282 32 545 739
84 212 12 450
419 260 109 817
52 63 615 569
401 25 535 475
193 378 916 345
418 17 200 479
54 8 784 839
251 35 143 869
70 249 317 886
303 167 928 33
4 201 742 503
234 182 857 437
113 28 455 988
121 60 257 897
167 332 195 58
276 103 83 699
29 262 261 87
415 34 299 446
345 62 162 611
396 229 817 44
303 97 630 843
306 93 525 708
360 79 523 682
276 86 896 815
375 268 583 257
307 83 28 308
298 40 682 624
168 250 772 845
212 171 24 644
398 87 221 654
298 4 793 211
382 307 327 799
184 37 432 653
123 59 604 56
99 343 917 756
241 193 894 491
140 76 388 636
391 52 406 545
376 308 270 178
339 242 806 41
308 344 564 585
164 113 779 47
44 2 335 973
391 38 803 611
224 105 25 723
353 99 115 800
186 36 832 309
154 137 312 723
348 265 123 329
222 264 677 421
264 338 714 559
284 386 600 849
205 293 58 622
35 10 597 616
241 270 535 90
108 10 183 221
260 166 44 380
73 26 560 316
76 67 507 173
389 262 542 868
245 95 161 248
16 6 57 162
40 417 161 649
235 368 235 476
117 39 643 813
140 330 491 565
256 348 123 606
295 406 418 510
373 75 356 182
197 16 295 787
59 253 981 743
149 66 980 955
288 276 848 340
399 17 57 383
209 40 93 82
93 13 601 939
57 22 544 46
349 262 722 382
354 269 775 534
284 107 363 476
58 7 442 704
223 193 618 99
93 164 990 856
356 9 290 971
195 1 852 430
71 379 875 564
351 64 245 449
413 180 100 145
211 222 729 132
12 292 901 221
222 288 763 301
262 345 383 583
71 45 933 474
53 44 771 356
162 419 302 156
2 323 646 725
215 115 206 127
404 301 868 523
418 408 993 131
84 372 832 610
81 52 594 783
333 16 408 286
323 313 904 153
93 291 642 280
48 15 287 900
103 175 411 645
68 114 777 510
322 13 862 693
320 411 752 989
252 341 754 516
393 131 975 300
329 395 718 104
3 121 495 868
375 93 139 1000
272 130 99 588
267 190 875 95
14 13 15 648
385 96 340 564
85 132 620 534
321 134 496 447
294 186 408 736
125 76 375 682
413 74 944 374
120 113 105 197
360 17 570 176
159 41 524 510
170 153 666 66
331 177 854 563
97 279 286 579
146 101 64 422
130 240 103 143
19 13 787 779
12 212 932 965
384 316 153 947
142 334 119 304
215 353 575 774
317 164 649 452
222 40 160 652
264 203 810 322
67 203 645 180
89 2 217 256
114 372 642 345
391 2 527 619
115 104 340 382
319 33 361 607
96 262 445 514
160 279 995 150
284 343 909 901
326 97 656 842
212 383 348 541
88 46 719 738
319 114 6 668
53 383 579 484
1 356 927 524
25 22 568 300
21 15 862 983
83 282 611 552
344 38 480 914
66 1 797 854
120 158 263 441
241 151 204 303
77 26 904 491
65 42 986 626
54 328 712 258
202 388 587 863
343 376 910 869
205 185 965 835
345 171 474 638
145 89 511 999
355 141 700 573
258 143 407 600
311 44 462 395
199 177 860 944
188 41 478 573
313 50 591 725
237 181 548 947
253 183 214 877
286 151 312 66
317 79 265 467
41 185 86 431
173 132 888 953
104 30 58 930
246 219 387 393
137 126 573 620
415 272 596 88
339 239 966 826
129 56 232 483
309 367 770 133
354 161 214 794
239 237 791 505
398 236 739 945
60 318 514 697
127 183 583 519
250 1 509 862
394 355 285 501
194 221 358 304
258 178 981 138
6 23 334 800
29 172 752 657
362 31 840 246
95 401 886 492
315 11 59 928
53 27 616 29
100 189 925 272
313 119 102 991
105 357 279 364
235 62 449 508
420 418 536 497
342 365 858 993
167 210 439 972
150 35 391 42
145 93 733 749
243 382 516 974
303 210 940 591
112 72 177 178
15 179 71 760
360 136 456 16
247 204 996 797
126 229 740 792
341 302 52 536
230 398 759 215
301 185 772 51
178 246 113 197
258 235 302 492
89 313 712 228
26 74 767 185
252 153 459 410
275 205 373 753
194 147 587 539
382 131 556 291
223 26 170 886
412 94 822 143
328 78 37 823
73 72 234 316
205 239 158 534
212 258 153 909
350 63 681 874
96 420 791 453
4 1 968 559
262 62 664 702
210 53 649 593
316 299 271 726
276 141 293 409
70 219 2 233
144 139 129 870
297 416 855 774
198 98 146 63
18 174 875 64
81 221 483 182
406 120 374 872
107 18 286 746
226 158 53 531
183 279 882 24
105 55 243 61
283 327 454 848
57 267 149 815
54 39 807 885
3 1 382 321
402 370 545 738
316 71 506 8
11 1 791 393
312 383 790 211
275 121 573 796
186 133 640 947
9 2 322 270
280 164 68 143
248 328 51 779
139 1 724 374
208 401 385 649
121 39 458 126
162 389 691 363
378 293 941 13
33 43 915 6
148 71 630 643
231 183 776 744
125 336 616 486
253 393 369 554
241 324 182 941
331 60 496 354
340 11 759 27
70 26 584 642
78 68 949 682
230 184 992 568
219 47 150 555
417 322 755 777
212 59 646 368
280 86 758 214
259 1 811 345
194 67 20 970
387 194 480 160
24 413 433 667
411 117 775 856
310 283 46 308
117 379 861 558
406 53 810 688
204 203 668 583
359 92 445 282
355 314 551 598
67 53 755 376
263 97 643 851
323 284 273 491
332 293 793 473
174 18 55 454
37 36 875 596
304 137 698 285
43 221 129 749
346 60 760 682
249 100 69 732
368 147 273 753
148 112 660 306
372 61 608 435
192 305 143 199
321 352 420 750
253 413 778 412
189 165 814 904
148 40 492 177
240 23 216 282
152 80 945 150
107 310 923 30
74 63 973 171
374 77 581 402
327 229 306 33
379 33 688 922
75 302 644 477
417 147 163 225
411 259 577 332
45 17 366 6
22 172 566 432
27 56 662 933
369 24 699 410
296 232 242 914
226 222 943 541
82 4 169 991
159 43 340 903
48 231 593 17
220 39 777 748
160 299 135 999
286 283 138 928
409 125 52 384
333 269 236 221
6 39 922 256
298 365 180 843
365 85 469 439
292 169 929 583
96 9 352 331
167 225 279 451
309 172 727 223
112 41 207 716
391 300 796 415
46 157 657 767
349 146 57 357
212 175 140 502
163 121 651 702
378 390 12 289
214 257 467 621
205 112 316 713
312 286 806 984
91 55 572 211
116 28 124 324
245 251 905 174
347 212 213 895
25 356 934 83
61 28 95 140
378 360 160 232
152 118 912 287
278 404 733 617
245 20 383 185
279 176 723 195
46 84 214 940
353 1 205 999
232 114 785 788
299 42 829 702
44 202 307 933
47 20 842 71
247 53 195 169
118 190 367 765
311 224 654 594
28 10 829 117
249 275 310 921
389 245 512 174
344 158 881 532
295 8 416 601
172 90 509 417
45 260 92 802
369 317 474 582
59 44 986 434
397 382 276 701
408 238 635 301
69 45 158 588
29 93 729 394
390 265 817 701
85 275 408 490
200 70 951 155
85 75 852 397
126 314 257 46
216 122 748 650
90 64 721 809
63 51 384 487
345 255 680 312
176 75 77 370
125 218 521 5
36 24 400 573
286 69 764 364
407 105 302 243
136 147 983 554
38 273 371 900
23 215 355 827
398 363 513 55
167 155 797 429
73 407 235 256
411 42 895 553
330 20 605 783
342 251 831 444
220 37 833 902
279 329 439 618
393 186 168 298
90 89 348 989
362 296 642 473
159 144 904 106
146 103 847 242
213 287 246 241
91 135 578 297
108 278 27 580
229 353 952 741
5 182 239 223
254 32 815 849
358 346 631 645
131 50 801 992
94 37 533 122
200 313 459 544
295 218 381 553
169 89 136 176
360 246 641 918
220 161 485 782
190 118 978 564
46 10 608 235
218 274 430 489
355 348 499 951
43 8 655 259
66 74 42 545
352 83 640 847
36 294 353 179
406 398 98 260
171 159 704 883
70 250 50 675
113 61 822 292
219 95 943 584
332 285 637 155
361 349 159 998
334 319 251 200
7 250 39 657
313 326 451 95
133 46 565 560
111 318 904 282
244 318 846 934
265 243 739 392
21 207 745 833
122 15 563 97
357 240 889 685
294 222 414 32
128 92 959 703
166 94 220 344
282 9 694 858
362 184 686 447
228 2 279 977
138 29 478 596
263 405 693 734
403 304 606 391
14 216 182 524
18 98 868 304
317 161 452 272
65 176 53 130
130 419 486 500
84 46 304 531
332 288 923 817
259 9 134 195
341 38 409 41
176 169 11 592
29 369 118 206
324 135 892 769
305 10 885 83
55 20 814 410
115 76 483 25
227 372 529 983
97 273 105 49
297 132 650 953
175 57 941 884
102 14 218 650
108 362 353 359
345 95 340 266
125 15 547 3
288 53 341 143
265 256 394 357
403 259 729 676
10 5 53 244
156 353 451 980
386 43 770 184
92 334 1000 20
116 43 661 161
406 143 70 288
63 291 75 960
385 352 983 775
290 155 794 153
179 67 146 760
336 354 667 636
338 265 507 594
217 263 73 6
392 393 572 461
291 66 732 365
100 356 789 465
63 34 611 9
262 172 958 643
120 12 225 627
274 80 908 633
166 131 612 597
329 245 763 970
305 67 297 501
110 228 951 4
201 159 202 433
237 145 275 716
375 68 537 994
185 68 6 807
131 45 365 382
173 112 570 619
380 245 350 673
115 235 841 974
145 388 106 326
115 201 811 522
159 39 478 194
199 150 446 252
262 183 274 653
327 147 212 755
265 89 477 396
158 374 820 749
226 182 573 907
101 72 574 920
9 78 24 470
284 14 232 668
140 349 51 315
303 68 559 989
40 260 261 741
310 201 101 286
403 31 758 576
235 39 983 831
69 151 7 995
200 28 665 838
154 36 463 167
91 155 125 450
9 167 691 902
308 178 295 417
107 15 491 233
234 27 684 893
17 13 826 693
236 216 107 82
106 71 983 260
325 281 362 680
254 333 706 934
38 25 643 580
79 213 574 447
177 360 516 196
202 88 291 798
48 406 444 945
341 175 625 783
188 243 738 266
142 311 415 141
155 95 943 607
301 274 643 594
252 221 755 201
291 318 696 245
45 37 184 404
165 132 601 102
8 121 3 553
338 326 331 283
