20 50
19 9 691206804 986540349
1 12 864251435 904317196
3 2 629917297 334487377
6 3 333981003 591036347
16 5 841829824 137037153
13 3 981677744 290805743
7 1 910039558 848703135
7 2 948792159 387997605
11 4 101021331 749328095
16 15 171882723 627750524
10 2 578077993 114557900
17 6 812578179 856995396
10 19 435952422 593673081
17 14 971366512 756655584
6 2 970081716 526252860
2 5 758507614 582698058
5 4 690108530 893221947
2 1 823886454 157204164
11 13 334430347 830252019
11 4 480419815 861898298
12 6 794799251 194333109
14 4 917047977 828985860
2 14 222224237 470031058
17 13 935910676 231070858
8 10 695580854 656774070
2 14 901899703 902282768
13 14 934720676 620617244
15 8 386928935 198193256
8 4 172932886 216555768
11 8 827189811 738365673
9 4 748145538 171757112
9 19 383583655 404779879
5 4 711117724 894528711
20 6 140788135 719716419
7 9 853744044 314599678
5 1 963114404 695605559
9 17 560314078 397034883
20 6 824144105 953792290
16 3 428997657 580589025
3 1 926689150 566064320
13 4 898960490 394220586
18 15 643834481 989280935
20 16 226492356 764010391
7 6 262258002 967857039
4 2 758134573 611309854
11 12 488780062 240981828
14 5 754429969 155987686
12 19 578628188 553283836
19 8 152389606 578379327
12 20 942452610 897292885
