500 2552
92 49 51 157
209 404 422 83
287 347 602 87
160 111 613 991
492 24 642 966
421 472 71 956
277 313 219 869
195 222 847 935
365 344 954 206
237 3 684 916
9 357 558 274
90 15 243 348
266 379 905 687
434 414 438 597
409 467 680 437
85 64 785 669
115 497 321 804
358 77 525 406
322 323 949 138
54 340 872 46
94 36 920 645
478 130 490 621
164 196 588 265
215 113 278 781
373 76 301 227
281 96 922 974
279 57 595 45
408 195 962 302
427 2 65 78
298 160 146 63
53 293 596 647
309 422 9 608
21 12 625 559
446 259 79 358
183 310 41 89
338 14 394 472
240 123 121 873
103 26 753 403
62 325 46 241
99 335 399 164
105 335 602 860
432 320 526 329
50 34 34 189
3 42 382 131
324 43 365 679
12 1 866 910
139 213 425 54
17 257 521 849
472 351 1000 781
106 178 119 227
251 163 154 325
476 21 854 962
94 179 240 913
107 142 774 651
150 286 822 526
496 49 243 388
318 66 738 299
353 56 995 353
18 158 859 425
260 494 375 288
492 175 782 749
292 297 968 527
304 444 915 738
328 322 936 474
307 58 466 944
499 50 766 319
444 439 472 958
215 435 540 180
375 428 467 516
183 363 787 672
206 156 776 754
193 227 756 723
13 127 478 253
400 307 410 223
288 310 731 788
219 383 708 733
490 202 51 304
33 268 952 540
233 488 410 68
159 132 214 647
389 23 261 607
24 68 152 37
102 248 734 150
275 72 352 754
287 385 372 243
207 475 832 746
1 192 592 347
457 215 168 68
104 21 853 414
379 348 242 618
37 5 273 411
472 474 998 246
336 357 720 415
402 285 800 675
190 89 957 20
23 287 217 563
28 118 620 118
314 98 553 481
372 148 189 581
370 298 384 508
35 243 857 847
342 454 155 999
419 102 899 623
93 237 785 269
138 453 322 959
171 400 500 773
478 482 656 390
105 348 584 138
367 413 799 1000
208 137 80 728
129 219 352 360
11 9 892 273
29 16 107 327
445 343 568 495
13 164 365 104
379 470 354 863
207 495 814 242
307 445 199 184
482 426 8 216
493 230 595 64
475 181 280 108
458 70 484 966
278 191 241 744
274 38 317 450
157 400 153 828
463 365 268 105
349 288 2 189
141 111 624 782
274 113 552 620
337 10 305 209
127 1 246 758
423 226 876 851
234 383 920 116
323 279 184 92
241 157 928 621
374 28 368 64
257 420 835 503
472 121 77 84
239 344 787 3
385 394 181 447
296 50 158 195
364 395 766 164
314 55 409 243
93 466 677 827
384 346 718 265
94 365 757 727
138 342 974 303
441 122 169 419
47 233 472 387
88 165 11 687
310 13 825 124
129 468 569 405
154 111 461 809
103 477 876 832
335 369 293 521
497 194 294 402
456 185 983 697
311 225 654 748
350 15 996 973
264 24 518 607
434 47 812 191
163 125 129 417
65 414 241 637
174 445 212 265
204 367 470 548
354 303 349 400
402 44 558 671
180 96 980 722
148 362 179 7
431 373 133 596
244 192 644 380
350 336 1000 688
314 405 875 28
349 301 530 828
482 319 522 985
10 304 935 76
137 162 516 139
176 216 390 107
462 443 616 439
40 399 608 677
52 47 594 798
489 273 543 10
84 4 4 158
414 392 66 631
299 145 509 919
46 493 413 266
62 7 203 34
276 480 147 275
192 50 944 570
270 12 930 150
230 92 320 524
136 215 432 737
389 482 776 928
224 468 750 688
233 48 761 27
317 190 293 652
336 115 558 815
5 419 905 482
99 397 635 699
472 253 409 721
261 23 817 535
44 313 599 601
52 368 932 538
103 105 880 479
37 283 806 639
36 500 874 668
130 67 25 499
232 333 454 150
269 411 656 555
130 77 15 176
183 397 192 543
81 408 57 242
224 48 339 278
112 424 599 11
67 246 493 243
334 214 171 595
292 104 637 153
324 114 887 921
4 296 855 895
117 65 579 591
394 164 372 11
188 420 86 598
346 181 700 649
255 158 749 823
163 272 41 688
273 23 226 536
258 42 434 569
282 481 927 299
191 400 347 332
457 3 11 819
248 181 179 885
89 71 455 422
416 169 544 856
134 186 962 85
142 94 632 583
81 29 6 71
392 4 500 278
14 369 233 822
188 157 14 348
323 360 650 991
457 225 525 23
252 238 253 55
294 196 801 190
300 84 855 792
244 334 262 637
114 444 430 840
183 342 571 54
333 229 782 634
383 54 31 576
26 11 526 692
135 38 363 78
32 464 473 986
439 239 501 833
155 80 15 15
53 272 52 863
382 223 139 872
416 333 679 550
444 303 680 839
482 360 669 347
365 151 310 519
428 342 303 169
438 399 258 504
121 470 75 507
469 359 429 790
190 96 454 867
285 323 87 229
328 282 163 923
474 60 162 96
283 359 16 508
165 453 110 43
191 137 602 596
99 395 877 102
438 333 5 155
121 210 969 44
253 364 441 550
41 345 824 175
238 232 943 598
2 229 935 662
406 464 373 554
224 165 581 413
310 319 756 903
90 379 398 743
110 211 346 276
339 93 473 745
67 182 665 682
426 33 601 608
123 32 7 359
169 150 230 591
212 122 570 502
228 180 789 954
254 11 885 191
355 489 111 408
335 294 248 218
236 110 309 64
354 141 471 650
71 325 179 10
89 13 258 927
233 72 924 809
76 410 109 644
31 11 839 66
386 291 640 943
60 363 735 417
8 5 641 419
371 218 349 480
263 206 411 261
219 201 390 388
59 194 980 569
183 164 262 545
281 479 77 565
266 498 591 555
314 494 161 266
102 49 321 45
458 48 879 507
379 201 620 700
255 433 214 75
185 240 876 518
269 267 715 826
387 439 471 414
374 80 331 312
296 274 405 134
284 173 709 319
27 90 907 367
328 348 907 456
291 198 443 26
326 87 56 233
129 248 712 633
192 367 454 11
253 287 738 2
394 75 58 876
474 13 452 333
159 14 53 122
265 472 40 523
28 17 506 522
419 385 163 413
265 355 638 984
437 370 966 508
164 32 340 395
280 271 232 869
108 39 126 955
369 416 915 549
392 441 551 822
318 48 406 248
371 367 262 85
217 154 584 510
500 403 665 186
461 21 300 124
125 113 25 414
180 21 193 137
391 127 513 336
48 35 794 864
404 338 699 983
74 109 139 678
383 119 286 45
44 298 199 279
234 8 214 480
312 261 611 485
452 231 992 672
278 27 111 681
142 406 429 784
408 311 247 440
23 307 898 165
261 330 844 278
377 407 545 511
111 481 263 47
493 317 384 884
235 3 145 638
284 465 399 370
425 355 421 473
135 94 875 249
322 286 438 884
390 460 11 792
423 382 883 700
248 394 136 401
78 442 287 724
429 492 617 500
279 489 858 465
255 129 968 192
128 354 130 933
133 161 334 652
322 496 376 520
390 196 283 521
381 68 26 867
455 133 960 192
151 56 190 567
113 112 484 17
332 14 481 69
264 93 985 123
17 266 519 245
2 48 646 668
56 497 693 591
375 123 811 1
487 87 794 691
389 227 431 1
346 266 723 946
288 458 602 121
291 238 984 619
271 77 824 244
462 91 751 275
329 52 112 784
163 1 379 945
1 336 656 468
474 385 139 865
66 498 177 631
188 2 316 926
305 183 270 914
401 426 688 490
396 103 996 422
156 405 851 790
326 53 583 977
26 206 256 742
339 424 883 765
320 59 909 944
105 71 561 182
242 389 93 90
43 231 44 14
262 414 57 681
224 166 277 175
193 492 183 495
288 281 611 87
405 357 184 983
51 460 721 703
450 423 578 919
20 401 635 998
344 349 683 370
243 33 523 778
114 373 518 403
357 2 639 320
462 437 381 199
137 177 881 609
140 112 6 609
89 498 956 838
300 280 117 744
239 331 892 410
400 283 534 960
416 438 339 379
460 424 892 924
443 355 288 224
434 220 64 834
372 500 162 394
307 497 440 406
386 67 290 465
273 171 301 175
459 226 773 592
424 172 11 885
35 21 870 629
169 60 428 241
103 403 465 787
383 499 326 392
330 229 390 994
124 54 842 386
153 156 437 476
55 25 427 353
327 126 25 533
465 367 688 790
302 421 594 728
233 419 869 134
40 142 177 345
119 10 876 899
412 8 540 515
216 214 372 130
425 420 906 655
177 278 423 422
351 120 830 288
285 323 193 780
434 337 351 101
26 247 467 589
490 477 121 759
29 268 864 266
486 200 336 681
453 353 213 779
304 117 700 94
136 20 544 508
85 128 143 877
432 394 331 91
283 469 244 535
183 180 903 129
486 177 487 868
355 15 790 205
31 222 775 306
108 238 386 295
452 47 819 999
207 172 899 47
343 143 307 541
499 251 570 625
5 55 2 290
369 315 667 83
268 250 56 584
375 159 152 909
484 96 783 102
303 243 452 704
415 492 26 696
250 29 433 58
297 47 154 578
38 64 831 840
428 190 183 465
135 288 164 776
130 28 916 597
132 335 527 478
64 216 82 228
354 464 221 870
59 471 316 921
441 437 871 809
276 204 931 637
375 428 481 800
304 387 609 148
25 6 355 37
87 400 523 212
170 31 162 844
91 384 452 439
31 11 978 514
124 261 817 2
429 410 823 765
436 54 42 527
197 441 126 561
468 117 244 320
429 492 907 612
182 302 991 195
482 60 43 696
34 2 498 317
252 133 254 980
265 139 767 679
141 384 878 227
295 360 849 596
336 480 992 990
322 484 179 52
35 385 1000 613
10 7 125 381
493 67 620 270
216 381 370 940
277 392 776 8
339 33 717 18
186 10 876 44
272 327 823 359
134 214 143 1000
272 63 287 245
173 210 421 553
177 349 360 842
28 168 575 772
411 177 279 635
14 10 410 198
141 60 470 22
465 310 743 105
416 76 543 846
264 53 805 872
203 35 864 735
106 437 243 356
186 300 143 696
343 371 127 353
79 126 224 692
110 285 658 785
469 485 527 631
92 367 803 174
330 48 835 657
162 254 420 188
30 23 747 174
320 334 328 764
178 111 88 489
122 65 638 480
357 19 900 694
111 84 862 880
303 376 535 840
479 264 804 129
4 2 149 282
84 3 662 925
207 341 301 139
6 4 840 582
493 482 265 197
185 55 348 439
422 42 63 987
491 329 885 910
293 172 441 396
389 194 899 227
21 370 487 55
44 105 730 129
375 93 323 164
463 480 411 83
383 280 874 213
2 1 315 710
238 231 296 206
470 287 477 755
299 287 907 700
135 499 995 414
78 269 514 213
94 20 96 718
62 26 45 161
99 197 964 968
28 176 873 9
379 169 229 664
115 99 36 396
352 168 314 148
461 92 396 466
153 42 384 748
259 340 899 508
165 16 292 956
282 170 225 798
194 138 625 39
354 434 494 866
299 73 322 468
371 191 166 565
277 151 21 247
277 264 84 392
55 33 691 636
144 83 481 320
34 6 894 880
394 29 15 138
18 165 138 432
289 417 412 361
111 380 391 507
240 222 614 306
127 323 968 691
358 482 550 607
244 145 709 250
395 171 509 517
482 60 829 259
236 229 544 262
254 14 70 835
486 440 702 771
51 239 336 632
69 53 903 139
226 313 112 8
355 35 731 834
267 279 357 838
61 19 468 496
119 476 663 741
456 279 426 136
281 3 694 411
46 231 196 692
291 109 841 111
274 196 633 972
232 139 306 810
141 37 801 929
81 244 513 61
156 332 929 340
348 265 977 927
137 92 309 677
358 378 522 980
50 171 510 940
134 195 967 421
98 263 869 621
113 442 233 186
8 338 98 51
41 27 16 163
382 284 33 440
461 440 497 663
451 94 872 424
81 349 940 251
437 416 603 701
491 340 26 692
381 25 405 138
386 85 648 416
456 210 996 317
391 46 341 775
105 222 982 548
454 302 99 505
332 121 529 601
44 93 181 471
203 338 993 511
74 264 172 534
443 492 362 956
54 105 861 696
112 471 547 260
112 43 304 393
497 39 808 649
439 53 692 232
220 444 108 260
86 386 381 331
429 22 916 454
202 263 416 192
458 266 269 164
3 1 938 91
464 100 13 219
192 163 537 673
56 34 455 848
115 415 724 233
405 348 941 565
222 126 298 222
333 273 754 534
189 147 656 490
411 220 787 463
229 82 7 88
151 337 692 546
24 155 960 163
239 249 361 348
242 18 178 281
131 126 371 161
308 126 810 316
408 181 132 636
305 168 689 975
491 461 836 286
417 277 410 650
477 6 494 715
211 54 269 803
110 100 830 24
404 353 917 379
288 372 63 592
261 52 700 78
171 385 852 253
315 258 334 470
79 263 37 692
373 337 48 271
411 248 41 750
57 478 275 512
227 340 732 23
288 258 19 717
224 402 942 615
194 108 138 202
383 44 899 524
277 61 291 471
331 147 450 323
17 333 841 855
223 182 476 635
189 91 182 978
28 498 496 2
185 104 120 273
215 164 455 422
307 33 594 389
5 297 304 341
472 28 408 716
407 246 237 932
341 200 756 10
317 46 759 716
11 164 588 659
55 59 708 634
393 331 184 418
444 197 156 727
96 85 168 239
18 53 843 596
395 293 197 744
70 51 207 167
306 58 897 262
408 264 516 368
434 445 866 975
138 431 949 176
187 118 596 859
236 123 717 54
251 206 506 679
85 167 655 152
53 137 832 439
132 80 291 986
461 491 829 678
211 376 528 849
164 487 158 699
22 429 79 301
212 183 927 765
43 89 95 733
414 180 523 259
99 218 533 758
219 272 759 555
350 241 856 943
110 408 881 888
296 380 928 638
263 335 709 236
9 84 429 899
381 222 49 540
141 115 843 352
101 167 793 385
446 406 374 10
325 271 809 954
54 336 493 547
376 365 819 181
185 270 572 967
463 43 580 445
47 29 44 510
483 187 582 80
143 476 390 853
443 214 896 126
299 257 674 438
374 439 241 802
76 9 45 663
384 190 465 999
237 493 751 928
393 198 834 565
188 280 744 514
177 130 851 165
10 322 220 574
98 16 697 648
183 40 105 433
140 179 611 546
231 164 729 433
31 241 184 877
209 30 691 608
60 307 204 76
48 476 465 935
199 162 652 206
93 410 967 286
441 211 543 995
108 229 872 11
62 22 297 319
240 293 935 571
487 254 993 975
497 369 276 337
323 263 194 474
188 186 391 448
418 217 435 523
415 413 689 755
437 49 694 202
201 42 454 225
223 104 423 913
484 43 38 269
319 87 471 443
297 337 372 78
251 94 737 72
434 470 702 66
74 17 508 68
176 98 766 261
282 260 702 927
139 131 399 812
286 151 758 749
433 347 472 588
29 433 526 580
128 127 41 948
255 284 456 486
499 455 734 146
239 48 595 626
80 60 412 897
438 362 886 452
428 255 472 922
182 496 203 224
447 210 730 819
139 311 284 284
136 433 875 939
106 72 846 985
232 299 844 454
456 153 800 726
112 68 868 867
63 161 661 426
443 74 526 656
147 231 378 927
78 175 844 340
440 25 931 801
347 447 301 186
415 384 3 796
175 71 808 58
99 318 697 37
477 390 735 243
114 69 355 950
293 150 611 195
136 51 208 541
23 3 503 28
234 242 351 605
168 65 779 111
25 463 947 468
436 109 48 771
136 481 909 746
339 268 557 490
61 442 857 209
467 8 356 673
170 164 923 408
379 8 658 388
186 316 39 832
315 5 804 341
327 182 850 813
441 65 419 583
455 493 269 326
34 233 528 850
468 279 884 135
225 471 297 385
469 136 291 488
283 77 298 46
81 14 924 683
281 191 759 18
72 383 364 244
377 69 815 660
385 7 680 361
403 146 936 549
354 148 945 506
210 37 265 619
75 14 339 872
15 339 563 67
426 192 444 419
489 381 703 319
308 241 91 977
328 436 406 643
214 50 934 605
398 239 618 738
300 334 737 225
152 44 399 427
460 28 851 945
350 69 930 253
481 256 56 152
494 67 616 557
163 33 920 734
358 328 867 506
230 363 397 974
365 30 486 797
260 161 956 209
340 308 205 576
81 8 103 443
108 444 776 904
363 183 607 240
227 166 41 730
227 14 658 153
414 163 572 41
400 345 893 673
330 159 405 499
280 420 20 285
8 442 243 365
167 201 521 904
218 255 159 908
387 4 298 879
329 126 588 832
167 457 74 264
193 238 699 565
460 242 962 966
72 494 703 465
497 117 953 18
141 101 771 978
387 289 261 706
269 454 183 3
111 6 240 5
64 462 497 57
474 250 349 274
473 418 947 902
128 197 245 420
225 335 422 635
158 87 193 616
235 177 847 67
307 171 854 244
259 488 376 388
345 239 893 258
197 129 740 354
161 4 9 876
151 476 366 715
419 313 730 378
193 202 135 967
122 412 49 951
431 361 673 425
178 41 93 287
354 314 735 704
86 193 828 254
166 259 862 974
189 196 758 531
297 208 718 367
376 476 2 446
59 265 404 697
55 467 772 219
152 289 675 979
421 252 209 649
219 195 954 800
497 167 56 541
156 134 362 689
95 259 896 817
66 392 712 883
284 70 551 152
217 69 995 987
101 57 351 381
340 22 802 640
280 473 759 61
118 459 471 590
119 452 265 554
418 141 917 423
368 436 350 441
399 383 534 914
449 341 132 409
335 199 46 23
348 99 987 142
150 132 243 58
175 467 437 829
455 498 400 916
447 398 162 54
71 108 449 980
252 31 495 66
413 84 589 369
366 246 309 977
58 56 729 872
270 262 179 747
320 2 30 613
437 386 309 741
61 82 375 387
220 413 815 524
450 103 562 758
188 117 24 335
459 448 873 366
446 168 551 554
485 39 997 267
173 224 200 563
460 304 996 973
55 25 757 388
143 362 588 215
193 118 167 706
118 388 706 378
438 219 600 351
473 199 765 370
44 7 61 444
159 130 454 120
445 54 499 532
458 278 855 184
160 497 858 82
294 21 727 397
315 338 209 677
424 478 242 67
359 40 299 301
411 436 268 924
87 393 672 980
489 182 160 795
324 389 76 484
55 46 657 760
292 282 144 696
484 310 34 79
485 245 328 811
142 192 323 749
168 137 733 263
181 182 488 105
377 150 403 989
495 444 101 384
361 13 397 239
56 65 975 596
220 252 387 10
102 274 605 943
425 267 646 375
412 498 419 852
217 300 485 753
34 215 272 691
11 144 49 19
91 263 188 328
20 207 892 576
145 431 351 355
26 431 372 767
393 369 197 781
111 197 946 41
88 51 580 477
140 295 667 695
335 63 566 114
312 293 807 967
260 129 556 787
302 415 836 383
360 253 996 172
116 330 325 148
294 137 858 308
82 36 246 223
315 13 444 199
112 148 760 949
154 247 742 759
305 458 231 653
334 62 326 806
287 254 365 172
389 227 714 880
171 305 408 975
388 19 785 680
309 73 697 323
392 352 957 485
199 33 516 109
225 321 97 797
148 192 311 378
140 10 174 159
263 293 631 430
100 205 148 390
472 490 317 430
46 267 930 384
445 139 160 757
499 329 414 888
344 145 262 216
449 17 299 827
376 146 833 789
213 109 811 48
49 375 365 858
264 111 259 917
302 103 497 660
134 166 742 543
203 140 853 30
406 245 335 636
397 345 949 942
57 69 306 458
166 407 763 76
271 79 912 466
286 211 60 16
239 232 237 725
227 367 227 836
196 334 557 912
79 172 506 764
90 466 192 402
226 381 416 379
167 2 273 66
395 287 802 905
182 377 183 367
459 499 899 750
323 166 708 991
194 43 375 74
86 307 463 229
105 263 280 509
219 328 967 408
205 384 122 803
294 473 964 339
81 411 552 799
387 454 758 604
153 500 197 668
7 5 310 1
392 365 663 45
190 412 778 488
66 45 712 244
212 90 579 932
141 207 991 578
167 86 31 953
83 43 208 142
249 27 901 751
107 130 382 826
172 234 829 174
360 432 982 877
405 482 525 644
383 258 615 806
373 177 642 76
133 14 682 904
11 328 633 719
248 478 829 351
107 141 681 258
203 305 65 22
215 61 901 400
173 21 674 230
1 324 449 756
307 416 196 130
9 8 191 138
500 266 972 328
141 401 750 62
254 291 556 658
457 404 197 769
449 325 505 920
481 480 408 143
339 240 878 643
467 477 560 971
255 447 778 445
289 143 60 731
352 425 127 7
283 124 870 526
465 103 721 600
232 349 859 345
290 370 863 545
123 236 2 761
240 231 777 3
422 236 148 130
136 134 150 241
246 281 656 52
484 251 924 629
260 376 626 825
430 163 192 109
304 14 568 362
450 294 876 998
206 18 233 612
289 396 979 487
248 91 730 338
410 384 777 839
427 2 974 490
49 427 175 984
500 154 210 644
401 317 826 67
112 115 260 131
170 25 880 857
466 106 905 368
141 315 327 180
491 334 9 427
241 110 494 557
337 293 707 339
307 481 715 286
323 194 771 314
173 81 471 558
146 62 336 285
380 116 33 687
295 104 419 63
12 264 251 151
342 157 151 581
223 148 497 914
132 249 857 975
72 32 837 466
482 179 753 598
496 17 558 578
464 7 950 601
95 250 370 601
7 482 748 935
310 337 57 520
255 52 963 274
62 100 336 967
123 233 506 496
450 73 761 429
31 179 947 413
379 290 314 828
214 203 7 791
181 149 60 933
309 47 135 773
363 84 68 696
447 407 241 464
90 481 953 72
235 398 667 445
129 127 284 749
237 214 239 42
344 223 707 943
480 385 292 1000
177 331 34 598
469 271 110 641
482 304 334 658
28 70 483 506
87 272 507 436
111 444 702 152
225 78 652 170
98 22 606 889
69 412 779 21
99 289 26 834
295 317 948 345
7 57 463 532
418 170 500 340
46 14 149 559
245 240 285 52
374 207 435 185
333 465 821 788
436 398 417 394
307 451 27 690
399 311 615 377
186 274 182 811
74 363 574 27
383 326 697 574
169 227 25 602
32 494 141 777
309 148 441 492
324 486 214 67
196 447 755 223
107 351 788 638
451 101 982 161
437 8 661 381
97 241 195 839
403 418 597 478
138 28 409 415
260 61 347 30
387 350 126 326
353 94 292 372
276 174 96 468
264 283 448 595
139 415 410 679
407 88 25 287
64 19 203 496
222 84 140 847
86 38 310 759
195 34 598 43
133 420 79 347
407 152 661 103
175 295 222 945
3 170 320 106
275 415 492 725
488 453 297 503
243 31 181 754
184 53 522 708
244 82 658 344
9 482 681 906
403 427 951 148
251 122 476 836
365 42 813 95
60 160 539 698
448 362 552 492
445 47 66 320
151 72 375 686
295 114 77 391
249 421 880 882
420 27 433 737
316 385 579 527
160 228 703 456
493 267 389 158
178 415 499 193
293 123 524 501
68 58 599 978
29 318 326 478
290 424 698 155
357 311 956 880
22 275 746 638
292 42 923 583
493 196 777 881
189 484 679 42
316 441 532 894
132 151 959 736
22 318 633 376
76 5 563 362
327 473 957 317
401 175 961 705
152 362 885 662
62 454 539 113
92 326 52 234
111 458 62 851
115 180 843 640
499 259 363 456
204 116 331 371
328 248 618 596
116 441 384 744
85 485 580 346
448 355 202 858
54 14 40 838
459 373 656 779
109 286 430 537
196 45 547 625
498 422 411 264
124 342 231 978
314 472 586 44
341 302 245 468
408 397 107 842
413 80 314 672
41 191 644 362
116 36 320 184
348 339 401 39
403 70 558 439
41 20 66 400
111 3 100 807
402 282 930 852
85 174 604 700
133 38 682 63
2 206 21 842
368 43 658 595
330 305 731 784
90 26 585 816
416 85 172 881
298 137 190 322
459 322 983 864
32 481 584 538
416 462 656 449
393 122 956 641
111 29 991 796
93 61 353 756
21 198 336 351
69 317 195 61
488 387 656 896
95 63 265 899
495 116 594 283
93 431 753 496
481 47 363 429
355 309 442 632
267 229 94 513
150 117 42 209
163 489 281 345
403 490 109 302
56 477 695 953
401 77 720 828
342 296 885 259
103 46 531 898
319 83 730 11
80 401 522 227
150 402 284 326
466 419 237 245
31 124 100 983
488 19 576 700
354 67 90 476
273 109 776 711
326 281 506 611
430 121 200 626
110 91 804 787
220 89 749 359
133 76 254 748
474 353 767 539
412 353 863 544
131 21 215 291
383 338 369 316
39 155 690 377
209 225 950 174
407 112 751 646
456 165 749 710
427 272 327 227
96 403 734 336
113 321 507 586
382 173 424 971
444 494 551 39
61 26 753 491
53 379 239 275
284 485 760 734
75 195 192 509
289 305 916 473
74 394 945 981
108 234 350 580
337 452 897 710
78 36 801 569
47 132 146 898
348 24 148 957
393 16 134 371
491 97 933 956
275 413 390 201
32 6 729 741
274 73 999 404
342 269 93 521
61 455 787 364
174 25 960 664
101 43 454 145
19 360 471 724
493 464 127 20
293 478 605 536
28 299 785 743
442 241 778 856
472 274 673 446
164 442 657 570
71 364 747 600
478 348 10 967
351 48 325 808
343 47 619 579
474 459 589 905
234 128 509 316
294 190 782 600
374 451 452 75
147 14 532 930
332 72 774 517
15 8 761 284
458 233 682 608
5 411 637 495
164 258 750 294
216 177 316 415
235 222 27 815
42 438 501 346
227 381 669 796
188 282 984 703
60 495 885 125
177 446 119 779
32 17 846 232
157 447 288 332
143 112 554 83
463 485 990 943
99 68 378 168
29 468 108 191
485 88 263 922
248 200 984 15
128 36 386 607
495 496 124 346
202 100 980 341
415 482 4 734
306 129 475 744
133 115 167 539
237 217 880 438
354 364 232 54
179 286 298 988
316 442 866 159
437 475 491 123
297 179 378 6
88 486 769 223
50 228 947 407
119 216 322 516
349 49 104 867
85 234 26 787
467 452 35 62
377 77 130 780
88 404 426 708
59 254 440 230
383 429 128 68
483 80 481 454
146 16 489 691
234 433 751 310
390 31 115 646
174 143 40 226
416 86 109 472
268 402 736 741
162 5 781 607
494 442 935 134
12 362 666 270
256 329 521 423
117 2 510 884
375 333 931 79
30 389 230 179
436 392 762 718
132 114 329 530
253 324 169 276
308 347 710 366
137 131 27 314
93 151 535 591
430 25 186 670
269 241 572 151
323 322 575 106
66 47 997 995
60 125 33 622
271 24 995 93
396 174 659 305
66 70 581 999
273 210 906 510
475 229 549 761
367 26 584 2
306 48 354 974
97 123 706 999
219 138 282 909
429 190 317 897
403 199 933 257
378 75 269 722
239 58 784 963
319 73 87 257
221 107 884 759
109 384 496 924
400 264 637 471
46 333 558 689
238 205 733 509
422 106 565 281
158 180 749 598
122 381 886 569
70 263 501 210
63 34 481 972
340 172 104 196
269 227 112 510
414 67 800 444
337 422 724 815
228 256 562 438
283 480 400 683
76 316 941 407
307 77 464 507
316 158 768 336
397 97 68 818
34 104 153 542
271 412 559 274
275 108 908 534
41 108 415 62
155 395 215 834
436 333 855 533
392 432 709 806
412 360 315 422
36 200 946 935
187 275 404 247
342 320 635 155
374 371 752 89
437 465 672 537
73 58 268 58
275 321 322 518
180 147 130 560
292 19 597 745
174 56 67 514
53 382 157 243
47 165 184 486
15 1 563 883
10 100 766 490
381 117 686 170
379 305 440 828
375 126 765 847
270 35 600 369
315 385 774 266
253 184 191 594
441 92 509 128
206 407 640 899
1 160 658 813
329 264 447 709
459 289 955 260
67 42 269 652
463 300 346 212
7 104 490 655
68 15 180 75
391 402 131 863
352 228 517 791
90 367 376 982
420 37 269 226
201 78 786 534
77 373 833 238
18 459 124 187
345 178 821 26
347 469 27 5
398 333 286 443
200 72 875 668
115 295 478 773
182 116 684 937
106 293 223 802
374 245 414 498
237 304 401 666
484 417 698 836
433 456 981 792
486 358 403 657
479 412 798 579
475 470 508 890
185 180 966 729
23 149 83 422
261 371 215 687
224 373 381 467
478 102 437 658
339 25 60 532
454 207 26 975
199 143 788 707
394 368 129 681
208 447 187 692
355 15 647 975
368 352 589 763
248 2 74 513
495 238 315 722
357 42 593 335
496 90 374 140
284 343 416 880
307 120 101 580
345 3 962 34
254 154 302 523
437 169 88 7
65 181 876 145
477 229 803 108
44 198 751 675
454 356 697 211
276 415 870 349
221 470 556 1
214 169 125 505
45 224 799 75
486 64 530 939
443 164 63 954
216 118 437 711
367 263 268 542
49 7 780 811
280 100 96 880
128 283 471 390
250 252 473 689
269 129 116 433
66 288 475 578
24 313 338 284
21 90 299 955
457 431 900 777
248 225 999 194
62 495 588 657
265 50 649 871
17 7 592 85
375 90 955 163
408 360 939 23
464 184 554 310
51 215 691 633
155 43 337 514
271 131 202 829
50 333 684 12
108 216 11 465
362 113 263 377
134 429 460 40
99 16 503 95
104 106 130 128
6 286 2 220
24 230 11 353
94 384 502 486
439 114 739 8
5 226 106 724
335 54 836 19
281 449 628 13
336 117 198 712
310 259 657 86
152 232 294 238
359 374 590 221
288 486 471 717
216 219 853 752
34 490 552 994
92 85 157 7
152 430 665 739
475 149 445 989
242 78 24 599
42 22 629 610
90 428 484 571
225 95 528 275
216 482 571 49
341 149 126 345
280 10 359 773
231 352 976 769
46 15 597 496
142 87 746 289
162 88 363 80
33 209 754 402
9 304 903 181
411 384 495 527
232 311 682 737
382 13 244 291
463 409 142 252
306 32 506 633
410 42 916 552
321 385 809 2
399 371 487 839
274 96 770 299
290 60 705 905
462 382 818 176
422 347 991 494
434 177 991 557
266 2 760 411
440 426 349 966
198 110 508 401
469 120 224 113
100 78 786 893
125 262 298 134
59 44 194 640
118 381 30 147
465 365 121 40
76 293 678 723
321 223 46 744
228 193 126 129
67 117 397 57
250 237 926 812
414 94 465 841
152 97 884 736
117 455 972 267
78 19 355 156
277 66 651 485
32 8 295 539
4 395 700 605
424 362 846 584
150 250 585 561
273 77 267 935
211 76 988 713
468 30 161 411
19 3 218 870
449 360 463 433
176 440 799 100
40 193 753 502
229 483 810 455
373 394 478 384
205 94 47 783
412 295 393 355
122 70 804 666
351 357 433 437
488 27 460 221
476 232 923 860
62 488 732 735
150 13 12 774
22 5 726 673
329 324 356 186
274 113 883 654
213 373 378 885
317 19 678 401
20 358 537 861
449 327 296 908
148 159 743 222
446 167 83 460
475 76 780 332
262 100 153 413
414 192 723 963
82 96 195 802
372 202 761 324
279 422 844 313
73 162 264 406
47 174 943 769
368 410 156 26
216 250 730 970
329 434 996 741
79 66 588 344
358 325 791 497
95 186 648 133
459 109 764 197
370 367 406 923
353 134 952 386
60 362 88 163
301 388 462 363
352 308 48 7
472 476 545 971
355 349 706 568
333 404 251 138
10 361 869 451
255 38 371 196
70 121 648 486
122 379 486 6
268 72 711 152
116 445 60 270
288 83 761 233
54 239 470 686
252 167 171 88
298 129 171 591
87 31 884 195
234 121 451 555
17 183 508 615
224 63 439 452
187 267 157 753
244 374 48 20
280 390 27 139
193 328 345 205
5 1 204 244
94 322 398 52
122 251 537 601
319 432 519 141
479 115 424 539
120 494 115 379
193 45 384 22
90 346 136 805
86 358 174 622
164 148 437 446
416 8 274 631
79 338 137 14
43 6 933 177
433 297 284 845
433 34 346 508
377 80 356 756
145 118 973 188
435 140 424 197
126 65 327 860
57 17 367 822
149 223 483 39
411 49 670 97
17 108 50 582
420 41 857 615
446 343 20 690
363 189 230 677
474 58 633 884
123 431 878 455
312 225 414 752
353 230 574 345
36 1 256 661
469 403 84 405
300 465 176 866
40 34 918 274
174 106 412 382
456 97 336 152
251 75 369 989
118 57 207 707
499 262 804 124
469 17 212 472
28 65 480 386
124 353 227 444
95 491 23 976
18 241 55 633
297 187 392 399
391 153 922 505
24 131 287 117
250 115 916 531
176 225 858 653
149 8 112 23
353 465 218 777
214 482 941 108
310 149 300 700
112 463 569 958
326 317 165 436
448 4 659 53
308 403 143 504
478 17 710 802
342 3 495 267
120 236 737 727
417 95 175 578
451 396 359 818
494 346 318 3
33 458 527 158
33 18 687 541
410 340 838 925
178 51 886 403
171 33 322 549
436 310 828 544
315 133 161 782
126 434 693 129
306 63 993 560
424 71 10 982
137 344 525 797
196 432 365 657
92 35 492 139
302 437 11 154
300 301 956 74
277 136 920 518
334 381 529 949
490 394 450 40
97 78 656 854
433 439 586 928
27 17 161 169
242 427 651 523
172 14 989 444
201 170 125 305
218 449 720 129
61 52 549 391
115 228 541 418
301 143 807 389
166 135 319 789
107 102 871 205
445 446 482 477
450 114 962 378
484 77 885 95
171 338 226 392
447 88 853 302
235 348 793 202
215 480 433 129
376 466 681 347
452 421 990 67
296 273 78 351
38 458 304 454
322 84 164 448
130 369 895 229
417 53 537 467
3 497 994 759
415 23 473 297
149 63 696 679
245 109 584 501
238 75 4 594
453 5 566 542
38 13 782 559
165 231 813 148
496 242 11 647
351 266 834 740
220 16 491 502
314 113 650 229
498 485 298 799
14 182 803 208
396 303 813 612
112 431 587 241
123 199 433 3
497 49 430 529
316 77 977 702
195 117 591 253
227 80 199 677
443 195 48 210
169 394 919 433
498 219 987 75
369 220 83 203
337 21 325 25
457 1 285 809
389 390 907 899
349 154 657 671
424 330 356 728
144 135 444 292
50 170 270 415
83 102 803 320
111 240 492 581
168 390 112 307
82 370 771 931
470 185 579 194
60 34 616 654
497 150 216 28
319 435 26 437
63 228 917 343
95 434 408 610
207 110 858 709
402 375 861 473
113 84 409 173
424 95 979 698
464 359 157 961
223 155 476 409
294 444 576 336
289 32 286 931
409 358 992 640
38 232 317 695
349 386 554 750
88 357 757 62
159 182 363 913
39 11 521 840
76 219 938 957
380 186 796 40
127 279 647 666
345 497 998 393
185 83 110 580
421 373 302 760
434 279 731 423
77 56 214 982
117 466 442 379
423 92 122 54
464 380 878 914
166 97 60 131
15 149 197 732
293 54 317 803
274 338 405 935
257 144 710 668
24 7 556 151
133 102 689 232
293 214 354 410
134 49 337 922
117 214 344 533
8 80 186 708
383 93 650 186
292 478 923 906
457 228 587 613
499 222 3 55
199 318 592 173
213 48 571 497
308 49 733 895
211 389 446 676
194 103 952 196
152 249 345 458
165 151 463 474
210 242 222 132
290 228 239 990
321 427 103 619
82 312 21 872
259 79 634 209
65 138 319 765
38 306 742 41
53 3 843 141
130 156 406 314
10 7 621 492
409 81 422 693
16 150 37 635
309 339 997 938
365 40 768 826
39 82 468 385
93 14 556 410
91 57 201 379
208 179 490 283
219 378 907 716
244 347 93 604
85 57 700 536
279 115 914 151
434 159 163 993
287 166 440 220
238 384 966 800
410 200 918 737
184 72 816 40
151 313 194 646
436 88 633 42
356 229 753 351
293 493 870 922
410 126 283 758
431 263 639 546
449 45 734 815
435 278 564 945
320 412 223 76
184 277 753 579
17 174 159 202
2 124 805 71
363 443 859 950
392 251 171 971
379 357 433 102
328 17 392 564
303 167 897 474
443 272 291 557
12 416 488 164
478 356 426 111
320 176 792 177
19 326 255 703
414 265 697 769
384 273 304 833
147 346 394 3
71 1 328 608
178 436 85 639
471 304 574 731
449 421 283 755
186 63 608 699
160 391 800 148
443 478 725 318
83 430 505 315
493 223 226 616
447 369 530 753
294 384 160 685
361 422 278 211
1 461 474 117
479 91 682 128
413 157 222 985
338 137 884 379
495 345 149 648
307 127 668 167
468 302 354 568
227 391 878 873
373 123 947 605
65 23 652 214
347 306 603 415
233 385 368 769
118 450 598 611
331 327 937 784
479 457 393 988
106 292 659 780
124 173 874 751
447 399 465 745
417 326 384 323
185 29 651 766
398 117 699 727
361 119 197 869
495 215 918 572
364 59 265 322
51 97 570 968
325 266 77 564
185 488 372 268
395 252 510 745
307 273 891 211
431 200 948 716
406 71 748 356
233 176 831 594
179 144 721 218
147 142 100 143
380 436 202 917
27 182 123 5
218 168 535 230
361 304 741 758
452 98 658 53
229 46 78 401
144 260 20 732
125 316 279 509
142 349 713 215
416 405 494 664
64 108 313 403
457 73 423 428
8 232 76 241
498 391 294 910
432 400 824 917
230 308 923 307
218 1 290 669
454 73 509 34
21 219 626 570
172 479 795 756
89 96 866 878
239 472 100 624
427 392 710 356
16 14 894 682
394 247 236 248
201 229 888 138
56 84 46 117
150 163 679 411
148 101 895 349
184 394 598 976
308 186 746 785
444 221 199 127
301 315 55 64
434 48 643 958
291 324 308 30
100 209 419 455
434 64 981 334
480 307 481 776
242 21 709 123
225 459 173 966
335 160 379 903
217 126 538 150
401 101 238 275
168 28 570 590
394 166 679 325
303 401 218 897
249 391 958 933
463 58 241 196
479 192 909 945
109 452 104 557
404 131 754 845
84 70 882 727
269 173 719 108
273 253 719 541
6 477 582 49
364 53 805 919
446 432 422 485
246 187 246 119
305 316 981 17
451 490 59 828
254 312 340 693
189 8 411 585
384 423 126 863
305 429 929 797
93 296 792 411
445 164 760 396
153 336 479 671
403 436 624 409
27 160 638 152
187 124 514 23
490 33 44 613
306 442 703 905
262 203 185 127
490 442 97 451
68 216 264 621
204 337 242 193
19 246 605 397
242 467 993 861
274 170 461 17
478 471 842 472
244 413 597 651
174 189 335 836
405 177 809 393
41 436 759 425
257 411 917 796
34 49 657 909
176 401 167 372
297 172 178 521
106 178 226 250
413 195 701 562
140 309 114 282
399 66 851 654
353 22 619 271
118 440 852 402
467 151 386 815
382 255 501 578
195 96 280 675
421 155 546 534
251 461 537 186
368 499 267 135
202 152 588 51
277 440 869 890
105 22 693 604
289 124 717 853
391 165 97 488
487 240 865 846
411 2 340 107
120 296 968 895
241 356 564 721
218 177 549 78
373 348 11 686
215 299 736 481
285 184 466 467
254 163 173 641
370 133 513 999
357 436 717 998
429 247 991 272
191 373 757 933
123 196 500 268
312 271 824 689
442 27 483 420
271 290 690 137
465 218 972 849
405 494 535 844
461 315 314 659
452 121 142 211
249 208 31 759
108 480 284 944
486 390 494 223
433 37 407 653
68 2 399 496
116 46 407 940
212 27 666 893
203 187 658 538
150 460 44 33
466 288 825 543
190 285 852 248
50 500 484 634
173 218 116 892
364 328 284 706
336 51 432 649
32 146 259 639
392 218 743 112
294 405 61 69
284 192 148 141
311 133 75 262
141 41 225 212
401 164 91 59
316 25 703 353
106 39 86 958
391 173 995 187
250 418 840 590
149 118 493 788
373 303 725 204
28 185 856 709
405 42 83 16
98 211 165 265
370 202 881 731
384 194 583 562
192 161 780 55
481 93 822 336
218 305 963 483
488 485 687 522
16 167 796 244
169 33 542 966
308 212 573 428
205 173 257 910
109 273 189 735
444 77 166 918
448 107 257 50
463 246 548 905
457 205 865 203
73 377 990 431
272 294 526 614
210 203 136 555
148 111 466 289
390 148 740 445
475 372 177 319
53 168 551 801
120 19 900 619
231 310 105 273
284 62 629 724
288 119 818 475
226 69 928 463
471 261 945 404
138 73 713 867
286 224 453 755
121 81 192 899
246 107 626 61
438 375 292 603
256 248 471 42
19 295 288 3
438 320 838 232
190 158 122 817
404 444 699 66
49 61 198 62
337 95 774 459
359 111 170 756
381 79 204 373
109 6 686 988
243 287 151 175
103 459 459 784
32 15 235 309
97 310 993 624
455 121 717 994
479 168 671 370
57 406 610 147
255 206 626 616
262 397 263 761
343 227 942 84
67 48 427 893
451 229 434 440
245 340 472 810
249 473 542 855
347 318 324 541
338 241 855 314
214 436 433 735
70 475 768 385
230 466 316 572
315 494 272 456
363 490 471 154
45 399 288 614
378 492 338 968
89 72 145 985
18 15 139 672
281 470 308 975
239 166 372 734
391 158 336 603
492 358 84 593
47 421 524 107
111 457 27 725
154 296 121 933
24 386 130 913
157 188 341 432
215 431 784 25
245 189 392 38
215 36 385 633
230 184 908 516
421 300 247 968
230 489 939 642
38 327 467 540
438 82 33 678
203 262 445 804
220 374 535 828
192 30 618 950
275 447 240 832
496 230 687 36
342 498 332 837
463 18 668 51
62 116 487 198
332 251 981 151
177 419 29 832
406 224 393 925
248 469 991 371
214 59 886 916
366 372 619 747
287 187 782 579
198 69 59 305
180 239 267 68
428 109 130 779
134 167 628 700
76 463 685 13
238 315 138 246
308 86 91 669
275 250 559 438
31 409 610 263
160 148 222 68
172 287 753 374
292 48 749 487
22 264 499 494
220 334 119 155
126 38 737 178
202 17 646 921
108 349 65 690
150 235 465 833
449 86 23 678
400 467 988 842
322 254 265 575
288 429 898 837
262 311 790 889
298 387 832 960
11 383 256 677
493 412 7 959
104 487 592 695
354 339 567 632
277 305 82 594
381 405 288 362
287 352 593 364
157 8 197 262
10 111 403 735
328 355 629 294
413 364 750 538
446 341 170 767
419 401 240 164
23 394 9 108
395 342 329 249
287 368 484 915
321 243 16 833
234 398 673 195
176 247 97 418
428 460 676 855
302 390 256 931
142 470 258 114
78 235 870 213
499 19 809 723
458 372 297 464
267 152 578 579
135 53 207 560
87 82 782 345
15 414 797 10
48 79 942 959
75 315 32 217
486 342 53 589
71 346 235 340
391 223 160 145
464 382 3 272
274 107 956 774
498 29 923 389
212 43 605 402
89 157 795 744
142 95 783 331
393 62 500 582
389 306 485 597
496 241 992 385
91 449 279 391
272 198 729 394
35 310 476 918
268 239 430 594
297 200 662 217
25 80 913 303
330 375 939 393
29 245 691 786
80 169 906 13
196 307 553 59
249 437 294 571
121 455 421 713
463 340 346 439
389 153 533 409
452 437 73 552
291 98 406 553
154 139 712 378
150 39 593 605
45 10 244 519
460 216 137 259
357 223 764 216
239 395 200 239
387 102 884 199
373 459 846 995
143 74 768 297
298 32 99 893
4 53 505 840
343 252 789 499
259 227 676 375
364 94 440 657
228 371 588 100
407 479 365 579
249 344 97 796
83 229 756 559
80 456 677 753
49 321 172 855
303 104 540 481
483 27 182 460
347 408 174 313
398 212 846 931
64 380 341 611
109 126 146 342
496 436 288 913
407 400 513 285
361 281 196 992
85 36 264 675
476 89 927 7
375 480 288 361
470 359 303 488
8 121 557 58
13 7 928 621
372 151 479 107
375 249 566 271
186 177 316 700
18 377 307 898
29 365 163 198
230 89 383 826
311 190 936 194
36 48 74 862
457 235 415 363
477 360 370 769
455 347 505 199
117 24 642 629
439 456 408 960
49 238 384 647
246 139 167 411
19 258 905 845
170 54 502 708
61 240 227 840
334 133 266 959
195 481 954 383
291 173 325 584
42 277 798 44
326 339 849 253
289 449 224 255
51 9 362 120
156 375 144 38
133 494 526 232
470 213 840 429
446 494 683 132
375 372 949 469
240 234 17 860
341 215 870 101
290 3 111 92
412 115 762 385
44 261 583 884
25 451 566 456
413 472 785 208
257 110 894 746
403 261 753 64
291 493 468 343
265 376 326 200
412 399 356 684
446 176 880 183
307 51 429 975
224 376 286 695
475 377 82 673
384 28 962 914
453 104 568 689
391 375 848 537
288 63 691 536
419 397 944 789
103 435 83 595
215 158 583 850
256 419 618 265
209 138 118 416
72 454 951 843
22 59 116 603
385 29 185 873
448 24 894 3
260 107 297 793
463 74 685 700
325 235 65 822
397 106 923 894
47 54 199 170
120 313 97 415
354 228 768 671
75 90 115 68
239 62 599 138
142 229 752 820
265 6 949 13
204 28 584 591
278 158 540 186
396 299 445 869
18 470 564 156
301 252 22 51
442 391 529 13
235 63 299 99
247 239 341 11
328 29 626 8
176 216 812 578
229 13 276 815
490 460 774 220
320 31 611 634
439 123 226 866
283 204 491 641
414 496 439 573
2 234 693 210
20 6 438 430
459 281 746 227
2 255 186 494
313 175 483 995
367 316 387 809
346 23 154 158
25 49 325 971
2 29 427 112
69 296 143 213
120 472 503 900
134 486 428 648
443 483 304 896
270 16 952 587
160 90 212 670
139 57 979 993
331 369 667 698
242 164 529 262
9 408 235 469
145 309 487 856
336 179 957 912
42 412 950 380
146 33 602 782
141 190 392 838
313 35 38 632
232 217 34 897
270 132 260 762
230 233 338 989
449 361 214 876
172 113 108 568
434 63 647 651
471 231 98 612
272 30 241 590
192 265 70 553
460 338 159 745
34 82 455 852
124 277 923 693
216 285 486 419
436 204 844 562
86 73 898 188
392 239 333 775
151 324 71 492
72 483 81 46
358 239 93 615
247 212 427 451
74 73 51 918
204 165 112 674
438 164 770 623
63 34 772 5
396 353 869 64
311 478 744 976
298 306 193 310
43 41 539 682
423 34 614 585
450 51 201 156
442 105 99 714
320 270 657 17
4 308 8 890
