500 2552
386 497 810 492
43 436 41 116
326 236 842 236
29 12 823 378
290 350 252 790
394 440 680 635
471 333 481 910
232 122 539 92
183 241 199 74
26 10 643 236
415 412 351 451
356 318 842 749
91 145 657 889
269 132 63 91
111 82 394 915
66 421 879 419
217 491 65 554
97 175 141 47
3 371 847 266
239 237 881 522
24 451 176 119
85 2 607 981
271 390 420 888
55 414 415 23
339 304 80 864
378 121 274 991
411 97 21 702
387 86 295 610
61 482 775 352
301 270 694 940
188 6 776 358
120 23 370 278
463 86 427 388
62 7 214 616
473 263 5 371
232 114 665 635
375 215 880 984
288 482 441 232
376 194 50 797
287 19 885 575
404 11 152 461
116 20 294 395
369 72 815 829
46 36 729 266
350 88 589 716
485 11 677 451
78 180 567 707
325 246 845 242
366 484 239 668
11 9 683 547
16 70 248 445
314 436 693 453
499 410 272 265
187 48 317 273
322 71 268 940
491 298 224 100
362 413 757 178
367 94 195 287
319 145 723 384
459 399 249 308
110 315 858 24
259 12 836 32
444 211 208 170
304 221 498 793
390 417 46 862
61 429 634 495
24 367 357 73
177 388 490 772
12 464 206 947
430 13 904 433
374 15 178 116
283 184 890 505
172 195 369 588
340 359 914 280
477 417 903 300
99 79 972 479
150 430 710 14
328 63 93 136
265 141 2 925
293 217 182 422
317 166 814 621
62 332 21 123
78 15 34 966
5 205 979 473
138 95 238 847
339 47 40 538
256 255 19 71
288 14 308 23
42 87 156 878
44 23 130 972
407 445 605 234
465 364 222 418
134 357 290 987
424 279 755 341
490 387 260 269
147 243 538 410
153 18 69 327
313 270 827 951
226 338 174 714
363 334 748 354
343 168 701 281
404 406 194 39
395 188 1000 411
291 203 856 62
355 204 136 821
168 345 90 201
3 330 76 967
77 244 155 956
306 20 728 347
199 250 469 411
308 148 805 902
47 419 840 978
343 340 764 615
367 213 193 747
469 196 330 807
462 5 323 773
340 278 30 176
338 125 421 602
422 349 779 56
295 422 957 634
496 41 447 655
91 235 848 409
496 100 154 588
246 61 287 937
63 10 272 579
88 469 384 344
456 183 583 826
424 268 920 432
232 498 18 654
141 266 363 987
6 3 641 629
199 170 557 578
273 477 912 644
427 329 945 127
405 95 898 538
244 312 276 887
386 409 383 702
294 69 790 17
100 23 295 968
391 286 46 136
132 388 491 490
156 151 379 791
424 381 135 347
143 99 454 986
406 108 917 547
378 207 53 99
161 20 975 512
251 212 719 515
308 489 105 954
125 80 502 695
26 128 276 688
366 30 399 136
45 272 598 424
375 31 178 320
172 11 254 480
144 69 354 258
157 126 751 758
253 392 478 215
425 328 995 631
10 76 598 481
301 210 960 564
62 434 249 165
233 157 818 578
433 364 946 426
426 394 415 875
314 350 17 195
252 254 121 691
154 101 106 401
230 43 405 614
300 345 182 576
152 249 838 886
118 414 685 491
20 13 757 700
322 28 682 69
358 286 908 863
310 465 605 465
8 321 373 872
97 169 241 354
289 21 158 273
145 215 512 346
230 288 900 685
357 23 777 208
227 290 49 541
330 16 741 949
379 88 745 343
15 246 630 871
384 96 124 519
302 339 645 122
369 383 4 791
154 470 639 715
196 123 659 784
187 474 452 33
469 299 292 611
329 290 967 832
468 330 123 439
407 171 786 988
81 177 417 233
138 112 620 283
405 305 215 475
20 131 436 261
375 303 990 723
294 265 493 842
32 235 535 980
77 57 312 103
429 346 332 554
338 210 808 849
8 13 37 917
472 343 610 729
384 121 725 647
373 63 733 407
382 151 22 720
105 20 574 443
397 164 398 297
246 209 707 194
463 445 168 887
185 447 129 292
92 380 340 63
401 28 576 429
378 426 531 112
384 264 152 168
364 217 482 754
426 217 228 808
41 394 732 253
373 291 941 195
29 419 282 747
57 157 550 68
409 200 706 325
457 97 834 649
316 184 22 985
17 370 89 403
48 62 606 560
314 430 838 330
235 90 234 782
133 41 121 321
101 3 319 502
469 215 589 314
84 47 713 987
38 5 340 778
111 430 42 85
296 423 95 752
17 103 59 759
122 8 411 702
4 2 657 362
460 28 732 279
20 295 548 479
24 70 889 31
282 247 378 182
153 106 961 283
159 187 403 492
352 87 332 58
344 160 713 883
264 247 605 751
300 330 754 379
201 244 662 923
192 363 395 177
54 187 807 582
69 4 788 787
319 2 332 816
97 52 909 559
371 37 88 600
28 393 613 811
499 309 233 710
339 195 691 189
250 187 321 631
68 46 459 600
195 48 61 841
316 295 562 508
431 267 265 227
18 228 846 938
349 86 877 38
316 247 272 168
462 318 547 204
483 122 459 971
270 174 275 448
307 239 940 523
457 14 424 11
79 243 323 224
263 211 889 554
467 122 800 151
119 470 828 956
375 50 224 302
130 14 84 1
241 308 826 289
22 23 172 366
159 139 173 403
24 323 387 447
466 75 353 636
297 322 356 381
2 26 468 68
123 66 22 119
459 357 242 59
44 113 41 188
129 5 827 809
24 191 516 587
5 4 333 357
311 380 580 117
184 134 25 855
65 103 32 516
221 498 452 54
493 299 297 270
449 86 942 675
173 225 760 9
408 6 786 171
475 262 355 970
347 362 334 890
130 190 84 610
382 70 234 856
432 201 728 49
91 16 737 721
415 118 119 75
162 360 185 120
117 190 561 869
124 30 1 730
437 34 221 731
360 320 828 827
444 385 722 244
34 200 590 354
84 38 766 610
462 140 885 241
344 340 677 332
33 113 928 458
144 52 261 19
49 371 169 508
435 434 551 411
30 91 701 278
469 36 684 98
9 279 384 237
29 259 814 206
315 231 459 552
231 435 631 815
230 327 133 593
184 64 422 327
350 236 586 823
39 117 724 883
368 209 911 534
395 130 748 868
65 486 799 583
29 256 719 885
361 343 278 516
466 316 489 330
62 480 788 619
322 481 179 477
88 41 825 761
313 181 267 761
238 76 440 254
438 384 895 605
476 112 504 456
352 237 223 402
29 415 945 630
209 126 637 567
387 226 234 243
81 102 701 857
215 100 438 729
229 319 574 801
363 367 41 43
363 14 40 253
186 56 439 352
256 246 33 7
379 52 200 815
295 30 486 130
224 471 134 219
336 128 488 163
67 112 35 904
62 121 802 305
259 42 367 468
484 294 577 714
237 94 574 279
487 87 761 665
346 166 201 9
471 247 431 658
163 419 219 752
88 2 746 227
113 200 97 137
175 414 976 554
229 493 264 894
310 286 877 837
225 14 108 88
12 232 388 400
216 418 339 754
439 281 470 538
395 382 58 72
101 42 788 934
449 463 812 384
436 472 561 30
51 370 495 132
222 456 830 931
37 426 183 692
307 158 888 197
88 167 508 363
299 349 903 105
93 16 91 207
480 290 558 73
336 30 112 925
181 169 203 951
287 228 604 784
422 25 503 234
260 363 495 326
317 226 755 597
148 326 187 118
77 221 886 295
127 107 729 700
320 209 411 319
113 316 483 191
258 424 879 961
403 282 927 516
73 57 530 194
251 13 296 906
116 27 170 980
214 153 270 313
71 113 884 716
268 372 462 321
220 25 201 466
441 32 265 963
451 363 466 124
355 240 188 118
263 235 859 812
491 343 812 387
263 482 97 793
7 1 783 537
457 379 571 812
232 146 106 993
61 332 401 887
165 235 640 903
123 198 672 291
380 34 557 877
319 31 417 281
396 328 764 11
37 451 477 307
467 125 163 292
340 495 264 294
105 349 501 988
239 177 625 257
33 24 227 710
479 102 493 65
67 376 152 619
363 83 241 728
320 254 738 679
305 492 590 951
392 82 881 567
376 209 586 638
383 82 465 61
357 475 38 350
491 89 912 364
139 244 619 108
193 399 407 324
359 424 715 515
239 183 61 807
62 195 920 523
125 306 854 475
202 194 513 794
339 158 905 176
428 279 425 158
429 210 180 56
169 86 118 884
48 466 390 97
200 14 383 435
192 11 904 551
335 473 64 545
473 393 612 208
32 333 62 262
271 405 825 707
116 78 190 600
182 430 739 784
286 193 194 467
14 120 425 578
184 483 496 471
347 41 419 243
256 143 541 809
391 126 210 844
293 193 90 333
137 107 936 296
144 102 361 735
67 298 916 479
154 51 947 522
175 208 106 152
389 264 690 961
451 461 131 515
168 449 461 579
329 452 620 919
313 432 187 934
359 348 847 10
339 495 813 372
135 6 379 410
3 1 411 122
344 9 99 694
12 405 217 874
160 272 271 596
458 479 720 460
80 14 703 831
298 163 50 450
35 14 811 351
42 490 68 107
89 356 353 974
410 409 102 800
144 322 874 856
262 129 171 318
468 493 301 899
442 134 370 976
47 319 613 375
491 125 87 588
193 137 212 827
215 122 280 784
290 175 258 198
321 421 666 675
138 500 716 218
197 311 84 110
462 454 892 942
106 61 116 2
246 23 979 376
465 353 216 798
29 145 733 892
169 457 242 953
48 329 503 30
497 149 80 253
187 291 74 181
394 296 22 171
222 246 462 85
107 426 358 51
459 436 857 936
40 430 27 285
422 202 944 117
349 280 208 453
328 451 144 566
18 244 11 681
136 454 990 836
417 155 980 366
80 150 322 549
173 207 440 732
98 433 652 374
255 337 763 54
355 474 569 372
90 466 909 633
392 319 87 697
307 485 737 437
303 310 741 653
216 264 771 861
12 152 922 61
342 153 502 360
110 240 137 673
224 309 886 962
321 197 455 545
120 370 753 795
160 246 113 460
330 484 988 278
332 488 705 477
108 59 808 660
124 174 432 163
133 253 789 305
397 44 588 439
189 105 14 780
221 239 168 879
365 294 326 888
405 425 827 636
252 340 486 739
281 478 89 760
150 239 445 614
482 31 368 345
427 363 112 305
268 26 810 164
86 210 401 277
428 169 652 357
427 9 697 20
445 187 744 720
250 124 884 935
93 90 117 664
76 106 753 516
19 200 669 878
390 284 534 833
168 152 352 13
113 37 998 154
39 264 428 200
15 303 711 936
203 282 181 176
45 198 179 298
257 198 273 163
447 174 790 317
68 384 121 35
63 376 110 185
162 123 3 869
46 483 954 59
416 441 28 890
68 397 201 194
335 391 883 798
358 266 649 715
55 88 873 976
16 135 358 572
269 217 290 416
91 42 64 240
26 49 954 663
312 198 120 109
458 256 992 328
315 421 243 46
50 174 220 134
213 9 960 149
216 173 723 706
284 167 665 481
311 219 322 407
448 161 581 751
112 235 468 201
60 257 864 151
140 430 121 825
371 90 667 883
493 425 792 334
377 442 766 900
178 126 505 674
353 280 454 751
291 259 442 626
499 443 4 615
493 22 956 688
290 245 456 928
208 254 756 159
24 209 693 433
267 451 289 487
498 278 477 392
80 18 14 402
197 378 83 381
242 337 124 225
322 101 62 857
35 67 34 348
47 332 357 321
6 486 32 798
70 459 295 13
451 425 871 129
294 488 103 816
299 135 428 142
232 146 790 766
454 461 613 876
364 219 435 276
450 155 569 676
329 121 298 239
311 326 454 716
309 39 117 348
69 228 530 511
193 46 27 975
162 383 718 31
429 15 465 336
158 209 719 600
229 127 969 777
480 103 354 822
351 283 90 471
118 484 509 228
418 343 835 311
279 377 408 449
83 148 225 49
30 181 539 268
478 423 176 281
56 68 659 609
389 399 783 517
257 393 396 211
219 26 404 74
403 182 292 101
231 77 544 767
239 370 953 104
109 404 256 387
14 367 364 948
405 201 886 250
323 293 667 697
54 468 762 808
155 358 108 422
49 19 244 503
171 378 335 750
129 321 65 253
228 6 484 25
350 103 563 821
406 429 321 197
490 229 273 668
126 23 703 871
34 9 885 651
174 192 107 302
243 133 949 731
286 350 341 919
77 84 786 152
326 429 659 473
58 380 492 274
471 198 245 262
334 333 945 889
167 12 12 637
31 381 455 362
30 227 220 703
160 415 497 93
388 117 144 289
381 155 353 56
421 340 540 865
97 34 3 561
247 96 279 659
204 367 642 259
265 102 109 417
193 12 686 271
426 412 56 617
176 94 574 57
111 166 627 858
341 95 986 660
471 269 269 971
88 453 471 953
160 317 968 16
366 44 931 464
474 399 345 949
317 36 479 834
173 85 672 80
391 259 909 956
201 240 225 14
67 46 293 905
63 140 846 696
367 67 26 19
13 4 586 634
360 19 879 395
221 286 426 716
309 180 124 553
418 318 45 434
49 389 783 72
209 222 814 878
275 266 462 226
73 111 653 242
467 367 441 524
80 423 666 605
468 460 57 430
40 395 862 760
237 214 354 854
24 6 861 324
346 93 462 146
267 74 358 232
215 97 828 653
310 327 195 864
61 482 41 557
275 95 229 907
449 178 538 221
25 14 371 507
478 11 698 248
482 271 70 167
302 148 787 332
375 476 322 179
222 402 391 155
259 483 97 839
355 280 606 704
92 24 951 182
488 396 287 732
353 96 206 743
448 234 684 884
343 363 594 655
192 150 343 985
190 129 977 793
132 321 904 688
481 265 641 966
453 428 797 510
220 67 119 602
200 256 265 724
91 12 661 228
23 311 609 551
344 332 549 108
185 63 117 28
131 230 401 830
110 292 572 853
375 363 758 725
473 232 466 376
282 410 866 105
173 152 955 141
401 338 48 681
118 280 847 349
63 112 726 536
33 36 169 365
135 89 920 359
99 264 858 229
391 369 839 206
383 167 142 238
60 45 625 66
387 321 322 142
231 382 777 918
110 118 259 447
37 182 324 559
334 282 739 778
55 198 931 617
145 4 932 883
254 70 231 705
300 415 142 546
392 102 590 972
27 231 580 194
384 93 847 639
71 492 439 291
126 427 433 901
359 193 366 68
284 372 73 474
98 48 908 617
205 479 279 494
411 81 560 468
369 252 195 841
402 93 732 714
112 29 490 326
280 262 340 777
399 203 489 376
299 248 610 844
89 489 483 382
103 239 455 822
278 51 743 409
99 160 636 266
256 249 110 472
45 449 770 108
421 240 103 989
130 96 432 131
158 480 16 853
497 388 259 241
367 75 923 887
168 95 3 208
183 103 166 907
193 268 341 4
463 360 681 539
52 451 522 835
38 498 600 724
219 185 952 647
95 331 618 795
241 137 82 674
127 47 368 775
465 266 873 409
349 43 286 334
351 389 205 585
206 42 194 387
348 172 54 282
473 497 354 801
383 291 719 433
474 328 116 172
419 348 710 406
452 278 120 931
222 412 125 105
210 416 920 69
104 462 329 647
491 494 481 461
381 34 411 383
310 147 637 286
393 69 169 692
200 306 33 269
40 385 535 34
374 339 846 181
208 433 212 250
272 337 574 763
12 6 235 387
393 1 983 187
38 62 876 116
417 214 242 128
114 240 587 909
434 2 895 504
482 179 887 931
325 423 911 923
236 161 418 436
132 398 507 297
481 205 413 553
314 66 348 786
286 256 269 871
140 124 986 385
122 133 366 191
204 46 211 849
413 366 503 931
438 308 37 258
259 395 857 518
279 102 876 402
181 360 647 319
257 23 753 198
136 14 244 808
150 54 208 429
362 446 387 824
323 245 758 260
68 352 301 267
26 114 473 57
54 70 605 430
324 214 953 323
85 353 548 354
97 39 639 788
82 1 790 124
201 460 865 31
436 321 799 636
234 460 449 477
451 1 815 121
372 369 358 349
168 403 928 933
208 90 258 410
423 250 668 864
333 374 300 179
231 156 874 148
37 76 419 731
198 27 194 742
269 21 569 874
467 391 862 785
17 73 692 764
279 232 424 768
173 155 593 101
250 472 115 154
217 61 489 159
10 5 716 1
228 379 983 49
94 310 84 549
7 244 419 548
212 92 363 298
314 168 539 795
457 279 254 295
204 421 730 334
23 9 928 661
139 426 754 591
41 456 731 533
67 407 2 453
372 6 697 397
375 494 320 813
261 36 810 120
296 26 595 758
240 198 948 7
56 456 336 823
481 116 77 317
225 105 488 979
368 396 999 262
117 171 580 974
64 14 990 793
399 129 384 14
414 483 695 481
95 337 252 315
380 398 566 300
111 198 51 41
197 124 835 551
470 39 315 947
37 15 348 977
262 71 548 684
255 441 365 810
4 258 706 767
210 48 48 946
75 498 442 707
272 234 3 179
32 11 476 664
498 132 778 280
281 319 864 674
352 213 856 715
244 222 312 584
59 65 994 638
432 226 797 313
306 350 303 786
8 2 834 47
472 494 607 630
320 447 979 822
291 60 678 947
377 396 655 939
395 184 924 420
326 354 448 323
277 436 889 354
294 159 81 356
224 499 515 741
183 191 227 4
272 419 492 694
488 3 738 30
117 338 491 156
467 168 912 755
12 312 90 999
83 20 651 212
168 127 125 183
284 144 521 80
143 390 596 847
430 140 708 44
96 463 190 263
253 477 384 527
402 169 990 371
353 460 865 74
137 2 332 832
338 155 895 67
146 177 636 792
337 108 10 953
190 438 556 739
113 453 948 132
200 366 679 914
166 72 601 945
397 52 460 651
89 19 608 586
230 330 921 235
372 74 187 384
391 99 274 882
463 102 578 915
497 31 492 544
28 142 945 626
160 95 765 303
200 391 134 338
290 34 601 244
28 12 966 419
269 225 98 844
285 88 548 398
446 136 351 620
54 468 858 375
329 180 580 396
410 106 163 234
478 81 457 210
370 24 428 245
126 385 380 987
423 314 20 644
27 444 166 220
368 317 180 589
186 1 126 396
347 371 506 393
127 146 731 697
22 375 148 282
159 128 951 303
268 86 291 277
268 131 553 716
326 235 749 942
151 109 73 82
67 13 454 897
18 109 20 110
230 120 106 191
201 161 901 199
140 121 181 621
223 128 568 492
320 241 74 155
442 390 698 631
371 198 258 349
348 76 53 334
306 12 581 39
214 6 800 709
451 30 189 604
486 400 832 200
146 120 942 171
72 164 142 522
176 436 198 137
171 277 591 211
482 320 685 890
333 49 909 679
142 42 251 739
6 155 42 357
443 342 626 492
223 63 733 288
87 177 349 106
214 58 863 35
500 12 533 18
213 182 892 296
417 209 422 380
81 373 29 237
449 477 376 165
482 339 99 457
483 371 193 217
67 124 139 829
249 41 563 999
441 94 996 243
311 43 544 594
79 50 1 77
393 328 81 327
290 486 655 645
103 172 799 165
123 109 568 680
420 248 42 966
410 151 783 699
190 40 867 221
380 232 507 320
309 16 129 298
485 327 840 890
356 205 293 267
159 110 170 32
302 117 168 818
210 260 209 724
255 152 18 738
498 238 828 510
418 103 490 497
105 275 976 941
475 445 228 759
280 164 713 726
114 361 245 311
50 22 132 123
51 407 426 576
186 125 38 415
70 8 97 937
387 41 751 343
137 419 56 746
71 40 409 307
293 367 888 312
485 105 319 356
83 347 544 155
220 51 158 767
141 57 930 185
86 49 256 756
13 25 683 204
187 71 168 776
48 361 408 243
355 346 975 109
20 400 406 516
305 396 865 569
221 355 706 263
84 365 272 426
147 56 600 423
153 18 542 536
43 414 432 112
284 258 28 8
324 454 909 397
9 84 24 337
349 192 3 24
341 51 728 351
243 469 1000 726
225 268 861 483
171 166 179 151
434 462 932 838
253 200 479 152
42 437 828 237
106 120 651 717
220 205 413 42
393 280 641 968
231 233 944 750
495 307 580 25
381 195 543 163
154 38 466 306
321 19 966 845
422 479 325 951
451 231 736 550
16 38 852 264
181 236 274 516
381 42 578 961
55 63 71 998
283 341 413 304
169 33 748 852
472 480 837 492
479 265 246 102
485 44 21 243
78 250 654 879
258 58 852 762
359 95 925 254
416 476 602 691
69 84 569 608
466 393 468 876
251 39 565 137
126 162 629 146
453 133 459 815
310 35 647 709
277 491 793 69
178 158 638 161
241 443 599 680
106 226 674 367
453 65 223 858
75 24 228 959
136 124 104 588
180 394 851 165
201 121 950 944
475 226 850 722
231 286 978 767
205 178 382 845
325 153 293 63
406 81 35 339
347 29 627 100
229 143 552 759
84 304 384 701
197 26 956 309
340 53 206 33
11 89 568 345
300 295 859 175
17 428 132 235
1 436 910 871
3 112 924 682
148 16 520 976
377 371 192 451
457 141 961 268
213 240 824 254
143 104 501 293
330 299 387 939
472 495 780 21
484 188 793 426
304 499 113 300
79 442 809 308
227 166 274 585
113 71 569 90
181 206 510 707
301 408 125 205
264 263 692 135
464 231 276 724
154 408 962 222
429 101 392 363
386 441 329 1
12 471 290 909
85 147 625 303
46 110 47 563
375 326 96 400
177 482 448 42
498 306 707 803
339 95 557 660
377 328 469 356
280 454 15 890
195 37 254 75
212 35 203 265
181 350 763 446
176 156 185 648
433 39 531 606
392 187 507 816
358 77 420 566
461 145 588 952
128 55 403 643
188 436 41 956
236 459 237 559
294 481 556 968
259 176 774 199
74 11 33 572
270 238 751 181
268 365 585 275
81 477 311 346
99 420 600 27
77 139 194 791
248 142 788 601
229 35 783 812
178 346 456 860
236 199 855 748
295 252 534 151
33 195 876 515
115 229 722 498
11 417 828 478
189 248 161 98
151 159 278 97
168 7 551 149
35 441 67 75
352 78 188 51
177 122 275 469
302 357 414 323
14 385 407 114
450 305 86 463
464 14 763 443
233 42 687 253
23 17 26 553
75 421 934 579
363 183 845 151
376 499 911 706
497 252 43 769
362 311 204 670
17 93 981 494
31 185 289 944
40 306 473 195
100 156 271 974
75 299 523 82
21 275 334 593
472 65 579 925
431 151 121 574
423 137 629 837
106 415 958 129
295 313 261 686
456 404 354 970
104 3 229 868
464 38 370 566
386 206 634 231
140 19 163 120
134 339 917 796
208 116 158 659
405 40 580 171
396 476 302 678
497 166 38 641
191 421 605 914
259 159 25 475
470 219 949 434
270 392 846 748
302 49 884 162
109 420 747 321
289 320 147 763
166 91 797 475
340 320 78 230
451 163 396 884
301 453 522 179
217 89 43 838
21 13 263 26
401 376 515 369
172 467 454 904
478 53 972 456
372 324 993 147
110 84 860 841
211 121 995 196
162 333 175 933
276 188 710 576
242 253 134 416
387 370 239 743
217 477 790 881
479 451 882 924
243 316 483 490
57 148 888 705
249 279 111 917
52 7 705 783
369 78 384 462
107 290 62 671
30 292 463 59
425 258 353 486
45 12 22 163
441 205 893 228
226 50 273 390
149 138 664 406
449 189 972 139
470 181 961 232
239 84 174 892
348 468 670 679
221 219 309 495
462 91 625 706
227 113 821 186
11 279 152 16
345 38 425 68
59 76 258 270
240 306 73 755
491 157 730 902
45 238 454 763
455 465 649 641
431 144 367 608
21 445 267 445
196 191 231 186
491 203 738 39
20 302 943 868
370 202 544 978
436 58 104 943
203 92 620 111
385 61 519 261
100 203 682 588
324 122 584 289
347 408 79 52
458 108 871 299
215 304 813 944
483 68 232 18
420 120 813 198
163 35 555 667
44 400 839 540
349 232 942 560
458 95 537 84
137 122 658 994
215 193 325 333
497 143 813 524
435 301 480 372
366 339 389 380
125 447 401 769
425 263 451 411
222 411 344 104
248 300 345 336
213 35 586 300
53 378 910 993
248 93 643 345
264 302 317 297
153 111 150 280
15 365 551 201
10 87 618 987
399 143 840 130
453 330 703 271
467 344 734 666
34 315 986 153
64 481 694 97
346 262 577 47
494 369 385 911
118 72 322 991
342 392 182 445
357 231 540 789
219 291 612 698
402 464 634 794
381 220 780 156
168 89 100 656
227 300 167 137
4 249 744 96
476 113 623 873
53 232 605 842
1 6 183 185
255 134 6 28
288 382 472 925
164 1 309 250
498 345 592 617
385 131 849 876
277 274 462 192
496 299 741 310
437 95 444 487
409 308 592 877
340 480 937 700
468 240 555 697
385 142 234 809
155 75 677 716
9 177 757 211
33 302 852 351
456 85 232 138
340 492 889 120
66 52 388 116
353 143 274 535
24 149 700 464
367 366 916 298
155 398 990 133
286 150 652 769
181 108 196 977
424 227 509 129
386 114 800 418
40 38 956 796
412 402 407 764
408 277 743 676
414 88 759 895
406 99 821 301
460 50 718 411
107 56 501 747
18 134 852 318
428 214 948 985
235 70 732 638
99 483 3 192
382 33 280 532
391 180 321 966
436 307 474 496
303 190 60 239
66 113 628 62
409 192 138 562
39 93 957 311
397 257 460 432
32 206 720 858
194 250 649 264
172 471 339 542
41 36 131 611
438 397 295 338
160 319 367 518
32 396 609 166
363 211 14 821
380 71 576 548
292 21 215 665
238 337 439 446
202 394 142 292
308 433 602 103
381 104 710 293
477 263 797 369
371 227 130 267
40 450 905 868
408 400 453 635
281 1 289 551
483 122 485 337
301 154 372 537
6 374 250 644
476 218 103 946
244 54 376 505
23 126 492 634
447 354 933 745
430 238 287 979
219 9 500 338
293 231 629 496
182 99 147 82
221 115 419 640
364 63 552 158
58 134 384 495
358 250 75 616
439 87 426 808
86 146 356 766
84 130 53 35
446 73 597 845
329 85 95 484
383 176 368 509
333 263 617 896
233 434 623 201
179 81 661 926
152 150 997 667
155 82 165 769
51 337 453 630
175 26 476 119
464 353 678 176
326 498 815 820
499 50 441 798
79 56 232 422
124 236 696 807
271 91 777 627
340 289 246 274
396 280 528 97
192 441 799 769
169 228 492 746
453 300 62 149
42 422 861 443
312 55 200 353
383 175 578 629
250 38 411 267
18 241 890 95
251 180 505 939
465 137 104 712
46 23 109 409
215 267 540 225
361 469 623 774
179 157 456 991
120 196 772 209
134 255 859 142
142 127 73 929
190 68 372 945
445 44 674 902
442 205 979 792
394 341 427 748
499 97 33 493
87 192 572 431
341 43 209 126
270 42 144 496
10 443 993 18
318 106 125 4
253 109 623 589
219 497 247 598
95 60 838 23
477 189 76 710
73 327 819 177
407 362 922 776
113 49 632 419
444 193 456 53
212 154 269 433
188 242 594 489
346 106 513 141
152 242 480 635
324 14 656 829
431 100 495 765
58 18 712 122
233 95 127 874
177 271 458 313
475 328 322 374
317 174 101 912
57 137 377 970
331 210 605 342
132 353 784 194
145 8 403 653
192 153 37 888
42 3 412 170
441 10 984 511
202 71 502 572
133 426 3 986
122 479 460 553
405 436 581 397
345 214 230 818
231 286 182 607
217 132 939 917
289 96 724 678
318 132 240 527
464 170 822 970
308 247 27 71
252 187 979 884
139 123 551 484
193 328 579 496
249 106 609 846
292 482 542 906
31 255 11 438
358 341 146 19
112 74 134 291
268 485 73 605
499 233 765 876
184 464 600 885
491 71 258 147
51 19 839 487
108 25 279 339
155 492 646 610
230 34 935 31
58 412 938 602
440 177 130 788
73 176 974 909
281 108 184 970
372 472 865 128
178 197 378 891
317 365 822 710
201 477 758 503
260 338 782 533
12 272 550 293
198 258 261 208
123 87 871 532
60 173 549 223
62 276 674 595
292 96 601 786
120 32 399 815
339 356 673 774
210 118 553 306
234 25 386 684
242 335 266 955
395 92 978 910
169 51 704 59
158 207 998 23
380 112 936 509
134 182 170 373
25 133 161 518
110 135 394 925
338 113 378 581
168 220 735 393
84 161 12 317
75 100 868 207
436 463 472 974
422 92 533 127
258 160 287 144
296 30 992 1
210 414 717 492
429 258 658 980
86 194 364 998
497 264 352 185
322 238 175 74
179 113 984 408
232 34 464 22
324 346 177 77
288 2 985 279
151 25 893 670
416 52 453 364
45 2 85 469
98 103 11 500
37 41 799 427
200 145 458 239
314 54 592 411
485 30 262 490
163 263 950 769
484 413 158 290
439 318 461 323
397 62 542 159
109 140 640 132
54 142 181 14
482 240 584 115
480 314 770 70
103 88 461 191
88 499 899 714
154 20 268 660
302 419 550 123
243 64 409 135
378 24 163 93
128 26 964 946
24 116 711 435
146 470 487 748
202 437 814 594
499 251 298 175
53 491 297 62
80 207 955 453
387 250 335 361
257 44 568 52
467 250 256 800
178 36 280 3
203 80 625 393
178 143 417 205
274 481 303 750
261 43 16 82
67 232 474 906
173 92 760 448
45 455 188 617
86 257 928 944
381 174 540 226
249 239 56 820
443 287 241 749
124 480 113 650
178 456 656 167
362 346 622 310
49 144 508 873
224 198 674 320
292 269 364 341
9 191 257 376
93 252 485 430
60 453 36 59
287 71 44 807
227 482 470 121
148 404 349 792
473 316 138 565
311 128 451 662
159 238 751 657
277 108 913 425
18 164 31 114
31 28 800 651
343 458 804 498
425 424 319 762
243 411 831 964
59 57 282 78
288 126 942 266
250 335 922 852
116 90 535 35
174 462 363 980
47 38 91 306
455 143 1000 531
386 30 571 721
457 328 925 889
496 77 354 863
255 236 964 138
72 365 290 950
286 99 419 412
215 455 880 420
311 228 574 778
435 430 464 141
101 152 876 528
1 281 248 292
146 208 457 355
129 74 417 482
154 4 112 67
340 87 930 174
178 288 662 997
54 14 821 419
272 261 707 240
370 420 146 4
113 169 858 841
443 314 880 611
458 180 3 559
411 371 840 359
34 484 167 818
107 14 771 358
1 10 658 240
33 427 365 49
145 347 491 261
260 150 36 758
314 345 330 379
57 141 126 505
115 74 962 540
158 16 639 293
325 183 854 932
114 19 755 656
339 448 343 565
283 92 422 452
90 345 142 200
349 130 219 342
496 32 537 219
148 91 838 301
109 97 498 280
36 9 630 456
117 89 987 602
240 263 31 601
345 247 226 215
476 118 286 751
204 271 381 649
419 370 497 868
444 87 812 891
215 79 313 917
305 224 837 361
281 306 247 571
244 259 381 918
288 358 495 795
200 98 483 646
57 40 183 769
372 76 178 30
422 180 487 937
76 428 45 203
182 146 15 480
303 483 861 833
484 108 751 671
252 211 472 29
29 266 646 853
350 60 209 106
91 21 195 276
483 338 232 210
70 152 560 703
137 363 893 280
86 496 647 142
457 199 426 871
50 413 999 628
390 315 602 940
5 486 972 428
176 477 186 414
261 122 353 616
193 232 681 489
387 404 772 96
344 83 707 721
277 254 524 8
473 380 817 963
202 263 51 688
11 342 417 580
465 19 561 595
438 243 954 858
486 11 391 123
136 291 825 715
300 267 211 628
313 399 794 178
93 413 333 609
24 204 526 964
92 484 471 433
19 234 941 287
112 357 551 977
233 125 107 526
480 145 68 606
373 62 44 804
87 19 141 940
65 389 175 783
27 14 554 563
389 66 137 294
68 392 649 144
475 250 677 196
367 455 639 286
378 350 490 552
489 266 318 437
398 491 835 760
88 212 946 35
427 223 45 270
405 440 783 371
47 127 506 500
241 138 504 286
494 148 154 918
394 104 383 953
270 143 921 879
451 106 808 997
158 127 454 15
18 85 435 148
194 29 753 880
192 176 550 457
126 120 74 298
334 132 696 925
242 277 304 20
199 346 377 748
311 429 756 115
477 267 641 484
318 161 171 210
76 258 210 360
427 454 269 407
190 356 10 709
272 168 154 349
63 324 888 702
72 18 814 95
78 342 507 495
275 132 144 954
135 85 99 183
68 341 949 693
213 91 933 949
94 332 126 467
288 220 771 448
497 376 695 718
137 406 266 594
33 54 397 415
484 496 797 656
53 23 362 471
249 197 700 830
9 242 70 494
12 365 613 166
354 493 145 748
434 363 322 239
356 177 889 361
94 72 218 904
105 383 339 129
225 85 601 975
242 36 117 282
99 164 658 48
309 350 436 659
218 464 798 733
184 384 436 849
428 258 793 974
376 445 726 632
339 44 753 525
498 224 650 616
155 489 995 614
310 152 373 547
262 223 207 972
413 136 287 860
289 188 951 341
496 279 720 549
393 496 145 778
17 15 427 222
438 198 566 582
340 500 823 365
131 119 163 358
88 11 161 835
266 214 219 890
16 1 490 778
143 471 917 587
259 199 183 406
190 195 153 972
246 289 710 707
298 348 607 120
370 235 28 401
132 299 353 762
251 70 39 368
386 356 648 261
278 499 48 548
330 307 188 746
495 83 231 639
93 202 290 68
365 361 848 741
265 134 461 706
110 370 461 719
481 46 239 286
137 335 681 710
187 54 182 359
116 399 321 792
201 441 923 113
460 242 999 355
302 66 751 939
92 89 276 236
139 106 737 219
321 291 144 743
155 83 983 949
204 312 363 870
247 132 181 394
194 73 190 600
119 23 863 933
276 209 77 419
387 249 29 214
365 495 809 389
172 286 883 963
241 1 639 83
48 39 911 8
284 494 78 695
74 112 291 282
18 369 387 727
250 448 257 351
115 224 648 296
495 403 708 223
370 287 607 821
360 305 417 376
110 327 585 441
158 274 555 914
218 212 838 959
400 348 822 633
394 438 807 456
352 428 500 20
445 192 889 191
407 26 827 810
461 384 232 398
422 257 423 649
218 83 76 284
77 76 381 274
327 379 884 285
174 229 604 900
153 35 283 192
37 21 417 425
311 388 474 442
247 469 440 233
282 372 449 714
226 117 413 344
424 229 161 408
317 126 381 350
217 122 594 699
34 421 437 536
181 175 944 952
90 173 684 741
252 423 50 979
331 112 983 621
347 498 439 96
195 163 204 724
444 143 171 956
408 281 246 689
107 9 730 248
313 101 372 650
404 142 303 474
227 356 923 45
400 258 170 621
52 491 751 868
392 125 852 63
413 353 426 458
37 495 773 550
170 79 35 321
30 412 486 628
43 3 416 660
466 269 612 657
474 218 214 680
414 325 765 360
155 15 99 184
414 185 118 584
476 379 105 382
336 250 448 752
282 354 470 634
164 1 86 193
377 45 698 840
282 249 746 631
57 30 311 490
72 33 488 50
381 159 356 817
382 5 803 817
363 162 68 884
11 6 438 11
358 86 653 854
114 498 495 423
39 18 376 631
332 249 587 265
162 343 792 948
19 1 94 168
376 420 809 602
115 31 754 792
176 160 287 16
172 22 655 641
375 429 541 943
249 162 597 618
244 253 48 788
134 428 611 483
193 321 224 569
108 113 170 458
23 22 830 556
290 476 402 997
412 34 360 407
204 211 731 175
405 211 901 612
258 421 582 909
436 442 529 285
492 405 818 196
242 207 343 549
78 3 222 375
498 404 397 899
432 238 541 24
109 83 61 240
30 8 746 913
455 216 659 535
174 345 410 739
286 299 713 106
118 175 839 518
455 281 591 196
447 216 722 742
337 176 151 481
467 102 34 758
385 290 393 21
89 336 800 607
8 164 968 827
326 93 196 287
102 61 474 442
32 458 234 153
367 239 342 962
250 258 938 564
14 107 381 292
152 62 932 121
127 454 730 844
209 246 106 321
128 289 334 91
286 17 320 70
121 444 394 512
88 392 58 132
222 134 36 798
121 211 243 27
241 379 26 315
170 188 768 804
320 281 395 826
336 17 1 578
325 156 439 928
74 204 846 535
429 315 680 524
280 199 792 562
300 419 129 434
449 145 575 561
341 396 379 204
271 267 564 236
90 46 499 804
224 141 39 740
469 121 734 679
3 138 835 807
259 371 856 92
289 147 420 7
444 39 669 548
365 371 165 986
397 142 66 918
191 73 590 656
207 26 587 834
109 245 720 898
346 96 522 546
239 153 536 930
231 130 327 221
144 189 915 268
327 214 52 91
174 231 30 592
329 209 473 964
90 319 764 382
250 27 286 798
422 272 225 445
336 254 885 53
15 3 187 765
309 18 726 842
16 305 667 406
322 125 108 856
43 424 134 530
462 62 613 163
223 84 622 311
161 314 439 334
408 125 901 220
52 395 145 164
496 237 685 168
315 267 941 114
130 380 125 277
388 101 491 147
277 322 73 468
391 129 136 105
79 360 999 281
132 26 712 619
21 386 921 674
129 262 144 116
294 116 190 862
77 178 222 631
376 297 190 60
279 150 473 237
271 461 905 764
290 478 625 750
280 163 929 154
244 258 376 414
81 207 382 224
112 51 527 550
189 374 319 363
6 209 588 554
92 313 905 857
247 7 866 154
223 175 89 909
226 215 627 641
483 418 312 586
399 184 888 167
500 335 365 55
275 180 144 409
173 271 405 191
176 218 197 1
374 314 794 490
116 351 830 524
85 394 406 214
398 107 968 319
490 67 137 611
324 98 857 797
111 375 932 683
389 468 754 960
493 178 758 735
368 110 419 174
125 219 652 162
124 227 620 193
156 112 308 23
341 339 245 342
240 211 860 368
237 125 882 898
138 379 669 406
274 169 974 711
69 90 51 581
319 264 760 411
495 84 862 800
494 235 225 31
283 164 322 14
381 174 546 560
398 491 69 663
282 156 660 77
465 454 164 249
240 63 791 143
324 203 774 943
75 48 179 336
423 300 614 990
381 194 577 188
166 466 609 300
45 27 681 131
149 319 606 287
233 208 717 843
273 100 480 616
292 427 611 113
99 25 263 939
165 147 871 403
63 295 290 889
198 312 389 578
245 19 805 784
124 125 53 361
405 227 323 523
118 490 185 478
464 493 489 561
370 38 904 400
291 148 409 255
167 171 803 769
356 332 255 157
283 254 345 9
425 417 456 319
203 418 175 703
440 224 677 718
383 461 809 701
228 345 764 566
263 318 489 977
391 399 981 915
353 437 882 21
14 12 281 388
52 473 866 60
375 383 566 359
337 255 974 165
449 74 502 546
185 217 232 433
175 70 410 510
181 84 670 889
277 252 272 167
22 18 911 589
74 17 513 400
379 267 787 62
41 4 185 480
336 357 749 536
444 221 607 699
54 82 514 971
195 10 684 241
398 273 714 244
248 5 842 641
132 328 305 475
499 108 818 261
183 367 638 400
327 18 241 66
192 412 152 523
52 218 609 94
245 275 803 692
380 261 777 976
128 407 817 451
247 101 669 16
159 372 941 213
464 291 188 314
81 65 926 970
261 241 324 848
43 271 21 202
100 33 695 249
232 142 246 773
227 375 662 26
311 499 545 100
18 6 42 420
478 475 987 454
368 314 440 833
434 415 420 88
417 464 421 621
487 231 829 816
405 88 610 375
31 116 897 475
169 332 743 273
171 265 738 146
293 173 13 681
377 459 896 840
131 467 703 759
359 203 162 192
193 105 3 39
89 406 520 164
24 95 124 583
109 92 631 835
256 492 886 534
439 110 408 378
444 97 103 524
358 292 344 72
297 253 125 828
373 209 791 650
106 230 553 198
7 498 942 850
226 423 41 116
449 429 998 230
389 208 244 372
396 57 74 733
329 360 409 980
382 228 912 413
364 444 323 338
440 363 572 845
15 155 399 706
230 450 533 174
141 50 229 499
427 23 630 803
175 395 23 339
101 259 516 684
10 261 773 72
113 251 612 368
485 317 764 298
318 66 39 719
79 315 687 647
391 338 46 643
333 424 459 806
240 475 384 591
298 390 914 108
165 472 26 373
199 430 211 835
480 134 768 857
467 463 768 638
481 449 661 880
487 147 235 271
46 298 40 354
286 14 419 803
371 22 502 655
173 111 615 456
89 81 758 891
240 412 384 846
236 7 159 808
161 414 218 150
440 358 128 999
415 238 787 36
102 214 991 840
414 206 757 81
169 191 452 250
195 1 750 219
283 490 514 317
293 35 627 731
31 344 5 300
419 255 561 96
148 29 490 784
282 269 250 623
374 35 264 83
87 164 349 457
386 186 365 367
303 408 476 457
356 147 567 613
415 212 201 907
28 168 66 204
310 194 544 824
121 40 916 580
272 16 518 239
292 9 101 445
327 450 609 945
61 404 938 348
289 13 710 291
457 466 477 615
492 42 458 386
399 457 633 98
149 210 7 143
197 78 288 280
90 124 809 477
98 178 747 457
188 161 755 375
326 414 448 242
206 407 21 165
325 133 180 488
291 148 108 127
56 3 503 881
325 3 454 892
382 458 281 113
37 130 915 592
380 483 267 212
333 270 886 758
132 264 376 20
139 320 244 621
15 392 825 49
491 263 782 349
496 118 558 203
240 238 301 940
496 8 107 223
117 75 107 971
492 443 78 777
498 2 771 430
383 234 126 963
83 221 457 223
57 69 422 96
174 126 153 324
113 53 57 508
477 256 521 725
129 497 615 791
328 36 216 477
432 358 689 127
58 384 610 142
249 381 726 678
49 57 673 597
307 327 42 269
172 8 491 676
356 392 750 256
497 156 408 480
38 218 658 20
134 2 452 81
119 86 32 823
46 377 367 427
194 99 840 301
180 84 362 718
59 52 170 563
77 269 150 386
415 30 414 67
279 69 140 782
9 2 223 861
71 420 106 954
109 154 806 17
459 78 467 926
467 382 702 512
167 153 997 772
150 419 488 654
115 235 49 26
430 356 915 232
18 136 10 74
341 65 194 530
72 6 702 937
253 72 870 276
36 495 492 928
369 287 333 863
292 403 974 336
189 111 477 860
236 281 271 11
492 89 671 450
129 433 657 223
298 305 135 214
297 9 22 37
75 253 776 849
484 208 392 583
12 490 72 114
231 388 598 842
156 479 6 361
165 16 253 648
104 356 232 898
227 126 64 34
391 226 106 45
2 230 537 888
151 378 589 589
419 58 86 188
499 169 174 219
126 494 884 710
150 380 835 498
110 488 504 922
137 234 185 639
60 3 660 656
293 396 768 176
445 383 401 999
282 296 280 282
252 385 421 952
176 238 802 458
294 43 64 373
53 309 414 444
231 380 499 909
209 184 842 470
293 178 599 901
436 74 650 915
66 264 611 284
96 71 845 989
300 347 953 695
202 316 767 495
500 148 360 519
307 281 567 254
219 490 680 414
75 301 212 115
158 166 700 393
488 349 752 705
194 21 335 892
434 336 267 551
394 217 637 762
428 307 238 265
82 7 352 838
489 289 347 2
340 237 948 846
477 290 361 117
73 131 687 365
254 156 113 879
299 188 874 924
42 389 229 608
381 258 167 868
321 88 973 125
24 240 730 259
26 25 546 969
102 125 143 472
380 314 565 80
304 170 176 788
238 377 850 36
307 461 55 742
135 368 114 45
174 137 56 847
482 32 698 683
100 311 97 793
351 90 626 769
335 99 494 21
135 337 220 257
266 31 210 205
247 277 378 739
442 290 217 756
293 150 336 195
302 437 199 354
500 419 905 5
252 34 632 625
145 133 953 384
192 37 838 963
55 25 519 580
435 285 97 962
98 44 413 806
303 330 334 399
82 322 359 432
152 40 412 258
160 92 525 492
385 459 650 479
467 252 597 2
198 290 706 723
171 77 835 512
40 332 834 536
303 149 310 603
357 227 405 434
454 49 563 423
297 180 271 489
293 230 78 699
169 344 246 272
174 54 1000 165
449 409 800 978
371 113 98 778
241 89 119 509
483 213 187 176
425 203 704 216
374 181 469 98
89 342 436 37
4 267 794 304
3 201 329 343
354 198 368 702
278 390 67 957
2 1 446 455
277 123 708 856
201 39 888 975
235 287 988 366
213 163 536 611
90 325 819 662
61 42 664 382
403 140 153 630
472 257 353 59
453 80 822 943
285 144 699 365
202 83 673 751
203 104 558 714
146 84 511 641
132 257 947 328
57 194 926 451
50 334 141 972
207 272 185 382
400 263 709 556
210 440 360 197
176 292 40 278
140 62 966 347
367 280 864 64
143 422 194 133
191 485 818 42
224 73 457 533
396 108 104 853
410 175 376 308
62 56 620 365
44 308 642 432
418 217 158 242
175 4 312 734
448 456 807 9
250 466 916 800
24 375 214 175
490 355 622 981
39 470 985 262
482 90 571 928
439 140 791 113
326 432 934 145
218 289 976 567
265 480 927 885
438 433 680 484
133 432 553 481
402 466 723 905
339 245 248 191
490 330 612 638
51 382 318 432
343 17 836 502
363 191 493 817
167 347 756 472
488 42 72 964
379 227 992 810
235 198 5 151
332 261 199 726
410 140 900 546
93 4 267 433
53 472 24 223
103 44 945 890
169 331 189 725
427 26 594 439
62 191 696 953
39 128 424 582
189 67 950 166
334 276 715 960
159 108 23 192
65 52 450 513
6 16 661 816
339 348 414 187
212 418 962 357
78 102 407 244
335 205 166 258
242 366 869 283
41 105 419 949
132 307 347 452
96 31 453 494
400 332 471 636
230 335 20 919
308 250 919 184
256 278 73 915
64 46 809 277
281 53 848 233
452 70 403 557
263 75 670 310
258 472 416 176
495 349 865 570
76 43 405 383
393 443 872 445
245 16 467 44
257 281 116 621
115 289 548 168
354 350 116 12
126 36 393 807
205 492 691 328
259 134 438 835
85 141 516 726
262 374 843 559
108 318 213 943
275 154 410 537
137 269 521 683
486 52 88 889
477 250 685 466
450 30 755 381
474 198 78 304
222 181 858 1000
285 384 472 556
196 363 888 664
360 84 683 856
169 107 837 304
457 75 492 637
315 80 171 101
175 15 818 984
198 310 870 307
123 453 622 437
426 349 318 460
274 141 462 238
67 426 576 634
229 387 237 754
381 301 507 623
334 406 901 551
81 433 154 139
189 498 207 89
22 276 452 8
127 132 378 608
112 168 628 451
416 255 956 142
37 201 352 707
399 210 598 647
