-932 -920 -638 -283 -250 -215 -54 370 374 389 534 622 726 800 843
-932 -800 -638 -389 -283 -250 54 215 370 374 534 622 726 843 920
-932 -800 -638 -370 -283 -215 -54 250 374 389 534 622 726 843 920
-932 -726 -638 -622 -374 54 215 250 283 370 389 534 800 843 920
-932 -726 -534 -389 -374 -283 -54 215 250 370 622 638 800 843 920
-932 -638 -622 -389 -374 -283 -54 215 250 370 534 726 800 843 920
-920 -843 -726 -534 -215 -54 250 283 370 374 389 622 638 800 932
-920 -843 -638 -622 -215 -54 250 283 370 374 389 534 726 800 932
-920 -843 -622 -374 -283 -250 54 215 370 389 534 638 726 800 932
-843 -800 -726 -534 -389 54 215 250 283 370 374 622 638 920 932
-843 -800 -638 -622 -389 54 215 250 283 370 374 534 726 920 932
-843 -800 -622 -374 -370 -283 54 215 250 389 534 638 726 920 932
-843 -638 -534 -374 -370 -283 -250 54 215 389 622 726 800 920 932
