-999 -977 -775 -455 -280 -182 -67 -30 32 287 329 416 422 467 690 764
-999 -977 -775 -416 -287 -182 -67 -32 -30 280 329 422 455 467 690 764
-999 -977 -764 -416 -329 -280 30 32 67 182 287 422 455 467 690 775
-999 -977 -764 -329 -287 -280 -67 -32 -30 182 416 422 455 467 690 775
-999 -977 -690 -416 -329 -287 -67 30 32 182 280 422 455 467 764 775
-999 -775 -764 -416 -287 -280 -182 -32 -30 67 329 422 455 467 690 977
-999 -775 -690 -467 -455 -280 -67 -32 30 182 287 329 416 422 764 977
-999 -775 -690 -455 -287 -280 -182 -67 -30 32 329 416 422 467 764 977
-999 -775 -467 -416 -329 -287 -280 -182 -30 32 67 422 455 690 764 977
-999 -764 -690 -422 -329 -280 -182 -67 -32 30 287 416 455 467 775 977
-999 -764 -690 -416 -329 -287 -280 30 32 67 182 422 455 467 775 977
-999 -764 -467 -455 -416 -287 -280 -67 -30 32 182 329 422 690 775 977
-999 -690 -467 -455 -416 -329 -280 -67 -32 -30 182 287 422 764 775 977
-977 -775 -764 -690 -280 -182 -67 -30 32 287 329 416 422 455 467 999
-977 -775 -690 -455 -422 -416 -30 32 67 182 280 287 329 467 764 999
-977 -775 -467 -422 -416 -329 -280 -67 -32 30 182 287 455 690 764 999
-977 -775 -422 -416 -329 -287 -280 -182 -67 -30 32 455 467 690 764 999
-775 -764 -467 -455 -416 -329 -280 -182 -67 -30 32 287 422 690 977 999
-775 -690 -467 -422 -416 -329 -287 -280 -67 -32 30 182 455 764 977 999
