-978 -970 -938 -793 -654 -645 -537 -255 77 120 165 168 253 307 335 342 419 525
-978 -970 -938 -793 -654 -645 -419 -253 -120 77 165 168 255 307 335 342 525 537
-978 -970 -938 -793 -654 -645 -342 -253 -120 -77 165 168 255 307 335 419 525 537
-978 -970 -938 -793 -654 -537 -525 -255 -120 77 165 168 253 307 335 342 419 645
-978 -970 -938 -793 -654 -419 -342 -255 -253 -168 77 120 165 307 335 525 537 645
-978 -970 -938 -793 -654 -342 -335 -307 -168 -165 -120 77 253 255 419 525 537 645
-978 -970 -938 -793 -645 -537 -525 -307 -77 120 165 168 253 255 335 342 419 654
-978 -970 -938 -793 -645 -525 -335 -253 -168 -165 77 120 255 307 342 419 537 654
-978 -970 -938 -793 -537 -419 -342 -255 -253 -165 -120 77 168 307 335 525 645 654
-978 -970 -938 -793 -525 -419 -342 -307 -253 -168 -77 120 165 255 335 537 645 654
-978 -970 -938 -654 -645 -537 -342 -253 -168 -165 -120 77 255 307 335 419 525 793
-978 -970 -938 -654 -645 -525 -335 -307 -253 -165 77 120 168 255 342 419 537 793
-978 -970 -938 -654 -645 -525 -307 -255 -253 -168 -77 120 165 335 342 419 537 793
-978 -970 -938 -645 -537 -525 -419 -335 -255 -168 77 120 165 253 307 342 654 793
-978 -970 -938 -645 -537 -525 -342 -335 -255 -168 -77 120 165 253 307 419 654 793
-978 -970 -938 -645 -537 -525 -307 -255 -253 -165 -120 -77 168 335 342 419 654 793
-978 -970 -938 -645 -525 -419 -342 -335 -253 -168 -120 -77 165 255 307 537 654 793
-978 -970 -793 -654 -645 -537 -525 -335 -168 -165 77 120 253 255 307 342 419 938
-978 -970 -793 -654 -645 -525 -335 -255 -253 -165 -120 -77 168 307 342 419 537 938
-978 -970 -793 -654 -537 -525 -419 -342 -307 -168 -77 120 165 253 255 335 645 938
-978 -970 -793 -645 -537 -525 -342 -307 -255 -253 -165 77 120 168 335 419 654 938
-978 -970 -654 -645 -537 -525 -419 -342 -335 -168 -120 -77 165 253 255 307 793 938
-978 -970 -654 -645 -537 -419 -342 -307 -255 -253 -168 -165 -77 120 335 525 793 938
-978 -970 -654 -537 -525 -419 -342 -307 -255 -253 -168 -165 -120 -77 335 645 793 938
-978 -938 -793 -654 -645 -537 -525 -335 -168 -120 -77 165 253 255 307 342 419 970
-978 -938 -793 -654 -645 -537 -307 -255 -253 -168 -165 -77 120 335 342 419 525 970
-978 -938 -793 -654 -645 -525 -342 -335 -307 -253 77 120 165 168 255 419 537 970
-978 -938 -793 -654 -645 -525 -342 -307 -255 -168 -165 77 120 253 335 419 537 970
-978 -938 -793 -654 -537 -525 -307 -255 -253 -168 -165 -120 -77 335 342 419 645 970
-978 -938 -793 -645 -537 -525 -419 -307 -255 -253 -120 77 165 168 335 342 654 970
-978 -938 -793 -645 -537 -525 -342 -307 -255 -253 -120 -77 165 168 335 419 654 970
-978 -938 -793 -645 -537 -419 -342 -335 -253 -168 -165 -120 -77 255 307 525 654 970
-978 -938 -654 -645 -537 -419 -342 -335 -307 -253 -165 -120 -77 168 255 525 793 970
-978 -793 -654 -645 -537 -525 -342 -335 -255 -253 -168 -165 -120 77 307 419 938 970
-970 -938 -793 -654 -645 -537 -525 -335 -253 -120 77 165 168 255 307 342 419 978
-970 -938 -793 -654 -645 -537 -525 -255 -168 -165 -120 77 253 307 335 342 419 978
-970 -938 -793 -654 -645 -537 -419 -342 -307 -165 77 120 168 253 255 335 525 978
-970 -938 -793 -654 -537 -525 -419 -342 -307 -165 -120 77 168 253 255 335 645 978
-970 -938 -793 -654 -537 -525 -342 -335 -255 -253 -168 77 120 165 307 419 645 978
-970 -793 -654 -645 -537 -525 -419 -335 -307 -255 -253 -77 120 165 168 342 938 978
-938 -793 -654 -645 -537 -525 -419 -335 -307 -255 -165 -120 -77 168 253 342 970 978
