9
-598417030
107704780
578089850
280991510
523497334
488378574
6863851
-614445457
-267171364
-312155333
136972731
-507834059
964656061
-269699546
92203816
394493940
749530760
464587420
-372203684
-855108152
260795691
-605604425
141433795
-629074726
164089203
636028330
-300465266
777429174
241403029
363836244
273253273
80513749
115763870
-441158727
969084174
-31885886
69515457
-505635191
472646510
-144827902
50850824
16061378
-215481796
-270020399
225635323
234476355
250244061
-632705703
390065827
-138200921
249462119
827593577
-370771575
-495732972
278463328
-27457773
104073803
-247011187
581720827
-146260011
-352511329
-11690067
-847049062
-492101995
164122154
167753131
-152797239
-331212715
-360603370
-406762030
-77280875
-43986973
-172579347
382063539
617678331
961025084
612468276
-637133816
89354781
149492885
253093096
-195285977
-141798947
-509266168
444391601
-360513617
-249860222
-80911852
-100840929
81385444
-223540886
832021690
-410393007
124500722
101044848
-133829610
390155580
202946964
61456367
-238170155
-245872750
378465513
250564914
-364144594
145064772
120102230
296723574
206577941
-86211660
-723609527
-356175257
-243701063
-601176312
141400844
-78152570
261934128
-460216109
387306545
495334869
355777154
635938577
507435956
347685113
-618076434
746681725
-484042905
-386832953
261563206
238874847
-606476120
-222402449
-334843692
-531954527
987344420
-391261066
253875038
-640764793
-168948370
643997667
-258701254
835652667
115674117
159661090
-715550437
359408131
613339971
390937522
172181244
-384073671
374004449
-255070277
-497576101
22688359
238107332
112132893
-227171863
-121267848
972715151
448819714
-12828504
-9197527
-820729726
-253931840
-632795456
175812221
-485145700
249105624
640366690
284622487
490906756
-235641973
-35516863
221207210
382096490
-606386367
-469413636
-512262172
604409186
418053994
359375180
398996612
19057382
600778209
589779917
-278861431
440760624
624338263
-88970942
88572839
-746297886
-98579489
-89842637
-231243481
-464985523
-624736366
386524603
-774196300
726842401
-116869356
-214343359
-15824508
-250642164
511066933
605280881
-3630977
-711919460
24531488
-984111546
-418452097
242505824
754740815
-21298614
409994904
-988539659
-226033426
-992170636
112043140
715152334
-203345067
-239272950
35118760
531556424
995403510
-445586840
-52046063
-246229245
468218397
-112530996
-383201976
-468275199
758371792
-164520257
-323153625
252736601
-851477175
-112441243
-957792210
36221555
-378863616
265194183
741471670
-473044613
167720180
245034006
334445589
-138167970
-125770520
123733207
475139050
-487673882
153123862
-375199688
315388207
-597545335
-394892043
0
145031821
-23826796
304782664
132559812
57825390
-58223493
151691753
-528323550
-828788816
55278937
504439952
823962600
125372417
-843418085
-97811974
-54592516
375436558
-124898825
-969482277
-130108880
723211424
586148940
-578487953
226773760
-122139543
-356142306
854710049
113502430
-378830665
311757230
-1138437
148060776
272932420
-610107097
-108900019
28162465
-104471906
-102210466
-249503727
-149890988
413625881
8002288
128131699
-743448851
-62651606
-24929591
-515893149
609619241
-241801132
487275779
-266389422
535187401
270404238
105443340
463448983
-348083216
330017476
-85339965
-11396395
136190789
-94180997
-86121907
-258330332
512499042
-270802341
-217974336
-463847086
-132957915
11291964
-160856329
276563397
846650959
-156517969
-364234347
452450691
230404737
515495046
-832419793
-610017344
3232874
-738238796
-734607819
632397353
229266300
476277487
-273330523
632307600
773001061
93075511
-219112773
97413871
983713443
-742666909
601649904
-120500333
-629164479
-304096243
-308524356
159750843
194887874
355744203
-289859723
519126023
-223184391
398124917
246933937
27059670
38749737
367467221
-489573813
133341754
257164714
-7765418
-719978550
-392132761
363746491
527128311
47219847
-414821120
198518851
101812363
-133739857
-19455485
-437527750
282094305
991772533
-461354546
14922941
-368572707
496437664
-751507941
-29357704
-257562817
-164487306
-602048007
-4769414
258303151
303698140
-47617950
351316090
58909914
-352544280
-621105389
30690647
230048242
-766137210
-130198633
-247332040
137062484
-55677040
-777827277
-449217817
371805581
-504203082
-160889280
-386922706
745899783
500808975
-481514723
367377468
-148458879
156030113
4371311
217576233
84144726
-152886992
609708994
-383291729
-375232639
-520264460
92985758
-395763738
-293490700
32590578
269622296
395365635
-326784602
-275230454
781060151
-66282583
-387704648
378432562
-129326938
-81783547
613250218
85016421
-769768187
-471906176
-582916066
226417265
-980480569
222345647
133431507
274035215
326386499
-824360703
-961423187
-965851300
-110269556
-199714090
467079960
10998292
301151687
109871453
769370084
386434850
-301549790
293092597
508868065
129003394
-191655000
338076566
218714670
-234874458
12430401
608837299
-141831898
370373472
-747079828
858341026
-586547043
-755138918
-344452239
89444534
-501207078
-367140598
750312702
-8059090
718783311
-281389613
621309308
492806687
498965846
-574856976
-32988681
-609235402
307329117
737840693
65884480
14629269
-106638579
-297918813
-89752884
-156428216
-108810266
-226815368
-277758636
421684971
850281936
-493204790
156119866
471508073
484747597
-523895437
-261961309
627969240
