9
153361312
985515367
833656786
405059635
591644806
590118227
266845400
11911836
265314205
732668462
848243783
597129388
259274159
584633645
266285320
10380641
405217722
855254965
265696797
845008563
729433221
843343129
398632381
741388264
993627287
745164205
259269543
267429307
155045978
740244277
148034817
833096727
591218986
4336000
592204865
165857055
736444382
262509400
991377946
741928964
157137232
980590844
8131300
592745565
595396878
16673656
730423716
408294855
406208217
162081114
14582402
594454206
742489023
581398404
11907220
991942621
737994936
733233116
261360818
987606621
841816550
727188475
155606037
984366764
156754640
845434383
847095201
264170218
990411426
7571241
156194560
849770383
850330442
257742964
836331968
737592964
597689447
835187981
600881460
15147056
7571220
991938005
272325366
843907804
16291043
735343623
737434877
158281219
735908298
846152529
399733140
595014286
17822238
261920877
256034323
986458039
260978205
845994442
734759695
840084040
403528440
747815518
853163711
983806705
159405953
848827711
409979542
594454227
725097221
992526528
990794018
585734404
735319775
262504784
591779045
156596532
256594382
163181873
732084534
588969624
13055802
596540865
9102415
591060899
989133200
840667968
408835555
404499555
164325860
982682098
995177841
154509894
591620958
412070796
402972976
145790071
732673057
594296119
592209481
599220642
413779437
263605543
10246402
271765307
739679623
0
20066984
984366785
13438415
9662474
977355603
400881722
742330936
847679129
150686130
7011161
837432727
584049717
11347161
152418640
409984137
976795544
153361291
408452963
994029259
17391802
2091254
982280126
845592470
998953782
846712609
596545481
161521055
268932038
10811077
260418146
157697291
259269564
733817044
990233959
405643542
6427254
156170712
152801232
855815024
991382541
3795300
598230147
728892521
149585371
270621320
594836819
848803863
730983775
261944725
993086587
257024818
14586997
411128124
159989860
402408301
401441781
251698323
405619694
741770877
729993280
836892027
409013022
747255459
407869035
989267439
727748534
988166680
415464124
411688183
252258382
412788942
151270037
739684218
840667947
842759222
395957199
10222554
588969645
730581803
842917309
410544217
732668441
267989366
263069459
728332462
20627043
587443045
400723635
149183399
739095695
849928470
839523981
147494117
6044641
404677022
601465388
262078964
734917803
149743458
15142461
591060878
263045484
596545460
18922997
978886798
586294463
156036473
270080620
161090619
983222798
980030785
9662495
414320137
264596038
155069953
845003947
987602005
983782857
737009057
10806461
838983281
982840185
407734796
738153023
413219378
598632119
405059614
984371380
397488394
266845379
986458018
11371136
404116963
734759716
583489658
146350130
259829623
412630855
585193704
269520561
266280725
408452942
846152550
264035979
395397140
989291287
598790206
160530560
731524475
981131544
143698817
589534299
410539601
840672563
153921371
159429801
154079458
162621814
158845873
264754125
22158238
5326495
151834712
158845894
735477862
989851367
851479024
153945219
996862528
407304360
738535636
6987313
735903682
844467863
743479518
273856561
12495743
732108382
158285814
993469200
593736060
593305624
738713103
740239682
254933564
253789577
849387770
850488529
153519399
22718297
560059
589529704
166417114
843903188
731141862
734377103
16831743
18382297
852019724
742919459
8719823
406768276
267405459
587825658
734199636
843477368
254349636
400293199
592769540
852579783
271181379
411104276
987176185
740828205
598072060
12471895
740244298
9820582
407892883
150126071
406203601
982122039
399192440
733228521
841232622
402968360
600321401
586724899
587284958
417555378
846535142
725657280
844443888
154505278
981691603
590500819
737004441
259834218
412228883
402968381
156754619
988702764
987041946
835748040
255493623
593870299
740804357
602025447
265136738
268530066
838581309
997422587
588974240
848243804
402384453
152978699
595980806
15147077
15730984
261360797
406744301
12337656
160932532
581958463
989851346
989693259
736468357
149025312
163765801
842759201
847683724
4896059
597105540
409395614
586882986
994187346
744020218
843319281
841228027
984926844
266840784
988707380
150709978
264194066
845568622
407308976
261518905
985897959
151274653
599780701
987018098
12897715
17233715
398048453
258709484
414880196
590678286
274416620
842199142
151270058
257584877
593310240
745724264
588385717
986075426
9279882
146934058
264754146
992502680
738153044
269090125
848239188
595985401
160372473
991942600
5484582
401283694
13055823
588409565
853723770
405777781
850918965
603556642
979446857
416024183
984931439
995718541
842376609
268371979
151830117
996278600
5886554
3235241
258685636
158841278
410544196
744580277
260800738
418115437
840107888
988142705
148594876
403533035
401824394
737569116
838423222
257182905
157314699
999513841
144258876
986616126
13615882
593894147
837992786
839141368
604116701
994617782
19483056
155610653
263610159
7575836
8135895
15707136
13998474
258125577
2651313
