10
-65401761
-943927321
-50042060
-979647148
-22912781
-16095990
-44379841
-78943056
-945067653
-936524202
-915950449
-957761880
-960365603
-960023311
-48336998
-50982123
-52427303
-930723481
-946313105
-88885875
-50164282
-921659949
-39544791
-51891283
-972642072
-73371717
-60385816
-955392917
-26669669
-931310150
-56047096
-973887524
-976537059
-21696983
-970901697
-948051549
-955097381
-51702998
-943816542
-36622987
-938264577
-41407388
-61858919
-917193629
-966039790
-77697604
-65678440
-71509120
-45686519
-53643101
-68000647
-953624278
-954269687
-943291965
-47167012
-935968808
-914198631
-974721218
-72356188
-72989613
-908102715
-50088816
-68634072
-951175012
-57798914
-65448517
-69539363
-33437432
-28778774
-39008771
-928124595
-60475831
-22191906
-32205695
-951250478
-945079096
-56553462
-29855224
-937720626
-77727258
-14864253
-52844720
-960034754
-65033031
-54813087
-41595673
-51057589
-51691555
-980904043
-45721832
-54801644
-948264651
-975291607
-68863995
-944461951
-909854533
-964378852
-961562027
-927184532
-48071762
-977073079
-924534997
-27038399
-40115180
-938890612
-53274371
-47565396
-25388904
-57492276
-71555876
-65957155
-62227649
-66248829
-49230305
-945895688
-903701362
-30161862
-74235065
-80113042
-57503378
-955592645
-47703032
-931955559
-956837756
-48705728
-72724918
-963007207
-29020140
-942988848
-961573470
-25159522
-948294305
-991199312
-40760589
-46333318
-13112435
-72126265
-953053889
-53443373
-940630987
-28410044
-83298597
-935665691
-68445787
-73588266
-17847808
-933909036
-24852884
-69768745
-50487200
-933061968
-63599294
-948663035
-78560952
-956546082
-971472086
-946542487
-929201045
-992062660
-977906773
-968578546
-43643027
-70385890
-950005026
-947417583
-38374805
-947406140
-48918830
-941248132
-956010062
-951883903
-973351504
-952420464
-6677748
-27251501
-907193555
-944232028
-945108750
-55383476
-943725662
-46626582
-44581500
-31595599
-953854201
-46319944
-930941420
-66784849
-923289545
-952190541
-67188892
-956849199
-75975440
-54877110
-943863298
-969103123
-29008697
-39533348
-24065946
-56664241
-95902394
-48948484
-7323157
-904283194
-6095916
-24054503
-36965279
-967979893
-42718903
-54923866
-975321261
-37178381
-966546156
-67153579
-992633049
-1740375
-71544433
-27838711
-987061710
-970318921
-960668720
-71019856
-50077373
-969531983
-53061269
-995554853
-41395945
-961775129
-950021306
-31377660
-9292914
-3185555
-26593259
-74512049
-28374731
-940106410
-934772384
-94468657
-60677490
-963313845
-50475757
-930739761
-964747582
-983887598
-69879524
-68323565
-11678698
-966534713
-957979819
-55751560
-953652542
-38717097
-36101931
-911594908
-923365011
-57987199
-916687263
-45226909
-48907387
-31393940
-926614143
-960377046
-75986883
-956021505
-968286531
-27129279
-25189176
-948253208
-948928271
-67430258
-64216780
-938879169
-45087866
-45116130
-932168661
-72771674
-16604628
-54289900
-922982907
-69804058
-29590529
-922258602
-943356932
-902838014
-950438723
-962638477
-20451531
-946202326
-10497269
-76620849
-951048819
-957455242
-954794264
-38918756
-46978727
-924723282
-950450166
-975966670
-4925930
-61019782
-32700618
-973551232
-29208425
-925152142
-930294621
-61601614
-946324548
-941237030
-942111480
-939507757
-49443407
-43347491
-926384220
-920367741
-940324349
-43981457
-26098336
-951037376
-953513499
-22203349
-976461593
-56893623
-60688933
-955974749
-32609738
-71049510
-924198705
-925750795
-90637693
-924734725
-46549867
-972135706
-958578472
-949423194
-951237104
-29625842
-63063274
-969950191
-949297001
-23419147
-917182186
-17341442
-973857870
-960947435
-59279407
-972717538
-979658591
-35189250
-932046439
-928983106
-30960243
-34350113
-947647506
-992644492
-21667329
-73296251
-57200261
-933707377
-70374447
-940753209
-972147149
-53631658
-91853491
-51322825
-906668978
-40150834
-45951214
-39287486
-77115772
-970330364
-965606093
-945097307
-991428694
-967791608
-33145758
-966130670
-972117495
-993803035
-22773738
-945972403
-74205411
-35426563
-55413130
-47503304
-56030275
-43946144
-67787545
-51334268
-939001391
-924010420
-968516454
-970890254
-972934087
-46856505
-975303050
-26404974
-924845504
-988243139
-939803293
-72265308
-918439081
-969114566
-29515063
-921013150
-53262928
-46967284
-987707119
-946819471
-58633998
-7541096
-925980177
-925950523
-927720552
-931540073
-27268322
-957344463
-959207060
-34563215
-32241008
-54519823
-60984469
-43934701
-9063532
-53672755
-959821652
-25377461
-972106052
-48301685
-945665765
-27850154
-961204740
-45733275
-934535071
-23407704
-961193297
-964160913
-59739017
-928936350
-952977479
-954147465
-88361298
-45762929
-941846785
-982135780
-71619899
-926475100
-40978528
-969748532
-930952863
-35733201
-70402711
-918627366
-942076167
-936275446
-942186946
-38410118
-67200335
-948081203
-945679139
-947217855
-971500350
-50457546
-35795293
-936311100
-927755865
-54508380
-965917568
-21033363
-939496314
-64205337
-974796684
-978288877
-55448443
-936512759
-963551158
-944433687
-952608749
-904917160
-937417509
-905441737
-5571339
-921042804
-904271751
-946911217
-950034680
-921613193
-64831372
-977718488
-943851855
-1751818
-42841125
-955404360
-43336048
-94457214
-925444157
-63292656
-929569775
-72760231
-925939080
-991417251
-50675485
-23448801
-905453180
-4355541
-926597322
-7311714
-65044474
-82789959
-66047170
-963854275
-967133366
-941540147
-949791924
-947758285
-979458863
-92082873
-926015490
-953865644
-966764636
-989676876
-64815092
-954805707
-86282152
-972335434
-942064724
-55459886
-30223954
-973240725
-906023569
-96209032
-918934004
-947636063
-89467707
-92716839
-62464962
-33981383
-38705654
-956239444
-54306721
-949510103
-924228359
-60107101
-922794622
-945603673
-33716147
-22267372
-934231954
-966499400
-85975514
-957333020
-19081817
-912458256
-13419073
-50688859
-51522553
-64508454
-81546779
-67798988
-56675684
-75957229
-27240058
-52415860
-32811397
-44470721
-20526997
-967669386
-24019190
-969225345
-74005683
-40457472
-964177193
-993169069
-988231696
-972070739
-10508712
-25499683
-979152225
-51829191
-40150493
-973580886
-951543742
-78361224
-48719102
-6107359
-911024519
-77202681
-43147763
-54888553
-78867590
-988813528
-56246824
-962945115
-68016927
-910379110
-31975772
-53708068
-51904657
-974075809
-909272701
-43134389
-33946070
-56260198
-976548502
-59232651
-931551516
-899345821
-945466037
-11667255
-56058539
-983876155
-986491321
-54167678
-990892674
-75375397
-951761681
-966776079
-936881489
-911013076
-38071688
-67418815
-91546853
-93287228
-970854941
-989458937
-938633307
-50152839
-41902311
-928354518
-943280522
-35177807
-70984543
-61322899
-933291891
-24664599
-77080459
-51920937
-985321335
-958282936
-14852810
-946512833
-11033289
-952988922
-940941494
-59861239
-959452922
-34886133
-3492193
-915441811
-97654212
-43364312
-957144735
-949434637
-4937373
-31607042
-36319870
-47872034
-70604370
-965594650
-932491579
-936892932
-955899283
-902531376
-44886207
-37792973
-947682819
-59243753
-48937041
-968885184
-923411767
-82053145
-72154529
-40749146
-952620192
-37547111
-45104687
-34579495
-46131659
-45751486
-63074717
-942493584
-927195975
-42194326
-62771600
-947048853
-37166938
0
-937138794
-68940710
-935079022
-948789228
-49582450
-56628928
-974674462
-935141114
-937709183
-66571747
-974685905
-47473650
-964759025
-33134315
-75757501
-90113116
-976426280
-70615813
-77127215
-928554246
-27763245
-44592943
-964390295
-921537727
-970977163
-93298671
-25806321
-49352527
-48735382
-921549170
-31964329
-919797352
-74017126
-44011111
-939496655
-59244094
-927109066
-922783179
-901097639
-23437358
-953018576
-19281545
-953635721
-951573396
-40161936
-42500964
-72801328
-933327204
-30453877
-908409353
-61031225
-918427638
-970965720
-79806404
-930106336
-63661386
-21021920
-38363362
-946835751
-929799698
-62429308
-70973100
-33992826
-964794338
-927690898
-963562601
-981398966
-958625228
-938051475
-943327278
-962117421
-925968734
-84541777
-950868374
-959195617
-99394587
-933338647
-968209816
-952482556
-59849796
-47489930
-976473036
-48290242
-965392991
-939461001
-97642769
-971702009
-26022870
-70186162
-28421487
-52227575
-996988590
-41285166
-927767308
-90101673
-965302976
-30760515
-954222931
-914210074
-49241748
-901086196
-950668646
-958589574
-73894904
-75340084
-36331313
-993814478
-52768005
-31071022
-26622913
-57998642
-928860884
-955606019
-49812137
-967346468
-51092902
-909843090
-906886917
-30530592
-61847476
-953007133
-932783253
-928971663
-967362748
-962409095
-975332704
-929507683
-32822840
-950403410
-24653156
-957991262
-53136735
-926585879
-980892600
-32194252
-982644418
-994384867
-944220585
-42765659
-941248473
-69170633
-12249087
-46120216
-931586829
-997000033
-75450863
-26634356
-75328641
-17836365
-989983514
-49951180
-931321593
-927231288
-49305771
-50446103
-969731711
-9926880
-948587569
-928365961
-63968024
-28790217
-58416059
-930416843
-908627292
-77191238
-87715889
-995248215
-932480136
-932157218
-37535668
-27885467
-8756894
-33347417
-75945786
-930306064
-52197921
-95039046
-954360567
-954758951
-956838097
-90331055
-65413204
-927120509
-989447494
-998740408
-74729988
-929876413
-924505343
-967780165
-41891209
-58937115
-949833021
-942693312
-22278815
-87145500
-23943724
-36929625
-24882538
-937755939
-975103322
-940741766
-69232725
-72143086
-88897318
-965929011
-955376096
-42730346
-87727332
-906657535
-72789885
-985627973
-973362947
-66583190
-969961634
-57491935
-44874764
-948576126
-76481806
-23637086
-925368691
-969720268
-52538082
-938062918
-974087252
-41902652
-34361556
-54278457
-945032340
-928136038
-971488907
-952789194
-944450508
-987073153
-58109421
-959084838
-28345077
-47691589
-58645441
-949821578
-945477480
-954158908
-952407090
-922764968
-952113826
-948698348
-55014746
-44517477
-50659205
-950680089
-942710133
-940094967
-74741431
-80301327
-958589915
-923400324
-948651592
-71631342
-919872818
-959731637
-977043425
-66260272
-938354592
-27774688
-19588183
-29637285
-908638735
-47196666
-950327944
-942681869
-28991876
-965024261
-92071430
-961810783
-921624636
-932693238
-962420538
-93823248
-20833635
-951266758
-48060319
-942480210
-62216206
-922119559
-969149879
-80312770
-954234374
-49317214
-977707045
-975827627
-944572730
-970395331
-44506034
-933695934
-949803367
-945297035
-949157958
-84530334
-951773124
-943938764
-949498660
-948064923
-923998977
-920179456
-30948800
-39655570
-22314128
-74541703
-960330290
-68434344
-948282862
-920379184
-912764894
-26604702
-935677134
-970365677
-949387881
-53074643
-69757302
-48412464
-947037410
-51104345
-46257852
-978213411
-971611129
-53661312
-967144809
-922753525
-19093260
-946849125
-954729297
-66693969
-81558222
-933925316
-7847734
-928337697
-935447752
-78372667
-9281471
-934523628
