7
-1970
761
-752
-735
-817
-672
-843
-1713
-415
-1176
-130
1292
-354
-457
-946
-1300
-693
-796
-767
118
-2442
-1481
-1348
-2179
289
-2855
-1846
-1589
407
-1557
-885
-263
-2094
-1852
-746
283
144
-215
-430
-50
-82
-533
-1707
-554
-1894
-1015
-1030
-811
-2324
616
-935
-2592
-1230
-1439
-891
-678
879
-1831
-1085
0
-333
-961
-200
-269
-1991
-1578
-339
-967
-6
-617
-1563
428
-345
213
150
133
-1133
-124
165
-248
-2737
-602
-1696
1029
-1009
911
-1681
531
-478
331
-1433
413
-828
546
1174
-1728
-2061
-1631
-472
-1363
-1418
68
26
-1209
-1776
-145
-628
-1100
-1315
-2474
-596
-1091
-387
-870
-1294
-1513
-1224
-720
498
-548
-1976
-2109
-1106
15
-463
268
-1148
-1218
