12
1213
1533
1716
608
1388
1098
1458
1461
1208
1376
2457
1563
1771
1283
1351
522
458
2334
916
1119
612
2515
563
1050
1381
1543
1221
2310
2175
1428
1652
1458
1674
2152
958
2234
1081
1953
501
1566
1832
1013
2470
395
1681
1964
2245
222
2218
2053
1466
64
2035
1777
797
2228
2138
1532
739
2505
1106
1629
2114
1083
157
900
1867
1591
1225
256
936
1411
758
2090
1459
1264
1666
1328
1316
796
1772
1842
433
1113
1396
1908
1372
1029
464
1901
1951
745
2135
633
1926
1822
1577
1001
620
742
1826
1771
1251
1471
2208
1088
2729
1824
1996
1701
1452
1567
1373
1326
1013
728
1490
1228
1615
915
795
2129
1310
2015
1754
1358
1279
1609
1116
2203
1179
2595
1885
980
1450
1980
1721
2284
1423
1129
815
1451
1602
955
1428
1959
1601
778
1348
1159
1321
1867
1014
2584
1447
1664
1496
1354
2611
2648
1008
1802
1289
1163
1647
1897
2122
1060
1809
2398
1054
1821
1243
2268
931
1758
1082
865
1769
1577
596
1334
1088
2423
1928
1851
2134
1421
1201
861
2713
426
1585
996
1785
1609
1474
1608
1016
1116
1709
1270
1644
1183
1220
785
1329
1540
886
1025
1172
352
1427
1465
1745
1727
2332
1709
991
2672
1521
1255
600
2104
1334
2552
1385
1871
914
1631
1421
1633
963
452
1947
1239
1214
589
1090
1389
2005
1166
2248
2110
594
2034
645
1837
2178
1258
558
1096
2504
1401
1736
1263
708
733
2021
296
1714
1166
790
1246
1066
1779
1320
1202
1740
1052
-43
901
2254
1045
1689
1123
961
1576
1190
1490
1623
1502
2172
1339
2073
1431
1798
2274
1721
1730
1527
1260
1041
1109
1103
1542
1042
1540
1476
1296
1114
2037
102
1955
1203
2155
245
945
672
846
1121
1507
2998
1178
1426
671
2627
1747
1145
859
2438
1710
923
1302
2019
1802
2355
74
1446
419
2453
1504
1914
945
1320
1181
465
843
753
453
1119
966
-78
1858
1392
1369
1940
2267
1853
2253
1554
1301
2019
1885
1872
1522
1276
1804
923
1283
1169
1564
841
1201
1516
2447
1932
1572
2365
598
2009
1244
1570
2107
1297
557
2133
1329
1841
908
2065
1459
1401
2400
1959
1086
912
1810
1552
2104
1357
27
708
1206
1601
1364
2379
1220
2735
2521
1051
1909
2477
1308
1947
2215
1149
1627
1158
2019
970
2503
1953
934
1215
2115
2413
1547
1447
1694
1371
1691
1960
1554
1065
2473
969
2123
2018
678
766
2498
1326
1324
1254
1348
1524
416
2365
395
1015
1078
871
2658
1922
963
2507
595
1784
533
470
1985
1829
1142
1566
2034
960
1304
1326
679
344
596
1136
2064
2165
1948
1014
2294
967
1277
1538
1641
1568
2080
1672
1522
1189
1302
982
1735
1877
1152
2143
1721
741
1708
1448
1310
357
1477
1113
635
1767
1358
1136
2306
1409
1214
828
1277
795
1192
1639
1484
1359
1871
745
853
2140
1815
2054
721
1752
683
1436
1665
1223
1570
541
1727
1946
1553
1043
1970
765
2092
1870
1093
1123
1466
2370
1290
2219
1733
1127
1047
1479
2197
1266
2133
989
315
1416
1807
811
2265
1122
1188
715
2337
2502
359
582
500
-80
2007
510
1651
1347
1068
-49
733
2240
871
507
1312
2069
1864
1458
789
1399
1147
2683
2084
1201
1342
665
1717
1842
778
2395
1898
1524
886
568
1537
2083
922
1463
184
365
458
1433
2413
1358
2523
1359
1371
823
1101
1629
2192
1556
2415
1752
1903
1637
2123
1598
1514
1078
2022
1991
1046
2459
1477
478
1326
771
496
1619
640
1571
1406
1631
1551
1517
1642
1159
1449
445
1251
625
1406
2347
2095
1045
3001
1361
1653
2340
337
1469
288
514
1578
2139
1922
2803
1592
2126
1399
615
861
1236
1584
2285
650
1376
2065
1337
1989
149
1390
1430
1639
1039
921
933
692
1363
1084
1345
1783
2084
189
1103
1092
1868
1110
2027
1340
1986
2010
2472
1246
1120
2372
1416
1912
1714
2210
2227
34
1385
2252
695
1454
1715
1283
1224
971
983
1502
1449
2315
2202
1442
1671
1497
832
1592
1839
-3
269
2753
1746
1003
878
1677
1014
1559
1492
1489
801
2073
1478
1121
1839
1673
1331
2345
894
1749
1462
862
1153
1939
1702
2216
2414
1754
208
790
2034
1778
703
439
1009
1073
1053
2022
1072
1406
1089
1188
2141
1749
651
884
390
1659
1871
1732
863
1251
1941
728
1282
1359
467
2323
1870
2231
691
471
1686
2004
1903
613
1188
887
290
1994
982
1511
1094
1876
2049
1516
1135
1404
1747
2142
2347
1892
752
1133
1547
1241
939
1246
2410
1366
1134
965
1666
192
546
1013
1515
1488
951
1909
2726
1936
1043
1729
1329
2052
2252
1429
1233
2291
1265
2423
1370
965
1639
2311
702
1499
958
1867
1711
2139
952
2584
1567
1840
2020
939
2246
1598
551
1140
710
1790
738
718
1051
1710
1393
1284
1996
1386
1719
40
1623
1495
683
445
1798
1239
803
1233
2162
1627
1560
2185
1660
1998
2160
902
1647
2485
2092
1100
2029
1316
528
834
1570
2660
825
2082
2039
1133
2435
751
2641
1932
2392
859
2048
1284
1340
1745
1478
1342
1133
2220
362
1434
1933
1716
1526
1026
1759
1546
440
1564
253
927
1860
1801
2259
1523
259
1161
147
2528
1703
2654
1028
1414
1200
1216
1521
2298
1644
557
664
1801
948
1383
1940
1447
1985
1372
1807
1526
2010
1126
1845
1524
565
1134
2260
927
335
-123
1931
1444
648
2665
1479
1814
1276
757
918
558
707
2064
2166
858
1183
1559
1533
1196
1435
1020
423
1022
1884
1669
135
1589
815
2341
1540
1678
1164
1629
1038
2357
833
447
1239
907
1131
1172
1780
623
1634
2416
1869
1464
2696
1271
1358
1154
752
798
1202
1041
1369
1372
2317
1558
1684
1258
1161
1628
1439
1560
788
1428
1535
1322
1233
2320
1917
571
2290
1184
1179
1812
2177
1293
1492
2168
2372
3003
1141
838
1416
1596
1510
1554
653
798
1789
1508
950
896
1681
1622
1509
1085
966
1789
934
920
2577
933
1837
1039
1841
1434
306
1517
1848
2280
988
2159
1634
1601
2112
2435
1572
1614
723
995
846
1741
1073
1346
178
1597
1548
1300
2147
1381
1266
1641
835
2325
830
1048
1426
1426
1162
2097
1032
1845
2023
1099
1129
1846
1594
1123
1691
2240
1610
1065
2184
338
884
1051
508
2076
1508
1441
884
255
784
2214
2067
1679
1266
1764
1646
1842
2320
1957
1772
2127
995
584
1667
1263
1760
298
2427
929
1115
1132
1138
2303
1833
1945
1919
1234
1045
804
2578
1419
1539
1514
1434
1752
1055
1754
1195
285
1616
2430
1178
2210
1966
1519
402
1765
1890
299
1386
1996
408
1749
821
1474
847
1690
1158
857
1457
1199
968
1557
846
2059
1296
1562
1034
1441
1603
1784
2034
2048
183
1265
1384
1081
1620
1984
1809
634
2033
677
1567
1301
428
1621
2007
1757
1951
2230
459
1091
1910
1571
1872
891
2047
1760
532
586
869
1522
1541
407
1133
1342
1294
1111
937
665
1603
2114
1551
1222
1996
1490
2125
2147
2005
1184
1628
3041
659
2230
1972
1046
1576
1553
2265
1476
725
755
1435
1866
1134
1095
477
1272
587
1589
1900
1446
670
2047
2502
1826
1459
1847
2235
2227
2422
349
1136
2370
2116
1572
2321
908
1622
1734
1534
1244
753
382
1114
1390
798
1263
1977
1565
2545
1815
2247
1601
1591
2187
677
1196
2416
1839
1223
1140
1346
1239
809
1333
722
1004
2137
1978
1489
1929
2010
1656
1835
1291
1371
827
1827
1489
1932
1409
1275
853
1161
1910
896
1221
1914
1496
1520
1587
2277
2308
1617
1551
2102
1126
502
1614
1071
1866
2050
258
2506
1208
726
990
1003
2098
1554
1471
1630
1383
1973
2032
1171
1260
2152
1603
895
2760
1663
1957
1977
1263
513
1460
2147
1586
2302
1489
1850
991
1788
776
1445
2172
1632
1807
816
470
696
1958
2354
1252
2205
1043
1708
853
2811
1564
1859
1535
1414
31
1859
704
953
1070
927
1356
1306
194
2121
1704
2095
1949
1011
852
1748
1148
1604
2272
2277
333
1065
1914
1604
533
1765
1052
1132
2027
2178
1196
628
1367
1268
-121
845
1734
889
1241
755
1079
2145
1721
2122
1033
544
1583
1023
650
485
2217
2698
1111
715
2125
1186
735
1322
608
2142
2130
1413
-118
1757
1653
2622
1538
1759
1714
2047
1190
771
1370
2180
873
1616
2023
1971
490
154
1727
1100
480
2100
1772
1408
1879
891
2328
2528
1946
2232
1994
1143
2055
1480
1407
1687
966
1228
2386
1799
1829
1422
2075
1639
937
2400
1057
1646
1804
2108
1483
1241
1529
1584
951
1795
2223
833
2164
1792
1423
1378
1145
1058
1008
591
941
1240
964
483
1289
1021
1460
1604
2197
1260
2040
2490
791
1989
1076
1371
1626
1758
2246
780
1901
891
1511
1391
1344
1277
1855
1438
978
2766
1346
1158
1171
1029
1035
2190
1176
2058
2097
2366
720
782
2035
1644
665
1973
854
1279
2541
2040
590
1672
870
1122
1802
716
1997
1251
2430
1503
269
1672
2352
848
1562
1246
1847
2886
1390
1464
1301
1191
1311
1834
1510
1652
1364
1431
2009
645
1577
1911
451
1778
1271
1472
2198
924
1315
864
1812
1639
640
603
1676
1917
408
675
816
1726
1823
1840
1483
1344
1672
1315
2518
1329
1905
1166
745
1684
2123
979
2109
531
783
1347
1780
2021
2402
1374
1258
1197
590
1128
1844
713
737
1351
883
1577
1193
1156
1334
1747
1705
1033
197
1311
2221
1359
1960
2020
1354
1716
2445
2067
2373
2410
1438
1572
898
1265
614
2059
859
1441
2633
1838
2929
1424
2080
980
1091
1331
1316
669
925
263
547
1234
2103
2461
1999
114
2397
1411
1057
570
-41
1774
2296
2097
1776
1279
1942
2307
480
1829
1465
1171
2011
1702
1340
759
858
666
733
1965
1746
1778
2377
1834
2002
2209
1955
387
1791
1566
1897
2590
1473
1203
1436
935
1564
2617
2010
1217
2468
878
1159
834
1559
2042
226
104
2022
2109
2066
1041
2091
1251
1237
977
1242
1678
1927
982
966
1228
234
403
1855
1852
1046
1989
979
1075
563
1447
575
2096
1396
1321
1451
1683
1694
1952
1579
1638
1214
1671
1120
1351
1404
1678
2646
2191
1914
1159
69
1642
790
1723
1606
1379
1877
1145
2422
1546
1644
1270
2327
1209
860
1992
2216
347
1022
964
1739
702
232
2243
2015
827
803
1116
569
1853
807
1684
2440
1222
1764
670
2702
1449
1765
1486
2172
602
1377
1308
677
239
1685
1276
1471
936
1004
1529
2880
1378
800
1640
1541
1233
1226
1096
1009
1102
1912
690
503
315
1735
2180
1654
1979
667
740
1027
1139
1647
1020
1905
1753
2333
968
1906
2
1333
1609
1877
389
2026
2102
838
971
2059
1078
1353
970
112
770
1145
1542
1369
865
628
1702
1321
1328
1247
1476
2535
2611
1978
1535
1751
1186
0
1415
1997
891
565
680
1068
1797
1828
1472
1466
1264
2620
1209
1076
1280
1474
1789
1059
747
860
2833
1177
2309
933
565
1143
1967
2497
1002
1508
1234
1964
482
1206
2586
2267
1529
978
1102
1519
2315
1482
2510
1397
1494
2122
1249
1599
1476
1397
2003
1064
1684
2158
1902
1432
946
1629
1500
1990
265
1908
1646
2102
1434
1862
947
2154
1953
1440
828
1703
1357
1176
365
1401
2440
1211
2032
2253
1101
1298
768
1444
1823
525
515
1209
1746
1731
1635
1636
1991
1934
2059
845
375
1045
2558
1003
2134
975
1406
903
929
1688
2387
2007
2364
2125
1317
945
1682
1433
495
2247
1751
2060
920
1970
466
1615
2395
1622
260
2547
1095
1055
1729
435
1036
1516
2045
1872
1679
1722
1785
576
1502
1715
1689
1108
1171
2047
2958
1051
2270
2087
1578
1032
2053
1128
1569
1830
1722
1191
1257
1784
422
1721
2030
991
727
1579
700
2035
1709
1289
1068
1522
1310
1890
2349
1292
340
1008
415
1131
510
1810
725
374
2157
768
1873
1481
1889
696
2653
1313
814
1494
610
1641
2686
2853
2397
1852
1601
739
1680
1781
1982
1082
1259
2499
866
2245
821
1917
1351
1993
1035
1529
1787
1238
1732
2235
1252
1917
1176
1361
925
2272
77
784
2072
662
1445
1190
1572
493
1195
1492
2334
1308
1935
1864
1070
1121
1198
120
1879
1660
1177
2170
2723
2463
1617
901
1353
2085
1360
165
1291
1165
835
1600
788
1666
483
1041
1808
2084
1182
766
2211
769
1711
277
1104
1271
1669
1605
225
1659
507
944
648
1511
2568
2210
773
1295
1354
1408
916
1696
1716
2323
1308
2170
1740
1134
1191
2266
826
1264
996
2215
2177
1608
620
941
859
1946
1527
1083
1279
2305
1647
1118
1658
1591
1821
1724
258
1118
520
1126
1053
1394
953
2165
764
2383
1409
1941
1747
939
1433
1204
2090
1955
1934
2691
2053
2278
1808
1742
1192
1706
2309
332
247
1732
1521
1794
1589
995
1915
2277
1915
2100
2335
2581
1540
2155
1126
488
1584
1594
1944
2921
2045
1930
1651
682
1340
1516
1191
888
1440
1025
2037
2648
796
2257
1221
771
2615
1501
1199
319
1403
901
1491
1343
2574
1281
2016
988
370
1007
1428
1694
600
1551
1835
1545
1642
1241
2140
1613
1852
1629
846
632
1643
2201
1927
938
1403
1762
1835
1170
1172
527
2806
703
1159
1617
453
1041
1420
990
878
1239
1056
1905
2333
1746
2293
457
1069
1215
2052
1537
1962
1892
588
870
2296
1504
1286
1113
1338
1008
1979
1447
2185
2380
1521
603
1233
2021
1828
2776
716
1288
1329
889
1417
2004
2166
983
1889
1509
1389
2582
2077
1235
782
1551
1506
1556
1411
795
2171
1766
949
1847
733
1872
2515
590
653
998
810
1592
1622
1797
651
1383
1875
1990
1083
1021
2452
1762
1496
1721
1927
1941
785
2740
1135
1817
1782
1495
2229
1541
1335
1578
1201
1345
1326
1376
2214
2186
1661
1718
2127
908
1751
1215
1680
1513
2745
747
1033
1422
1759
1431
540
1804
1960
1071
1898
2353
1241
1355
1634
1343
1885
1915
1625
2766
378
1779
1247
1404
2472
1359
1164
1590
1498
1016
818
1850
1001
570
678
1356
1701
1238
2603
400
2157
1701
800
1614
77
1363
1815
1992
932
1724
1741
2635
1272
1078
1785
2310
1236
1537
758
573
151
2433
1590
1108
981
1653
1323
2239
1811
412
442
1098
1904
615
850
1854
873
1679
1108
1250
469
1327
750
2178
894
2255
2060
720
1922
2189
781
2160
1380
840
-16
2016
2428
1659
1744
1005
820
365
488
1420
2704
1610
2117
675
1677
1536
275
1698
953
3078
2005
1161
1683
195
1497
1324
2184
2307
1647
1338
114
303
1767
1452
322
1802
771
1952
1126
1759
1046
606
2024
1892
1956
911
2624
1504
1514
1146
2501
1521
790
1689
903
1078
989
1639
2203
1309
1384
2064
626
2685
2215
1145
1596
1922
1040
1697
662
1877
864
1141
176
2205
2193
1939
1609
776
1003
1058
1581
1620
1865
947
812
2289
2392
2488
868
1796
1984
1158
1156
1865
1512
777
1677
1948
1865
1882
1343
2148
2222
1339
1028
1170
1617
1754
1103
2352
2773
1353
1353
1439
1347
1442
1467
1413
1867
1091
1935
1102
2840
2290
210
1737
656
1626
282
1170
1434
1220
2164
1433
227
345
1666
1497
1471
1579
2809
2125
1933
598
2768
2135
1121
2608
1333
2490
601
996
1764
1000
2846
2023
884
328
2390
1321
709
1968
2032
539
571
1458
1347
1288
875
557
732
1276
1394
2027
2343
1216
1208
2542
2282
1116
1401
1446
1994
1457
1378
1076
2060
552
691
1496
414
1804
2279
678
1241
1491
1409
2733
802
1596
1254
807
1271
666
1913
1240
495
2153
1692
1010
1291
2079
2592
883
1026
805
2139
875
683
1229
1433
2207
1978
2213
1786
1601
1704
1449
483
1253
1071
753
1696
2135
2248
1391
1597
1343
390
1735
2327
1372
1376
689
1576
1249
1047
1409
1596
984
1972
1696
653
1206
902
1341
1842
1267
1930
1439
1209
1913
938
740
2097
1461
1444
1392
2543
1086
1615
1957
753
1183
1196
920
2110
1792
2272
420
560
910
1459
1033
1402
1341
928
2425
1222
410
1640
1626
1236
2360
1471
2290
972
1263
545
1719
1497
1104
1164
2403
2515
1391
2245
1925
467
457
2224
1882
1583
1158
1030
915
632
627
1525
2883
712
1084
352
2458
1446
932
1672
1827
1790
1207
2141
1914
1546
1658
2135
615
2553
1509
1236
778
1088
1828
814
1227
1011
450
1831
661
1685
1334
1317
2099
634
813
688
1204
1935
1057
535
1153
1671
1916
2042
1297
1614
1166
2598
1134
873
1722
2202
2090
1583
1984
1630
1316
1613
1400
649
1539
1153
1072
455
1447
1284
2317
1542
1245
1464
996
1308
2896
1904
876
1202
2069
750
1384
1025
1382
1797
1771
2117
1054
1012
472
1643
2304
1984
1549
2082
1395
1485
851
1028
1464
1059
1997
1271
1757
1792
2322
1502
921
975
783
1016
346
861
664
1453
708
1682
2152
1313
766
1704
2090
755
1066
1309
1755
2222
1041
2229
821
2017
1456
1901
818
1088
1341
2625
2130
90
2286
741
1388
2188
1454
983
991
1384
2336
2188
2778
1391
695
2232
976
1990
1133
963
783
1979
1396
1256
2367
1565
1200
1125
783
435
1869
925
988
1589
1552
1053
1452
827
780
577
639
1777
1159
1211
2520
2020
2014
1467
1173
1404
1876
958
660
886
1834
1508
1414
2322
1734
553
993
723
1553
1547
47
1345
1512
417
828
1688
2390
1764
1645
1310
2057
1006
1452
1533
1479
2427
1902
1286
1532
1325
2443
2480
1551
1977
1612
1721
657
2358
167
2197
941
2655
526
1664
145
1421
1414
1129
1821
1529
1266
1313
2258
1370
2061
910
1864
1657
1552
585
1545
678
2385
107
1618
2273
544
1537
1709
1897
1878
2456
537
1776
1810
1266
1634
2218
607
1157
2323
1689
1118
1351
895
1384
1481
1010
427
1792
1504
2002
1354
2429
2202
1262
1023
373
1980
1335
574
1213
1614
843
1248
954
2173
1415
1259
1794
2033
1821
1238
1402
2478
1278
1267
1284
967
1465
1899
2205
1920
1378
1016
1927
528
676
883
302
1740
1703
2454
1147
2282
1159
1848
1733
1189
1679
530
578
2127
1602
1421
2350
1203
1746
1884
1910
1121
383
1389
1301
2261
934
1315
658
1502
1379
746
2536
1527
2062
950
2491
1463
2790
1738
1969
1521
1384
693
1109
948
670
1194
1366
1313
1491
788
1714
1709
1499
1697
763
1404
745
1146
1428
1063
2241
1671
2697
1204
1479
1797
1235
2295
2348
740
1734
2565
1634
2120
2339
1004
1554
1454
1177
494
1821
1829
2021
863
1766
1356
1613
2342
1609
700
2464
2176
2460
1639
1391
1341
2036
1855
1084
1799
1224
1156
1002
2386
961
1822
584
2204
1139
1570
1028
302
2015
2098
1008
877
1664
1884
232
714
882
559
904
1790
530
1959
2182
2066
1254
1889
1304
622
1452
2070
1109
803
1722
1066
1175
1582
312
796
1717
392
2039
127
984
1527
1366
1090
1939
1303
1109
294
934
1947
1636
1658
1496
908
990
1171
1194
2661
2350
845
1214
301
1588
2167
1021
1233
1954
2253
970
770
377
692
1928
1533
1929
637
1059
1714
1281
1509
1318
2092
998
1165
1096
1219
2578
1610
71
848
1854
1328
1705
1864
974
490
1313
941
825
1902
1655
1471
2378
1927
1179
2923
1667
728
1417
735
2078
523
1083
1816
1719
1667
170
1647
1469
1603
1254
1175
1719
865
1771
1279
646
-6
1093
2531
1474
2244
1079
673
730
909
2260
1222
1284
921
715
1151
1186
1121
1834
2421
548
965
381
2561
1487
1419
2608
1599
1710
516
1814
1153
637
2533
946
2098
1085
1070
1056
948
1458
1939
1733
1015
1463
1436
1615
1759
1916
2089
793
1174
1121
521
2046
1040
1302
1510
2384
1814
3121
1223
1728
1446
1447
1965
1216
1785
1538
1116
1787
2359
1086
843
1784
508
1802
1558
485
758
1295
1752
1367
1569
833
1063
1942
272
755
975
2127
1073
1174
2622
555
1084
714
1805
1453
1390
327
652
1096
2077
152
977
1365
2280
1676
896
1884
1196
2128
582
1314
754
757
1722
851
1297
1151
939
1059
440
1513
619
376
1723
1708
627
1833
2040
1889
1839
1466
2728
1284
2071
1621
1641
1839
1359
1896
1433
890
1163
675
1576
2104
543
1476
1692
902
1777
1674
1484
1396
822
813
1076
978
2165
494
819
1684
1930
1546
1857
546
1469
2541
816
1208
1097
979
1563
1706
1095
1631
2485
1735
1692
587
1574
2292
572
1038
1183
2493
1735
1128
1536
698
1303
1131
1767
1989
1546
870
437
1824
547
2160
1253
339
890
2054
1584
1748
2017
1822
1874
2140
1565
2397
1449
1169
2411
1859
1686
2265
2293
1227
1982
1345
1150
1876
2227
636
1296
1935
1288
2816
1298
808
220
1356
1229
826
1339
497
763
538
215
1013
848
881
1764
1274
627
1754
2111
1526
2534
1759
2055
1624
1329
1318
1747
1657
2710
2688
963
1054
2441
421
1534
1018
219
1852
1651
1744
1089
1887
1246
1872
2189
1567
856
1147
635
1796
1484
1058
1728
966
1898
940
1431
1314
1314
1890
2540
1364
641
1353
860
832
972
272
1597
1220
1903
841
888
1759
1321
1976
1252
1529
1408
1433
2173
1707
976
1488
953
603
857
1198
1684
2849
402
1674
1737
1660
870
945
1398
1250
1676
1490
1503
1761
1796
1739
2046
1148
378
1378
608
1338
1208
811
1769
1782
520
1484
1580
2579
903
1560
940
1461
1068
1656
1290
1523
1397
1270
2298
1947
1258
1327
2621
360
2200
1265
2360
663
2096
2336
1459
1659
1015
1972
1178
1658
687
906
1585
1657
1761
1817
1880
705
2203
743
1386
2445
1368
450
1421
1827
1383
1744
1697
1825
1146
1472
560
1409
1071
1851
2057
1144
379
1660
702
760
876
2670
1241
971
833
1227
1847
1812
2435
424
694
900
1422
1415
1332
821
1567
1977
926
2731
1878
871
1221
1770
1762
1652
1944
707
621
1148
-198
1140
1539
1690
1296
1494
1579
2312
1229
1418
2465
1535
1046
1304
1812
1421
2114
1459
1163
464
2147
1616
1496
1131
1891
2478
1303
1483
2109
1030
1427
1303
1083
1655
613
923
1943
1633
1346
1261
1282
1213
1820
1429
1839
633
1604
1617
1327
1161
977
635
478
820
952
1527
738
1857
903
1291
2466
1115
2012
1891
950
2128
1539
2082
2028
2715
1526
1809
2960
1304
1166
1038
1196
1489
746
907
857
1834
1896
1419
896
1909
1559
1690
1364
1334
2548
2315
182
1596
1645
1416
1277
1596
2037
2504
1719
1697
2112
1146
1837
782
2329
1417
1858
2109
1900
573
2409
1642
2009
1860
2002
1986
898
2385
962
1371
1152
2605
1699
1534
1943
2029
1486
1095
964
1071
757
1549
1974
1128
1501
445
2373
820
2565
1052
1825
1238
890
1941
2408
840
2077
2402
1826
1052
1809
1656
933
1431
1828
1946
1835
913
1717
296
1409
1791
2068
823
1795
776
1727
1341
1249
1866
1539
2145
831
1038
710
2243
1534
1279
2803
1559
1299
1184
741
1225
1665
847
1665
928
1197
1059
1555
1090
553
840
1509
1388
953
1582
1641
2085
-161
2878
1626
2062
1422
1524
2150
1471
1267
858
140
720
2202
1351
1164
1224
1628
2284
1320
1749
1257
339
2085
772
1377
1919
875
1115
1278
958
1796
1422
1237
2052
844
1157
1794
376
1797
1724
658
1809
1972
515
-241
1823
1027
1009
1620
1916
1918
1368
1049
