13
-1896
-1394
-1164
-1224
-1010
-2471
-466
-1677
-908
-1037
-1560
-1982
89
-1304
-701
-2205
-2317
-591
95
-227
-1544
-1875
-2120
-1954
-891
-502
-1271
-901
-676
-2879
-633
-1817
-647
789
-702
566
-776
-1758
-2378
-2015
-1353
-191
835
-2295
-1907
-1771
-1830
-1944
-1056
-1860
-2052
-972
-450
-1852
-1139
-2478
-1247
-1063
-1536
-2548
-1351
1324
-391
-2446
-574
-2060
-1256
-2452
-3029
-877
-759
-830
-936
-488
-1971
-2289
-953
-1566
-1877
-1085
-645
-1057
144
-1567
-3446
-1046
55
-2422
-2528
-213
-524
-853
28
-2487
-103
-28
-328
-1709
-1713
-786
141
-839
-920
-586
919
-259
387
-1043
845
-1321
-740
-1012
-1127
-3472
-756
827
-2847
-1297
-646
-1170
-2273
-855
-939
1097
-1001
-9
-562
-1212
-2319
163
44
-1156
-517
-1615
-1122
-206
-1753
-2208
-1234
-2324
-809
-518
1437
-378
-1746
-884
-39
-1708
-926
-1514
-481
-2587
-1230
-474
-3173
1084
864
575
-1689
-615
70
-455
-1649
1661
-1247
-2004
-55
635
0
-1951
-430
-1635
-75
-427
299
-829
-51
-269
-1789
-1213
-1059
405
-2382
-60
122
-244
-326
198
-125
-1693
471
-3035
305
-53
-803
424
-1804
-3280
-830
-553
-875
-1966
-2010
-478
596
-2436
-1846
-1573
-1241
-2657
71
-625
1334
-2000
897
-1509
-1625
-680
12
-1894
390
-1982
-1856
40
-445
-1944
-438
-2478
-1760
-1625
206
-406
-993
-1499
-1052
-812
797
-698
-615
-1677
-1677
-483
-1606
-2016
-490
-1059
-1794
-879
-771
-2351
-866
-1608
-1642
-2497
-904
-1673
-1360
1410
-1011
-1123
-828
-1290
-101
-2119
-1124
-1611
33
-141
-2233
-1872
-605
-1626
-1086
85
-1365
521
-2671
-250
-1773
-952
-914
319
-1556
-259
-1342
138
1067
-2103
-594
-1099
548
-782
-1483
-2586
-361
-966
362
-2689
-652
-3167
-1979
-335
-1564
-1647
-1784
-1407
-585
-245
-197
-919
-2203
-1787
-1925
-1219
-1671
-2640
-1776
-1757
-442
-1413
-1478
-110
-2800
-1285
-515
6
13
-1085
-160
-200
-1435
-40
-571
-1991
-3073
-2957
-2255
743
-1052
-894
-237
-2715
-831
-1392
-1947
232
-1539
-489
-2376
-2480
-731
168
-1394
-407
-1874
-1910
-1268
-1593
216
410
-1104
-620
449
-348
-1020
-3253
-1430
-1104
-983
313
-1668
-648
-227
175
-1240
-1839
-2015
-1793
268
-2505
-1393
-1650
-1429
-394
-492
-1174
-1043
-1603
-1413
-2287
-522
509
-2688
-2077
-1119
-2268
-81
-1548
-1616
-1366
-1728
-1131
-1293
-1399
-94
-583
-1560
-310
-938
-2451
-3337
-1104
-628
-1661
458
-2050
-1913
-1912
98
-1763
-1201
-470
-1272
199
-893
-1709
-1909
-288
1335
802
-1953
-502
-803
-1215
-1122
-1182
-689
-605
220
408
-1142
-1604
-596
-1687
-2741
448
524
-636
-2092
913
336
63
-2563
-1821
-537
-793
-2471
-1039
-1714
-1034
-368
-501
-1198
-1115
-1298
-3051
-225
-2677
-1015
-1491
47
-2099
-1156
-2358
-1288
-1682
-769
-1244
-1967
-1985
-1695
-2233
-1646
-1757
-1920
-46
-955
-1328
-1942
-792
-769
-1322
-1159
586
-772
168
-1348
-1612
-1246
-853
-2143
386
529
-2086
-395
-2927
-751
-453
-1437
-2608
238
-875
-2259
-476
-1213
-1109
-1906
-657
-554
-1431
-105
-1685
-2165
-3026
-1478
-744
-1812
-1409
-1077
-1559
365
-229
442
1086
265
-988
-2265
327
-514
-1442
-1767
-1303
540
-2084
-226
-1163
-2433
-1043
-1388
-629
-1746
-1039
-1578
-1474
-1383
-409
-403
44
-788
489
-1307
-1600
-1773
-128
-1979
-1258
-1165
1
-47
-1860
-335
-510
-1269
-2967
270
-137
-2635
-268
-2276
-365
668
-2306
-1696
-236
-1827
184
-1233
6
-1597
-1281
-905
-1849
-1636
-3378
-572
-1118
-2813
-2535
-2799
211
-1434
-717
-1487
-805
121
-1575
-1214
-2031
-1051
-780
-1438
-823
843
-1189
-278
-943
-1682
-1806
-1489
-1021
297
-567
-1426
-1912
-3126
-218
-208
-1445
-1006
-585
-1534
-546
-610
-541
-3224
-1028
-2017
-897
-1318
68
-510
-531
381
-1768
-2146
-1061
-1901
-1920
48
416
88
281
-1374
-2588
-560
-1777
577
516
-718
-1930
-1161
-673
-1347
-916
-156
-536
-846
-2227
-2240
-1493
-455
-469
-1349
387
-1013
-784
-787
-1831
-1421
-102
-1933
76
-1437
367
-881
-2394
-996
-1436
1100
-1074
-1129
-995
-116
-2334
-1919
-2279
-1360
-1238
-2087
-1454
-1098
-2880
-1716
-1499
-882
-2022
-510
-2083
-3177
-893
-940
-76
929
-1498
-773
-1312
-410
905
-1701
-1234
-766
-1144
-2190
-2984
-1983
-407
-688
-889
-1327
219
-302
-2900
-2131
-530
-1118
-2109
-1638
-1192
51
-1417
248
-2402
-353
-1664
-950
-465
-940
-2632
-1329
11
-1658
-243
27
-1695
-2044
-1956
-536
-1529
-1624
-1662
-1238
-449
57
-2820
-1398
156
-119
-576
-718
1156
-1755
-491
-3365
-1156
-1651
-961
-2083
-783
-1047
-218
-2600
-958
-526
-2168
-1447
-1334
-477
-926
-1229
-2587
511
-483
-1602
-1190
-1180
-1834
-1059
-1090
-759
792
-1290
392
-2857
-499
-1622
-1873
-2336
-845
745
-1453
-343
-1650
-2108
-1979
-534
-139
-3043
-1566
1113
423
-602
179
-217
-1360
1213
-2204
-1414
-1690
-1434
1034
-1269
-44
-1663
-1147
-931
33
-913
27
1131
-2055
-1261
-334
-156
-1779
-628
-949
704
-1472
-450
127
-635
-2813
-314
-1228
33
-1720
-1075
-50
-1169
-1174
-98
-2293
112
-945
-2111
-1075
-276
-1687
-1540
-2335
-19
-1646
-1380
-1681
-38
-1410
-1317
-1919
-172
-723
-181
-870
-917
-2314
-977
-2337
-1407
-2125
-725
-1771
-70
-748
-508
81
118
394
-1339
-831
-1335
-1101
-890
-880
-2983
-909
-618
-1033
-736
-537
-1995
-2603
494
270
-1814
646
-1221
-1566
-519
-712
-1407
-2125
-2182
-1115
-1603
-834
-791
-1358
-470
297
-386
-1575
-1868
-349
-2094
326
-1775
-143
-1564
-1162
-2055
-1693
-756
-1084
-1683
-893
-1005
-704
-2003
-1055
-1791
-1034
71
-707
-1874
-1730
-456
-2619
-1497
-392
-2055
-2310
-516
-380
-2287
-2106
-2461
-584
-1578
-534
-1458
-727
-1306
-644
-56
244
-802
102
-1019
-1348
-853
-946
-869
-1020
-558
-2546
-1501
-1554
-378
-265
-220
-251
-646
421
-262
276
-1213
-1660
-1336
378
-2419
-1839
-1510
-333
-853
-1350
-358
-1144
-1451
-477
-3489
-1354
-802
-1629
-2334
-430
360
-1952
-182
-1876
171
-777
-2358
-562
634
-572
-1728
-746
-869
-535
-2242
-2524
-848
143
-310
-1235
-596
-1368
-1138
-832
-1081
-507
-1516
-1852
-1071
-760
-69
373
-1873
-251
-2040
-638
-1225
-928
-877
-622
-1322
-391
-1555
-1811
-1163
438
-551
-667
-2425
-2435
-748
-1668
-2630
-292
-1390
-1587
-2157
-1081
-849
-1304
805
251
422
-2123
-950
777
-1642
-75
-1223
114
-308
-1540
-648
-266
113
-1288
287
-747
-2672
-7
-1541
-962
-1829
-348
-1641
-2107
-1041
-2194
-1476
-1855
-1869
-1770
-3135
-327
-678
-578
-1925
-1547
-2192
-1435
-989
-1623
-2403
-977
-1446
-891
-1439
-2208
-559
-945
-772
-934
-1816
-552
-2323
-1088
-964
-89
-462
-792
-2940
-1941
-1362
-745
-240
-2792
-2088
-2489
-1233
-873
28
-2174
-177
-1542
367
436
-1191
-1010
-207
-1387
-1177
-894
-579
-1395
-726
-2128
-1538
-2473
-1274
-514
-591
-910
-502
-2840
-2265
-1770
-1114
-1137
-2557
-637
-897
-1186
-2293
-1295
-1533
-1603
951
-1066
518
-683
-2797
-661
-1163
-1880
-2208
-2173
-1882
-4
-2902
594
-2732
-2216
619
-729
-418
-916
-621
-1714
-1018
-1630
-2899
-115
-1704
-2552
-2003
-2118
-414
-1002
-1181
-1677
-680
-950
-1517
-680
-1109
-456
-2058
-447
-2014
-326
-2464
289
-1300
-1069
-1201
346
-2234
-1520
-2504
386
-1832
-2357
-2366
-841
-1086
-930
-367
-1061
-476
988
346
-534
-662
-566
-387
-1375
-1071
-2675
-129
-651
-704
-1239
-635
-1268
-1132
-556
-1600
-2484
-467
-3615
242
-974
609
676
-718
-2308
717
156
70
-5
25
-1329
-2008
-412
-1820
-1791
-812
243
-686
-146
-2271
559
136
-2825
-1431
-1893
-491
-245
326
-817
-1303
-2376
-918
-843
467
-866
-1316
-1691
-804
-1593
-1102
-2309
-1438
-595
-1077
-1436
-488
-388
-1771
-700
-1288
-2709
-1188
-870
-3081
-502
-2716
-1207
-1719
-993
-2165
-395
659
-1058
-1172
-1898
-1958
294
-1264
-353
-573
-1277
-682
-1408
-845
-956
-1734
481
-1498
-1904
-2355
-539
610
-1997
-1344
-2830
-746
-648
-1023
-593
-1847
265
115
-1777
741
256
-1531
-2171
-1393
-847
-913
-2228
-2516
-628
-1123
-2090
91
-2066
-2511
430
-1294
307
-264
-1015
-1293
-681
-924
732
-1415
117
-249
788
-1415
-949
-540
-877
-1286
-1329
-1547
-1374
-1226
-183
-73
-639
-2036
-2875
-119
-968
-1080
317
-1459
-438
-262
-1451
-517
-1952
-512
-2371
-742
-2273
-866
-950
-1727
-463
-421
-810
-366
-495
-572
-1831
-264
-111
-8
1478
-2530
-1682
-2442
-2135
-1204
-559
-874
-1414
300
-2692
-2072
-327
-553
-110
-2550
-1560
-498
-1272
-1435
170
-775
-1118
-2405
-2019
-1188
-1652
-2525
-1887
-518
-924
-929
100
-1451
-155
-276
-1587
-1347
197
6
179
-951
-2250
-478
-134
-1291
-2131
-819
44
-1790
-102
-1955
-1193
-1154
-937
719
-736
-2453
-1365
-400
-2184
-993
-2406
-2613
-213
-1935
-893
-1358
-767
-210
-975
-1336
-1872
-475
-2190
-2573
-801
-996
-2314
-55
-29
-408
-2662
-2464
-450
67
-1525
-1983
-588
-282
-787
-2362
-1825
-1007
-118
-1916
-14
602
11
-135
-689
-184
-1900
-167
-199
214
-634
-2169
648
-1296
-831
-1047
-496
-1577
-886
-3588
-1245
325
113
-2006
-804
-3377
573
-703
-424
-483
-482
-1055
-1441
122
-746
-3178
-1284
-725
-1200
100
-974
-1296
-1684
-1730
-1288
-723
-1866
-926
-1355
-2827
-1457
-742
-1793
-461
-247
-383
-1647
-1119
262
-1807
-971
-1688
-54
-1544
-2378
-237
-2102
912
-1528
-205
-178
-456
-107
-1471
-1722
-626
-385
-1618
-1353
52
-653
-925
-2478
-913
-2252
629
-2524
-2074
324
-383
-1746
-1292
-1418
-1782
-1903
-315
-74
-1382
249
-755
-1798
-2497
104
-1691
-1463
-2087
-2001
-835
-27
-1914
-2664
53
-1201
-3591
-993
-2913
-1091
-13
-1378
-1399
-2290
-856
-1931
-2441
-1939
-880
405
136
-496
-283
-2134
-2239
-594
-1709
-2081
-181
-2605
-1310
-999
-2368
-2350
-661
-475
-913
-1436
-2678
-283
-1384
-1296
-1293
-1224
-1439
-1873
1073
-298
95
-1748
-937
-1840
-703
-1518
-935
-156
-1424
-130
-1013
-405
-288
-1766
-1601
1012
-2446
-2842
-2147
-1846
-2413
-1115
-712
-1071
-822
-2166
-783
-604
-1717
-2926
-2215
-1734
-265
618
-345
-478
-1072
-1033
-1222
-2309
-1569
193
-374
282
-594
240
-864
-858
-1082
-1329
-2562
70
-952
-1278
-20
-1193
-2084
-1342
-889
-1309
-1204
-379
-2068
-2028
-27
-1458
660
-287
-1685
-631
155
-2831
-2455
435
-2354
-2080
-726
-351
-1956
-730
-1769
-1335
-971
-1501
-997
-1928
-653
-883
70
-1700
-2941
-308
-666
-1458
-2632
-151
-731
-3461
-601
-1094
-823
-621
-284
-1310
-796
-919
-226
-2030
176
-1414
-1068
-313
-1907
-1074
-1253
-1810
78
-809
-551
228
-192
-750
-1076
-553
-1852
538
-2357
-1027
816
-1328
-575
999
-597
-1272
-2325
-2798
-1194
-2146
-1592
-292
-618
-932
-643
-1091
-1254
-25
-1198
-1873
278
-1517
-701
-1757
-1936
-140
-1583
-868
149
351
-1139
-1736
-700
-1450
-2559
-1728
-1292
-2329
29
-2460
-996
-509
-434
13
-783
-2126
-1437
-242
-2380
-2569
-578
-1881
-1372
-1166
-1934
-1229
-1957
-284
675
-1955
-2522
-920
1142
-1645
-1417
116
-2110
-429
-912
-466
-2284
-509
-203
-2267
-2316
-538
-1968
-219
-1479
-532
-508
-413
-1096
-1891
-1902
905
-732
935
-2039
-1279
-1555
-516
-924
-1437
-1172
-2031
-1473
-1315
-796
-1615
-1486
-2667
-283
-1771
-591
-283
-1490
-2630
-28
-2770
-295
-667
662
-850
-1415
-612
-2943
-1210
-534
-724
-1407
-1318
-3280
-1094
-513
113
9
-1862
-1315
-624
-1715
-1565
-2213
-1029
41
-723
-494
-1896
-859
-604
-1528
-814
-1151
940
-1760
-2806
-1871
-462
-1113
-804
-1308
-823
-371
-1061
-98
-2983
-2168
-1641
-159
-1151
-495
-1149
-1936
-1520
-2692
-2693
-455
-1887
-969
-1183
-388
-1529
-3153
-1341
-3105
-3969
-2114
-375
-281
-1603
-225
410
-2485
-1162
-1040
-1346
-1201
-2202
340
-2138
-676
-309
-341
-56
-597
-1555
-940
-3296
-1625
-348
-1045
-270
-1064
-1698
-2870
-364
-547
-1107
-2899
-1788
-867
-1104
-583
-289
-2333
-1774
1323
1351
-302
-1509
-868
-1547
-2125
-829
-1772
-506
8
-610
778
-193
-2086
-2170
-1090
223
-2720
-1398
-129
-1050
-785
-124
-1961
-519
-655
-751
-1197
-2337
1250
-327
-1791
-1563
-2824
199
74
-1828
-1286
-673
-2408
-857
-565
-2773
-807
-984
-803
-1736
-902
-91
-2116
-478
-200
-1914
-1572
-1464
-2819
-1062
-100
32
-805
-1560
-1000
-2035
-796
-1023
-1105
-834
308
-947
-1671
-346
-1012
-1497
-2707
-1330
-1308
-1145
-1034
-1941
-897
-2248
-929
-1649
-1957
-874
-2028
-1182
-546
-1684
-445
306
364
-1863
287
924
-826
862
-1789
-2311
-1790
-313
-132
-2581
-3210
-1752
-1751
-1097
-860
-1646
-2883
171
-913
-1710
-351
-393
913
-758
-2082
-1434
761
-2662
-340
-1132
-1502
-179
-1435
-1553
-2035
-728
-996
-461
-1514
196
-1983
-1247
-1125
-705
-8
-1469
-1981
-3024
-2162
-1609
-1485
-1566
-880
-2238
-2131
-1388
-553
-1345
-229
-165
-372
-275
-1071
-873
-596
-270
-488
618
-1071
-2104
-373
-73
886
-975
-687
-889
360
-925
614
154
-2338
-37
-1612
128
-1044
-394
-797
-741
62
-969
-3575
-2049
-1137
-102
-1266
-1809
-2767
-1175
-3068
54
-1239
-334
-1455
-1500
-968
-1137
-1742
1015
-1239
-1887
662
-892
-583
-1129
-2336
-1264
-419
-3150
-45
-1678
-816
-1822
-1465
-1911
-2689
-242
-2008
1199
-652
-1068
-764
-1647
-1269
-1590
-721
-776
-364
-894
68
-2417
-578
320
-1232
-2036
-1211
-1039
-688
-402
-489
-1415
-2114
-1245
-1469
-477
-1665
-3030
-998
1057
617
-1307
-618
-2004
-721
-2596
-1713
-315
-697
-1471
-872
762
3
-218
-1194
-2087
-2883
-202
-372
-1334
-1166
-861
-1016
-1425
-2884
-1215
-2309
-1304
-1466
-2379
-786
-1317
1831
-1439
888
-1349
-492
-304
476
-523
-2445
-1579
-23
-1165
-308
-2138
-346
-994
-629
-1868
-1404
-1265
-1170
-988
-619
-1798
-1522
-1633
-1018
-1731
-240
281
-326
-1740
187
-1686
-1662
-2085
-1479
-1508
-1808
172
-808
-1362
-674
-623
27
-1843
-1929
-1319
-1672
-75
-152
364
-1555
-1898
-1417
-620
-275
553
-1421
-1458
-1767
-2121
-2330
-1279
-820
-1301
-2223
-550
-277
-1854
-1603
271
-2646
-1328
-2040
-2466
-1174
700
-2233
-737
-1476
-1648
-1218
-891
55
-2670
-229
-866
-718
-1260
-163
-823
-1537
-1248
-1843
-2041
972
19
-1166
-1164
-1276
-2306
-961
-1868
-665
-1604
89
-2073
-1438
-1703
-381
-2084
1258
-238
-1239
-3318
-37
-1250
-1041
-971
-1877
872
69
1115
-2576
-1424
-287
-2004
181
-3815
-691
-558
-2006
869
-1688
-955
-1406
-1811
-454
-723
146
-1164
354
-926
-1315
-1473
-253
-539
344
-1006
-497
-828
-656
-725
-407
-2734
-593
-1350
-764
-2073
-538
943
-1360
-797
-2227
555
-815
-1592
-581
-1798
-1082
-710
-874
-1787
-866
-1277
-179
-1162
-2289
570
-1638
-1351
-1606
-2022
-1355
-3089
534
-1343
-1587
-367
-532
-12
-1563
-1223
-1598
-2265
-809
-855
-906
-1486
-874
-1263
-1766
-1580
-2043
-753
367
819
-1923
-2147
-1932
-224
90
-2209
-2317
-723
-494
-1523
-1030
-310
-1836
-1008
-2648
-758
-2462
-662
97
-956
309
-1026
590
-2209
236
-544
-1660
-593
-2999
-1185
-307
-1556
-2144
-896
-692
330
-58
-2220
-599
82
-830
-2525
578
224
-359
662
-679
-1016
-747
130
-872
-2181
-2106
-1161
-78
-2335
-2060
-2403
-11
-1321
-1939
-1116
-1285
-1198
-450
-1269
-1519
-167
-2181
-1282
-2546
-2357
-1272
-2591
-2320
-2452
-700
-617
-96
-914
-2671
-1705
-1674
-566
-1492
-2360
-1285
-1725
-1878
-1128
-1239
-560
389
-475
-537
222
-1989
-1331
-636
-750
254
-437
-1663
-1700
451
-2926
-1845
-1683
73
-1623
-110
-2016
-461
-742
-1982
-739
-1098
-1042
-844
-2487
-1968
861
-1779
-1245
-3010
-1730
-316
-431
-1789
-1390
-323
-734
-1814
-1558
-1914
-1202
-1088
-14
-1592
-393
559
-196
-2049
-621
-250
-2922
-951
-71
-1812
-390
-683
-1534
-841
-972
-789
-789
-1761
-545
-2676
-1256
-77
-918
-1541
-1854
-991
-1925
-750
-2665
-2654
-849
196
-450
-923
-1077
-1067
-1462
-969
-923
-1687
-1868
-411
-712
-2503
238
-1439
-1656
-405
-1830
-871
-630
-1125
-1798
-2519
-2822
-1202
-443
-157
-375
-1137
-1347
-1619
762
-996
592
-257
-823
-999
171
-761
-1195
260
-2489
-1171
-2198
-1388
-358
-1890
-1169
-181
-2339
-2401
-1474
-1671
-1206
-1356
-426
759
-501
-2252
-40
-1567
-386
-1108
-1082
-1167
-924
-1326
-361
-1404
-1663
-432
-1207
-1850
-1543
127
-2381
-1390
5
-2420
-1244
-886
338
-867
-527
-1712
-3235
-1293
-2784
-2676
-1078
-1155
-848
-1712
887
284
-1192
-1931
-1439
-841
-53
-848
-764
-1305
-463
-1650
-2064
-1057
-859
-1024
-896
-2063
162
-2211
-597
366
-872
-2351
-2648
-1093
-2066
96
-748
-2150
-1001
-1226
-1001
-1462
-1060
-852
-1493
453
-383
-437
-845
-893
114
275
-1126
-1129
854
-1707
-1495
-2755
-1212
576
-1333
-1943
-1482
-1322
-1535
-1469
-52
-2147
-14
-2100
-945
-2260
-1788
-694
-2254
-3942
-1879
-1933
-994
-1838
-445
-936
-2689
-2163
-1792
860
-2261
443
-1695
-604
-2498
-864
-1515
-488
-2794
-1247
-367
535
292
-1392
-2643
-1186
-2231
-3095
-2066
1200
-631
-2630
-2362
-140
1070
-2474
-842
-1173
-1133
-1588
-1169
-872
-1467
-1048
-1077
367
112
-2488
-2214
-1222
-122
-1141
-953
-1006
-1840
-1082
-782
-2800
-1733
-2254
-535
-2439
-2212
-521
-1666
-1727
-1482
-769
198
-1920
-1425
-1341
-810
342
-675
-503
-2814
-1496
-2684
-751
46
-892
1039
-1021
-904
280
581
-186
-2841
-997
-2482
-1220
-925
-1521
-1274
-1272
197
-2025
-1387
-570
-1895
-1236
-518
-1091
-675
-1242
-100
-199
-856
-1981
-239
-850
-2432
-771
-418
962
270
-2344
-1506
-1911
-1374
-1572
-900
-577
-2336
-1887
-1112
-529
206
-1816
845
-3100
-521
-2227
43
-907
-1610
-1421
-397
-232
-1193
-964
-1412
-2430
-577
-368
-221
684
-918
-1045
-993
-871
-1881
-1266
-1775
-637
-645
-1079
-476
-443
-1485
-1308
-1253
-2942
-1054
846
-2311
494
-1855
-2018
-1075
-544
-1246
-662
-223
-1468
-1856
-956
254
-1496
109
-782
108
-1228
-655
-491
-1029
-931
-1379
-597
-1140
-637
-1158
-1226
-1470
-1744
-1104
-447
-2419
-996
-1960
-180
-1137
-3092
550
-1704
-1940
-268
-2841
-980
-1739
-1566
-747
173
-2549
-2426
-893
-1571
-1140
-1561
-1630
-92
908
-1770
-2580
-1342
-1072
-1960
314
-2607
-2067
-909
-1046
-1438
-1766
-483
-915
-1035
-424
-1004
72
-487
954
-578
-1607
-1118
-770
-1939
-809
-1252
-1379
-1380
341
-1582
-1188
-1517
-2254
-356
-2882
-1825
-545
-946
170
-966
-345
-2681
-1032
-955
-1558
567
-898
-918
-480
-452
-79
-1605
-228
-2004
321
-1407
551
109
-640
-2303
-1668
233
762
-346
-894
-1031
-2484
-2819
-102
-2452
-2973
-232
-1736
-3007
-1982
775
-350
-1034
-1265
533
-1275
-2498
-1740
-2255
-1603
43
-639
-3473
-1568
-574
-1364
-1392
-629
-916
-1387
-1421
-876
-1244
988
-1760
-1620
634
-1626
-586
-703
-110
-713
-1370
-756
-2046
-1639
-2646
212
-1723
-2062
-516
230
-2632
-2076
-183
-322
55
-1145
-1592
-2110
-716
-340
-1577
-1895
-1053
-2627
-72
144
-1542
-141
-3110
-1009
-1257
-361
-243
-713
-405
720
-907
681
-1492
-1330
-850
-1048
-2299
-586
-372
-376
-1264
-1818
-1460
-1222
-1061
223
-2093
-1015
-2560
-1501
-821
-607
93
-1957
-1034
-939
-1518
90
-487
-2254
-1647
-1260
-869
-2130
-1503
-302
636
244
-2039
-618
-1249
-286
-1498
-2061
789
-715
-662
384
-491
-2805
-540
-459
-2353
-345
-1267
-1261
328
-565
-912
-237
-1892
-521
-2535
-2189
-1951
-1963
-2679
-934
-932
-493
-1818
-1022
-629
-1317
-1921
-428
-1241
-2016
-1579
-623
416
-1464
-31
-990
-1247
-451
-1790
138
708
-51
-1034
-809
-102
-1657
519
-2791
-2195
-665
-1837
-1655
-408
-816
-2281
-875
-347
-974
-62
-1704
-1948
-1498
-704
-1785
194
419
-1598
-1850
-320
661
-756
-615
-1240
-642
-1625
288
172
-956
-267
224
-370
-1533
-910
-1394
-705
-278
-988
-1307
-299
-934
-1002
-224
-2573
-1520
-1655
-2339
-2875
-732
-1430
682
-1331
-778
-402
-1091
-1520
-1523
-2799
-1270
-1640
-1750
-147
-2002
470
-2023
-706
-1655
538
256
-1244
-871
-83
-1449
-2215
-599
-1873
-2160
-466
-187
-861
-245
-1542
-763
-1539
-1118
-32
-1234
-3672
-1662
-1630
471
-1997
51
-1191
-699
-2237
-661
-861
-72
-2214
-2274
-474
-1002
-1269
-813
-419
-1199
-454
-823
-1760
-1320
-759
-1376
-2141
-847
-367
551
-723
-298
-200
-765
444
-767
539
-1186
-997
-2098
-731
-567
52
-2628
-870
-1386
-1541
-1819
-419
-347
71
-1812
-863
155
-2868
532
-1096
-2124
-2511
-924
830
-1561
-2236
-600
-154
-1621
-620
-808
-957
383
-1624
-2435
-1688
-2476
-2748
-171
-2549
-1539
-666
-1505
-1355
-154
-619
-1513
-1258
-1970
-1187
-1815
-294
-786
-78
-240
-2122
-1314
778
-2527
246
-845
-681
613
-1466
-1283
-2065
-868
-1420
-726
-1898
-1250
-121
491
-127
-3108
-1401
-1828
160
-1375
-1811
-632
-1347
-1580
149
-2584
454
-1613
-1946
-1398
-1266
569
-580
-578
-867
-618
-94
-1957
-1828
-194
1096
-1161
-207
-1534
-3564
-1309
-1947
-429
-954
-1774
-226
-2370
-899
-1142
-648
-655
30
-2294
-2228
-159
-909
-1293
-1305
-476
-1291
-1685
-768
-1095
-748
-1247
-1548
-2341
-578
-667
8
-243
-312
-1122
-2376
-1534
-1330
-5
-1545
-640
-1337
-32
-372
-797
-2093
-1268
-2504
-2382
-950
138
-2309
-689
-582
-162
-67
-750
-1041
-2036
-2193
1450
-45
503
88
-1081
-1009
-1574
-1184
-2195
-1280
172
-1695
-1743
-508
-1582
-1927
746
-1297
322
689
-1271
414
-702
-205
-1287
-1282
-784
-609
-2003
-2361
75
-1045
-2465
-2454
-1139
-1179
-1066
-238
744
-453
-1957
805
-2546
-1378
-2071
114
-2022
-1566
-324
-1465
-2352
-954
-1574
-1374
-1164
-1120
-167
-1990
-1020
-442
-1813
-1893
-302
397
-1249
-2085
-403
-1342
-618
-788
-2206
-454
-2900
-1337
-1350
-2559
-1376
-156
-477
-1793
-958
-1366
-1509
-491
-2151
-1007
-79
-1612
-1779
-2779
-900
24
-621
-2601
-3011
-796
-1481
-2871
-837
703
-910
-1998
-232
-84
-851
-2254
-954
-760
-1599
-1886
-615
-382
-2110
-2062
-251
-577
-2992
-722
-724
-663
-799
-108
-1377
-977
-3253
-256
-2143
-1530
-2773
-140
-1520
-2427
-1197
-1630
-1129
1240
-802
-2857
-1354
108
-1611
-1262
-1602
-1267
-1533
-732
-135
-1880
-321
-81
-1500
-391
-694
-740
1007
-1718
-440
-378
-648
-804
-515
-1561
-464
-2632
-2505
-570
-1335
-1388
-1475
-540
-2398
-1352
-908
-757
-1096
-1347
494
32
409
-21
-1026
-461
-1271
-1628
-2409
-1518
-1056
-1815
-2629
-512
-3000
-1471
-1206
98
-1509
-285
892
-838
-682
-1490
-598
-978
-1993
244
497
-1805
513
-453
-1272
-721
-1291
-1715
-103
-93
-1299
-1487
-701
-480
-973
-761
-1289
185
316
-2063
510
117
-1188
-920
-1899
-656
-475
339
-1887
80
-880
709
-166
-1218
-1900
-995
514
-1171
-59
-1875
-718
-1366
-1617
-894
-623
306
-1504
-451
1393
256
-596
-2384
-14
-1000
-807
-1431
-1607
140
-329
-821
-1571
-764
-918
-791
-1897
-2041
-648
-1443
-508
-155
251
-563
-2062
-469
132
-1477
-2386
-2218
-923
-326
-513
411
-1136
-1341
-1040
-1331
-1058
-769
-1666
-111
-1387
-781
-1015
932
-1191
-1471
-2029
-3042
-1617
383
-1037
68
526
257
-1955
587
373
260
-2716
45
-704
-1102
-810
-490
469
-1060
-2231
-2411
-1117
198
449
-1536
-1601
-1355
-1369
-1644
-978
-3251
-1050
886
-313
69
-2441
-148
-977
-429
-1509
-1581
-1971
-866
-1515
-148
-175
-1804
-3699
-1696
-342
-1763
-2278
340
302
-1724
-3691
-1423
-2641
-465
-3178
-2546
-92
-706
-1301
-3364
-145
-263
424
-891
-129
-135
-1367
-998
-469
-1855
-226
-1752
-289
-1462
-367
-797
-415
-948
-746
-726
-1902
-1329
-535
-899
-197
-1053
-1771
-1107
-2006
-842
-976
-449
-1410
-894
-1231
-2165
-2136
-1669
-265
-1361
-359
-844
-1668
-1389
-2083
-1791
-1954
-2310
-1565
-572
-1666
-1634
281
86
-725
-332
-1588
-829
-591
-1402
-1086
-38
462
-181
-272
-1705
-2230
-1326
635
-1152
301
-1450
-783
-1014
-1142
-701
-12
-195
-1651
-2024
-1307
-1357
-2234
-1263
-80
-2117
-1457
-1613
-166
-1919
-1440
-1393
-32
-1978
-2927
-974
-1763
-264
656
-154
-446
-1976
421
-1494
443
-1377
-871
-1291
146
-268
-1142
489
-507
-185
-83
-1893
-302
-1140
-1598
-3127
139
-1834
322
442
8
-2419
-66
-240
-1248
-888
-103
-986
-2130
-277
-1471
-231
215
-494
-1350
880
-1277
-1674
-34
-1900
135
-1252
661
-1104
-1752
-2025
-3050
-950
-475
-1052
-2389
197
-1134
-1832
-931
-3070
-988
-2621
-2056
-1558
-1462
-1319
-1481
-1885
303
-624
-1040
-1259
-2419
-3
-1709
-776
-783
56
-1084
188
-1553
-1568
183
-1780
-291
-1182
-893
-2088
-2109
-660
-1057
-1876
-425
-288
-2054
422
-292
-1002
713
-398
308
-958
-1072
68
-2362
174
-596
-1390
-899
41
-358
-819
-2042
-1327
-1636
-1669
-1631
-2856
-597
-1270
-1199
20
-1219
-1431
281
-1631
-674
-2846
-1052
-133
-946
-914
-24
129
-999
-1735
-1519
-1390
-624
-527
-772
-1209
-410
379
-982
675
-2210
681
-1214
-1042
-592
-350
-1320
-432
-159
-1409
-1599
-601
-1019
-1422
-1101
-677
-1086
-1103
-2915
-602
-204
-1147
-1588
-2005
-1811
-1025
-1735
-1207
-591
-456
-1047
-940
-2036
-1060
-1286
-1056
-1098
-1789
-2649
347
-1744
431
-1972
-1824
-829
-1484
-693
-2038
-3421
-137
-1080
-558
-499
-142
-1100
-2204
219
-1539
-2088
-281
1124
-687
-1789
-1620
149
-2457
-540
-1727
341
-1731
-138
-361
-83
-982
-1177
-2247
-1460
-1787
-1998
-1639
165
-2278
-1983
-973
-2335
-370
-634
38
-1933
-1628
-1463
-2009
-1574
-3826
-245
-867
-39
-502
-563
-1136
-1227
-1874
-1138
349
-2042
-178
-2943
-3445
-2713
-1906
-765
-1003
-1307
1015
-1514
-1465
970
-941
-1147
-464
-624
-1645
-593
-1490
527
-198
-2003
-917
-263
-86
-1471
-1166
1142
-526
-1542
-659
-755
1099
-1058
-2044
203
-751
956
-720
-728
-1271
677
38
-1401
-546
-1940
-2462
-932
-331
127
-798
-486
-2800
-834
-1096
-1650
-1995
-1552
-394
-2038
-2500
-1377
-413
490
-75
-1010
-2333
-2266
519
-604
-2310
44
-1920
-643
-1636
-408
-218
-1067
-2631
-1650
340
-1784
-2257
-1913
-935
788
426
-1304
-653
-2151
-7
-88
-1629
-1412
-1938
-1018
-1267
1097
-299
-1217
-1887
-2394
-1490
-540
-500
-899
-2631
-267
-1148
-1188
-869
-1482
-701
-1673
-1815
-554
-766
-1214
-1682
-1347
99
-2157
434
-3222
-1642
-2199
-2030
-1817
-702
-814
-762
-2127
-820
-1001
-1672
-1186
-261
-2301
-1709
-1841
-1825
-2605
-1240
-2027
243
-783
-424
-2189
-597
-666
-1452
-744
-519
-1582
-1669
-347
-1363
-1141
-307
-1136
-1534
-1039
-2735
-603
-243
-1053
-3448
-2772
-2881
-317
-1580
50
-2367
-1242
-1689
-1220
-1389
-721
-1145
-1413
-1100
-598
-2295
-535
-425
-1597
-62
-334
-681
-277
-1308
-1838
-1390
-1530
-991
-2133
-2773
-1150
-456
-191
-254
-2772
-969
1285
-3548
-576
-2273
-896
-1410
-310
-476
-1247
-1570
-616
-168
-1632
-105
-1140
298
493
-211
-1114
610
-892
-1576
-869
171
-1029
408
-1328
-3025
-72
-2898
-2690
-1393
-783
-720
-270
-963
-750
-197
-2191
-1545
-262
-354
-1619
-988
-190
-2529
-2305
-1557
-3018
-2249
-1368
-1579
-1313
216
-2168
-525
-227
-1038
-941
148
-1309
-434
-1507
-423
5
-715
-1442
-1822
-1605
-1356
-1373
-108
-448
-1835
-2236
-999
-953
-364
-1936
-2447
-707
-1647
6
-548
-26
-778
-1203
238
-2529
-1628
-1746
508
-1650
597
-2438
-2095
560
-1455
-70
-2736
-1293
-272
-1410
-1706
554
-1750
-989
283
-1444
-1925
-448
-222
-1024
-780
-1762
-1308
-1476
-669
-340
135
308
-1892
-2418
846
-227
-215
-1888
-1803
-1220
72
-305
-1106
465
-1330
-1955
-856
494
-2468
-3043
-419
-349
-1714
-1087
363
173
-2419
-286
-1585
-1517
-2832
-386
-750
-521
-835
-1617
397
-329
362
-2149
-2902
-1745
-2171
-428
-2605
-907
-1095
470
-911
-121
-1734
-525
-950
-1433
-1058
-2673
-374
-1434
-2907
-2373
186
-2711
-373
-1520
-213
-2300
299
-641
-1625
-158
-1211
-928
-1884
1226
-937
-1804
-1805
-2997
-1413
-1644
1207
-1879
-1336
-1533
-3010
-3
-2560
-381
-1468
467
-2284
-528
92
-847
-302
197
173
-1302
314
551
-1440
-703
-1315
-491
-508
-372
-1202
-1294
-1394
-1934
-2017
-1487
-2703
-2492
-789
-642
-1884
-972
-640
811
-321
-785
-1225
-833
-944
-2416
-2656
-775
-1379
-1503
-1541
-977
-3321
661
278
-3195
-702
-303
-1836
-505
-1981
-950
-726
-2060
-373
-1564
-1440
-378
-1230
-975
-1520
-344
200
-3842
-1590
493
-1938
-926
-1515
-2799
-1035
-597
-1234
-1701
-2457
-216
240
-531
-493
-1915
-550
-51
-1365
-962
-717
-213
-488
-2336
745
-2446
-326
-2278
-680
-161
-1482
-160
-1351
-1622
-485
-1676
-642
-1911
376
-449
-1267
-1938
-1066
-402
-1034
-587
-1314
-2000
225
-951
-919
-385
957
-41
-1309
64
23
-1393
-886
-1309
-680
-1744
-1084
-402
-811
-2144
-610
-535
-1578
-619
-752
-2040
-844
-1528
-836
-1681
-2194
-1855
-1251
-224
-1889
-3208
-1221
-2059
133
-1711
-885
-1941
-2440
-1682
-724
-2241
716
187
-2357
243
-2573
-1797
-244
-932
-2105
-3094
-1412
1451
-790
-1607
-1078
-799
-1382
-100
-2421
-390
-673
-728
-1185
-1585
-916
-1526
-2298
-1336
680
-829
-1624
-57
-660
-1816
-2036
407
-670
1227
-1103
-2900
-1876
-999
-3067
-854
-2057
694
-866
1040
-1917
-241
-693
435
-1143
-2459
-2582
-397
-647
-2719
-2127
-1732
737
333
-1207
-1516
-156
-2855
299
-284
-1042
-1911
-1447
-2363
-2783
-1932
486
-1928
-3062
-2037
-1309
-1414
-2209
160
-676
-1183
-2162
-1120
-2477
-808
-1374
-61
-404
-1689
-1253
-974
-1079
-1420
-801
-885
-1346
-1567
571
-1092
-494
-1733
-1662
391
-1187
-810
-667
-550
-764
-1741
-705
359
-1644
-1490
-289
-1812
-865
-1252
578
-2100
-1012
-1614
-1161
-1264
-655
-1320
-493
-1514
-194
-2335
-1394
-833
579
-1029
-1383
-1826
-668
-1009
-434
-1630
-2158
-2179
-54
-396
-1131
829
-983
154
-2144
-2430
-685
-1758
-671
-1857
-2112
284
-348
-915
1239
-1755
-693
324
-1780
-1352
-1067
-224
-1302
-707
-1166
-1687
406
-826
-2038
-266
-2115
-1277
-1271
-170
-708
-2903
-994
-1798
-2063
-818
-236
-710
-1795
-433
-359
533
-912
-1669
-2478
-504
-1011
-306
-1164
-2703
-824
-1040
-1685
-2004
784
-1522
-1134
14
-1157
-1472
-1482
-1838
-1013
-1793
-1198
-740
170
-340
-1765
-1641
-3024
-815
11
-532
-2255
-1509
-109
804
-184
-765
-199
-1849
-2151
-1323
-1485
-769
-664
-887
-867
-1460
-903
-1813
-107
-1661
635
-2041
886
645
-1061
-2263
-1283
-1112
-977
-1020
-1318
-2460
-1355
524
252
-916
-998
-2281
-1579
-2469
-2068
-565
-835
-748
-847
-828
-1375
-744
-436
-831
-1435
-1440
-1117
-2725
127
-1702
-1664
439
-1095
-1184
-1183
452
-2463
-300
-844
-1176
-2394
641
-1364
-1483
765
-943
-2775
-1700
123
378
550
-2035
-1170
616
-538
-1214
-1183
-2543
-1586
-1077
-947
-1266
-1483
-1339
-539
-202
-931
-2359
-1315
-1512
363
-1909
219
-1510
-1388
-651
-1519
-1919
-2502
-124
-2152
-343
-1598
22
-1163
-97
-1373
-657
-675
-1660
-1436
-494
365
-1518
346
-1619
-1078
-1068
-275
-1354
-1312
-406
-1297
-27
220
-2438
703
-1199
-1768
-1432
-1412
-951
-540
-1747
760
-1565
-3462
-1355
-845
-173
-3351
1181
-1766
-198
-1399
-744
-1246
-649
-2192
-1492
-917
-918
-370
214
-2586
-1809
-288
-1952
-1314
-1187
-171
-1399
-24
265
111
-1417
-1719
-97
-1846
-1169
-1357
-1774
-2020
-2547
-2251
-322
-1035
-1111
-806
-243
1094
-455
-624
-2503
14
-2054
-254
-839
-1972
-925
-1771
-733
-1562
-392
-1820
-739
-1888
-1472
-1054
-2554
-1009
-1258
-2084
-670
246
-2124
-1161
350
-1458
-2028
-108
-1290
-2543
-420
-2505
-1600
-279
-1517
-157
-1155
-116
1158
-1123
-866
-686
-2246
967
-1981
-2013
-668
-1294
-910
-3137
-1785
-179
-2437
-1850
-1184
-1125
932
-210
-691
-1841
-1392
-2003
-2124
391
-180
-3261
-1012
-879
-1026
-1396
-1272
-1452
-2564
-488
-182
-1823
-1221
-646
-2165
904
-891
-1546
-437
-937
-721
-426
-1208
-2420
-293
5
-1159
-1934
-1352
-181
-470
-656
141
-187
-2227
-2572
-2046
-1349
-2227
-1042
-974
-264
-1764
-881
-1122
-2124
-649
-524
-2522
-659
-556
-3046
397
-982
-764
-1573
-1955
-1741
-2352
-1982
-1117
-618
-1391
506
-1898
-1986
-850
-1552
502
-675
-130
-431
-1334
-309
-1454
-1263
-1212
-545
-927
-1620
-1674
-2645
-1187
-153
-609
-1990
-324
-729
-1090
-2145
-1515
-2775
693
-533
-1014
-2276
-954
-2568
1804
-726
-1705
-1729
-2349
-566
-2629
-1989
-1439
-1706
-2286
608
-313
-1143
-967
-521
94
-902
-3616
-1038
1083
-1137
-1765
-2138
224
-1648
-2083
-2176
-1836
-818
-1355
425
-1199
-427
-1018
-2184
-672
-2548
-1831
-2331
997
-1048
-2033
-1291
-893
-1298
-582
-1424
-124
-97
634
-240
-1282
-1978
-1007
-1844
-1513
-1663
-1136
-2444
-2574
-2082
-2209
182
-2581
-564
-180
718
-2627
-130
-505
-370
-2580
1115
-377
-1312
-258
-2251
198
-3488
-1227
-1439
-178
-2110
-1495
-1118
-1220
-1185
-1999
-2055
-1835
-1444
-2172
201
-286
-214
-99
-1020
-449
-1742
-2916
-1218
-1163
-646
-1144
-182
-235
-816
-1639
-1188
-1865
-2375
-1553
-1709
-1366
-2308
-2179
-1245
-737
450
-70
-124
-1177
-571
-3200
-2313
-1458
-1976
292
-913
-1434
110
-1002
389
-2392
-2026
769
-803
-1747
-2266
-2981
-1496
-685
803
-1414
322
-955
-127
-867
-1007
-800
-1341
282
-265
-1087
-2460
-948
-1867
-2400
-205
-1738
-684
-1039
-852
589
-1768
-97
-2247
-830
-621
259
-1433
-474
-1785
46
-539
551
-429
-1156
-1573
340
-134
-261
122
-2163
283
1015
-1777
662
-1661
-2182
-1816
-931
-1524
-1064
-667
-1741
-1666
-625
-2562
885
-2112
-559
-1388
-610
-275
-2072
-837
-613
-206
-1385
-1738
-529
199
-1768
-94
-830
-1290
-988
-494
-1545
481
-2027
-168
-210
-739
319
-415
-1263
-875
847
0
-2241
-1266
116
-592
-1016
359
-1906
-656
-613
483
-433
-2652
-1086
-2206
-1164
-273
-452
-1517
-963
-1897
-1196
-2017
-1295
-1396
-1625
-1245
-1328
-365
-1306
-1637
-1079
824
-918
-1112
-1492
-748
-1925
-1118
-2260
-283
-3002
-1825
-856
870
-353
-1212
-1544
-2322
-1290
-1053
-885
-2129
-1893
-848
-1023
-3151
-703
-1027
-1037
-2390
-2186
-1400
692
-2163
-1939
281
85
-552
-1129
-1366
-1685
-828
543
-1163
-2210
-832
-604
-313
-2200
-580
-765
-803
-1266
-1139
-852
-1804
327
-2126
-699
-1836
-1021
-533
-1437
-2057
-1067
-411
-18
163
-621
-1901
-2521
-642
-515
-2030
-787
-1451
-1917
-514
-2344
-987
340
-1457
-2111
328
-680
-1445
-1222
-545
-1485
-1542
-1315
-891
-573
469
-551
-1441
-680
-1251
-1113
-3069
-1871
-1998
-1015
-1568
-2089
-1861
-1662
-1668
-676
-2282
491
-1101
-1346
554
-2384
-3051
-3194
-218
-1029
-1219
-2097
-2030
-1098
-1283
-789
-764
-970
-2729
-1599
-694
-2577
-1814
-908
-1420
-2603
-1188
-57
65
-925
-340
-599
213
-629
-113
-513
-265
-1973
-1136
-481
-2852
-626
-1082
-2009
-183
-1206
-3153
-2416
-1464
154
-2158
-836
-834
128
-2113
-1565
-1576
-2099
510
-1940
-473
-1029
-845
-1813
-1374
-306
-842
-1367
-2009
-1111
-1602
-2858
-351
-1059
-2287
-2856
-1059
-1057
-1458
-573
-996
-861
-2076
-141
-282
-2249
-345
-256
-1428
-55
-876
117
-1034
-411
-605
323
-1456
-2099
-1635
-758
-834
-386
-1585
-1777
-678
-1250
-2063
-991
1580
718
-699
-1849
-2019
-1047
-1431
-891
-1203
-1528
-621
-26
552
-2270
-1729
-35
221
-1097
-1755
-1062
-2312
-134
-831
-1912
-181
-1870
-935
-1261
-1591
-664
-743
-1369
-1653
-871
-2292
-1803
-581
-2078
251
-1109
-1966
-1176
-271
-458
-1744
-354
-120
-17
-1519
-684
-1198
-354
466
-2746
-2274
-1220
276
-2335
-1501
-3172
-2044
-1092
-1540
-1393
-1453
-1164
-890
-513
-1180
295
-2125
-13
31
-892
-248
-745
-1494
475
-1236
255
654
-2554
-2705
-1294
-1857
384
-526
-1045
-2691
-2762
-1650
-1643
-3423
-1241
-1571
-1696
507
-1139
1040
19
-773
-1172
-1130
-1853
-1809
-1269
-811
-1099
-1908
-2657
13
-1229
-348
-1156
-817
-1546
-1402
27
-2031
-1411
-1661
-888
-2255
789
-134
-1979
7
-238
-972
314
-1245
-1482
-2689
-2576
-1020
101
-1349
-241
-623
-295
-794
-1672
-54
-3799
-298
424
-453
-2025
-1547
-572
-1920
-1331
-1551
-2604
-638
-1461
412
-647
-1279
-982
737
-2222
-186
565
-1862
-1166
-472
213
-2203
-1022
-492
-333
-570
742
-727
-2998
-886
-2756
-1523
-1195
-2854
-2958
-1217
-844
-872
-1432
-2984
1310
-1657
-1449
1183
-504
-791
93
-666
-1237
-1080
-1102
103
-2387
-134
-675
-114
-1104
-753
-422
-1150
-608
-2267
-1882
-2171
-1452
-1209
463
-1036
-1091
-1333
-327
-961
-1179
-1299
-1126
-2897
192
-2278
546
-1879
1308
-1327
-1355
-1450
-840
1350
-1014
-78
-2014
-959
-1686
-656
770
-303
-1098
-1732
-1639
-318
140
-265
-1405
-2185
-1258
-1895
-619
-1992
-1780
-2389
-160
-2502
-1025
-1618
-2479
-1411
-2008
-265
-1485
-2374
-1798
467
-713
9
-1583
-1796
-76
-585
-467
-1840
-29
-1701
-2152
-2714
-1924
-1001
-701
-52
-724
-1788
-702
-548
-795
-745
-28
-651
-95
-1580
-143
-1636
-3319
-475
-397
-622
-1901
-1243
66
-1600
-1752
-182
-1143
-2772
-580
-329
-3531
-773
-100
-1663
-2651
-510
-598
13
-847
-1363
-763
-1044
-2437
-1599
-1746
896
-3070
-1945
-451
-16
308
-2609
-1289
-1676
-2773
-1288
30
-3504
-1541
-1918
-2728
-372
-1206
-898
-80
-952
-1165
-480
-1210
1426
20
-1324
1029
-2033
-1363
-1870
-1643
-824
-392
-1537
-1013
-1079
-1366
-2111
-2697
-1277
-2166
1180
-356
-1444
-1310
-1192
-1850
-2325
-2101
-321
-1290
-882
-2697
-1136
-796
-267
465
-13
-1160
-1333
-1385
36
-1620
-503
-961
-140
-157
-1728
537
1704
-1933
-1473
-762
-1572
-369
-329
30
-1104
-1984
-959
449
-2940
-774
-1142
-2061
-976
-580
-1851
-620
-1614
-939
35
-136
-2023
-1692
-575
-353
-1435
-1455
-1380
-1341
-1220
187
-96
-3345
-1413
597
-1677
25
-1626
-605
-666
303
-149
-1184
-1188
-1873
-1436
-1541
-1426
-976
-112
-319
-1406
-478
-3294
-672
-2335
-617
-2135
-436
-1105
-97
-2715
152
-594
-602
-2294
-1793
-2101
-1397
541
-1401
-1004
150
-2458
-156
-512
-2773
-1634
141
-2514
-2157
-1537
-192
-2321
-2686
-2298
-54
-1114
-694
-1002
-1977
-230
-678
-2562
-615
-2079
-1325
-1356
-717
-177
-725
70
331
-406
-1687
-2152
-457
-2292
-699
366
-1598
-2797
1553
-789
-1307
-878
-2223
-1660
-2047
-89
-974
-671
-1411
136
154
-1860
-251
-1239
-1560
-182
-300
-1731
-751
516
-1556
-1959
-1708
-905
-1383
193
-2878
-1829
157
-1584
-1278
-1081
1208
-467
-1581
-1684
-52
-1356
-2279
-345
-860
-557
-772
-347
89
-1382
-1145
-349
235
-1188
653
-947
-451
-559
-2735
-82
1677
-1828
84
-1854
-2297
-3269
-1118
-1784
-708
-1382
-155
-1795
-183
-737
-1984
-555
19
-693
-2516
241
-2149
-982
-155
-1542
-1083
-246
-1034
-1844
-3718
-1167
-1481
-1246
-724
-2131
637
33
-2477
-2028
-599
-1541
-2395
-2362
-2209
-936
-350
-1984
-1748
-645
-1294
-518
-2609
-76
-511
-1585
-564
-1644
-38
-1120
1688
-2748
-1277
-540
-448
-1342
-2521
-1960
-557
-231
-2930
-1859
-1115
-256
-796
-327
-1909
-2031
-1200
-1123
-1882
-2235
218
-1082
-1372
-1584
-1225
-702
-2774
-1552
-831
-2256
-418
-76
-1496
-1817
-334
-1280
-807
467
-734
-2624
-2277
-1342
-698
-2144
-280
349
-1043
233
-661
-3045
-385
20
-396
-513
-53
-1628
-2608
-450
-2501
-2292
-1785
-1747
-2011
891
-2133
-219
-1365
-2001
-73
702
-1883
-888
-238
-816
-653
-301
71
315
-460
-714
-2229
-1895
-1361
-2453
-2119
743
-19
-1207
-761
-2292
-2604
-477
-1462
-1231
-3023
-802
-2337
-429
-1143
-477
-1250
89
-2282
-2170
-2620
-2949
-2446
-1736
-2381
1307
-1478
-1605
-763
-149
-325
129
119
-1520
-1459
-123
-1247
-1778
-108
-3221
931
-703
-1021
-791
-923
719
-2325
89
-2063
-728
-1332
-1756
-1497
60
-599
66
-995
-551
-7
989
-2647
-363
-820
-1381
-1123
267
339
-1664
-2549
-1202
-1225
-1282
-1226
-2065
-1733
-1493
151
-2332
-3008
-285
135
-2881
271
-2589
-2419
-219
492
-1033
-1472
-2193
-497
-1723
-488
-381
-1604
-1493
-2371
-811
-1914
-1020
-1587
-1461
-1244
-2605
-2193
-543
-818
-1105
-1362
-2246
-620
621
-2011
-1054
-1833
-1244
-2111
9
-10
-2927
-1832
-1233
-486
-489
-1296
-430
-1710
-1437
-2174
-694
-2811
508
-139
-1299
-1688
-2097
-686
-689
1561
-3034
-961
-1812
-574
-888
-571
-2398
-697
-34
-138
-2363
-2181
-786
-1391
-1792
-1117
-513
-2381
740
-325
-2206
-2532
-948
-30
-788
303
-1906
57
-2589
-1463
-2226
-1566
-1242
-553
-132
-435
-1675
-1319
-524
-645
-556
-623
-681
-2171
-1536
-674
-2041
-1331
-892
-714
565
-2421
-1818
-1272
-1142
-360
-772
-283
-1373
201
-2221
-1076
-1853
-1063
-2331
-2065
-1817
-670
-1657
-2838
-1245
-2133
-423
-1747
-13
1223
-2260
-1682
-531
278
-1304
-362
-1495
-955
-687
-777
-1070
-829
-2377
-1425
-409
96
632
-1523
116
-1703
-1753
637
733
-975
-1693
143
764
-619
-2251
-898
-1311
-1388
-688
-1259
95
-2503
-1984
-1309
-3346
-2251
-601
-807
-2226
424
-204
-590
-71
-1622
-1807
-240
-1649
-1420
351
-429
-1480
-2656
-745
-1803
-1863
-561
-1349
-50
-1489
-1859
-1085
-1334
-2069
-1688
-1765
-1702
-1104
-1504
-964
-1978
-464
-839
-2022
-2795
-3589
-1150
-1502
61
-1593
-2178
-404
-1768
-2478
-1322
-2354
-1526
191
-2530
-1064
-2124
-1922
-75
-1855
-2
-1257
-1063
-1809
-755
802
-665
687
-1661
-790
-2505
-918
-2208
-878
-3078
-1204
-929
-322
-966
-772
-825
-1139
-433
-805
466
-2235
-2125
-11
-3153
-1496
-1262
-1132
281
-1873
-533
-1836
-1562
-679
-323
-977
-472
-1690
-629
-3232
-1790
-2167
25
51
-1874
-827
-400
-1687
-472
-939
-157
-1997
-807
-107
-844
-404
-2063
-1449
-1391
-1228
-704
-1616
-107
-1901
-1212
-2815
-871
300
435
-1356
-2954
-899
-573
-1589
-891
-1741
-1757
-1525
-2326
-2081
-224
-740
-377
-582
-113
-1169
-2067
-1183
-1387
-987
-899
1477
-2854
-676
-2253
-1550
-775
-1492
-750
-583
-3234
77
-2395
-1420
-36
-745
-3396
-1213
-2146
-1467
-56
-3235
-1150
-2614
859
411
-1720
-1304
-1477
-157
212
-1730
-536
-1545
-97
-572
71
-2238
-1031
-2206
-979
-1675
-1539
-1900
-397
229
-1201
-2350
-2288
-303
-159
-1476
-2590
-1690
988
-1109
-826
-921
-345
-1957
-1468
-2084
-1472
-2409
-855
-370
635
-1194
-1617
-2501
-2233
-1074
-1706
-714
-1655
-1093
-1561
603
304
-2389
-1124
-1069
-3237
239
-438
-558
-1190
-1117
-968
-2167
-2740
-642
279
-1444
-801
167
-340
-687
-1083
178
-1231
-22
-237
-2730
-1660
-571
-1021
-2100
-2265
-2824
761
-778
-27
-1734
-1980
-398
-572
-1120
-1708
-122
-2219
-65
-394
-2614
-791
151
-1093
-721
-637
-1720
-608
-1070
-1255
-1161
-1658
-643
-261
-2535
-2414
-456
1283
82
-1567
-1099
-1417
-1464
-2724
-1263
-1280
-680
-1866
-380
-2587
-324
-423
-1371
-1863
-1793
-1040
-1245
-1912
-2276
-1895
-2176
-1854
-3108
-2220
-1683
-824
-842
-1827
-1715
-2143
-3119
582
-1637
97
-2361
-3238
-645
-1340
-161
-150
-2441
-1710
-278
451
54
-259
-1315
-1445
-2250
-919
-1090
-1817
-28
-944
-520
-1189
-1898
-1131
-1680
-3388
-1156
-2104
-116
-363
-442
-1304
-1235
-1621
-535
408
1035
-116
-2045
-1016
-1708
-979
-1109
-186
-2464
-1653
1123
-677
-1177
-1167
-2484
-1963
-1165
-83
-1519
-2595
1062
-808
-2908
-1143
-1126
-905
-1470
-135
-1457
-205
-297
-121
-1116
-443
-428
-1652
-1998
-2757
-937
-858
-938
263
-496
-1644
-1387
195
-1851
-33
-1732
-232
224
-872
-1540
-1175
-1338
444
-2670
56
-1709
125
-1785
-204
-2201
-66
-1689
-30
-2036
-2698
970
-1718
-1047
-1377
-2818
355
-1310
-1977
-1009
-1491
-135
424
-2493
0
-888
-64
-138
-1267
-2124
-349
448
-1495
-1145
-325
-1056
-1020
1013
-858
-657
-1374
-972
-2098
-1440
-1661
-123
-2058
518
-245
246
-1517
-2229
-1352
-2562
91
-1220
-1261
-1335
-99
-1790
-258
-1145
-320
-246
-667
-457
-2301
-846
-1594
-1863
-2182
-331
-1723
-1558
-1594
-77
-2727
-731
-237
-1270
-1589
-208
-432
-640
-50
-3151
-967
-751
-416
-404
-14
-155
-1508
-186
-1893
505
-1313
-1273
38
-1753
-792
730
-1449
-2279
-1682
-102
-1741
-27
-1128
-1110
-1898
90
-2968
-1126
-1823
-1048
-2008
-221
-132
-973
-1595
-218
-1946
-2161
-1811
116
-770
-2157
-850
-1426
-596
-2527
764
-696
278
-1862
-1975
-151
-862
-644
-1020
-738
-716
14
716
-1054
-321
-2111
-1732
-1679
-895
-2232
-200
-2619
-1688
-944
-1220
-1711
-1099
-2014
-782
-1836
-1252
-641
-1987
-3024
-2158
-1292
-1095
-2142
-1512
659
176
-982
-1894
-39
-1518
-48
-1428
-848
-717
446
-2356
-1707
-1118
197
-1056
-2041
-1328
-294
-2004
-973
-904
-940
-209
-810
1453
-276
-1606
-1125
492
-306
-674
-877
-1463
-1733
-2207
-2654
-2228
-1417
-2544
-810
-472
-2414
-1245
-2262
195
-2561
-600
-2752
-198
-572
-2754
-172
-2500
-32
-1965
140
-134
-429
-1547
492
-564
-936
-497
-942
-1203
58
-653
-513
-1804
-778
-1496
-568
-1920
907
-2408
36
-840
-2607
-2274
1366
-271
77
-1836
-1633
-859
667
-1644
-1224
-983
-744
-1285
-431
-2688
115
-2079
-1190
-334
-1325
217
92
-1477
-397
-1967
-2189
-300
-2062
-130
-1627
-251
-1519
686
-1484
-707
-2000
-1456
-1970
-1085
-41
-1719
635
-326
-399
-415
-2183
-2106
-560
-782
-616
-3338
198
295
-1036
-1187
-791
-2384
-904
-658
-700
-541
-1230
-1077
197
-1180
-698
-257
-1124
-1412
-643
-1645
-2437
-2670
-1458
-1930
-251
-323
-2797
-2444
-1956
113
-1182
157
-1604
-660
392
-321
-270
-405
-2786
-951
-1871
-1726
-3211
657
4
-3404
-1444
-49
-993
-2336
-1490
-1128
-499
-2151
159
-1585
-395
-7
-1271
-2592
-1056
-2188
-1052
-2224
-1959
-1598
-2397
-2935
-1058
-1830
-1037
-520
-1761
-213
-997
-408
-1079
-1303
-707
-823
-202
-2303
113
-745
-731
-162
140
-619
-1999
-995
-422
-907
-1938
-1514
-290
-2466
-981
-1215
-1084
-952
65
-1335
-1214
-1683
-371
-1212
-435
117
103
-1249
-2644
-2393
-2916
-2965
-2252
-318
-754
930
981
-927
-2082
-1877
-410
-1144
-1127
-1719
-430
-1566
-2659
-255
-2433
-1538
-699
-1956
1013
-1099
-612
-696
-2425
-2800
-1766
-1861
-2545
-846
264
-821
-1835
-1825
-1958
-1867
-1209
686
-797
-773
-1409
24
-1855
-1961
-875
-853
532
-1101
-1028
1072
-1369
-2465
-590
-175
-1544
-2138
-783
-1709
-998
-1987
-297
-2962
333
-912
-1971
-745
-2207
-782
-302
-561
-89
-1477
-1493
476
-843
714
116
-1412
-598
-1952
-2059
-2106
-368
-2149
-1098
-252
-1759
-1167
-2041
-749
-2176
-2408
-1083
-260
-408
-788
-1215
-420
-481
-1369
-522
-1110
-485
-646
-2382
659
-2230
-500
52
-2253
438
-1709
326
-1707
-999
-1080
-1479
-641
-698
-2479
-813
-345
-1356
95
335
-1988
1056
-1396
-1959
-654
-749
820
-1928
-1491
-493
-1515
-429
-2416
-1996
-893
-2517
-1150
-695
-1614
-1982
-54
43
-699
-2416
-348
-656
-470
-1745
-1418
-1483
872
-1445
-654
-451
-2196
-183
-829
591
-43
-781
257
-51
-1324
-2087
-1093
1534
-2068
-2704
-887
-1231
-1609
-975
-1294
-3057
76
83
-311
-819
-5
-1142
-2120
532
-834
-122
-1691
-1870
-170
-1730
-1150
-1225
0
-546
-1002
-3145
-2747
225
-1246
-1839
1056
-1053
-1645
-3262
-969
-1051
-1369
-316
-154
-1412
-1557
-1415
-742
-577
-456
-549
-569
-2562
-2311
237
-867
-124
19
-727
-1161
-1160
-1109
624
-1168
577
315
-499
-1337
-1223
-549
-2403
-1663
-1136
-995
-1141
-391
-461
-1036
-299
-1523
-1131
-1135
-1398
-2091
-1149
-1463
-1393
-1625
-1647
-618
111
-15
408
165
219
-1901
-470
-1793
-1598
-367
-1067
-921
-13
-14
-1958
-1396
-1285
-1861
-2208
-1623
-1097
-1141
-55
-1845
-1586
-1323
-1771
-1593
-1782
-59
-538
-1422
-1416
457
-2751
-1415
-614
-3205
-335
-1228
-453
-1371
873
-2139
-555
-1725
-1175
-219
-761
-1914
-774
34
-2085
-451
-1222
-2759
1266
-2756
-284
-825
29
-642
-926
-392
-293
-392
-2014
-279
-927
-330
-1213
-1560
-2108
-848
-307
-1211
273
-1983
-1848
-699
-1601
-963
-1764
-367
-1001
-1085
-2308
-1055
-1271
-2985
-1790
-1070
-1956
-1507
-2251
365
-1792
-1433
-2086
-1177
-950
-1023
-2190
-3126
482
-1040
-669
161
-709
-199
-447
-2014
-2582
-2038
-1219
124
-1103
-1743
-726
-659
-669
-1267
-406
-1510
-1766
-113
-3194
-375
-353
-1423
-2392
-75
-1080
-234
-567
-915
-975
-1812
-443
-1155
-1061
-304
-2182
-18
-98
-2422
-1858
-349
-861
-1617
411
-2708
-630
-1024
-429
-3126
-729
-469
-903
-861
-971
-1406
-2717
-115
-972
-698
-1250
-3361
-2049
-994
-65
598
-834
-1658
673
-1225
-322
-410
-2851
-2443
-1636
-320
-965
-1743
-1716
-911
-1981
-1436
-1521
-739
-311
-683
-1373
-84
-381
-523
-869
-784
