14
1479
955
1745
1010
914
465
3479
1328
3004
2213
2194
1176
828
2782
807
-23
-817
949
1806
1350
3672
2799
1201
1617
1657
1632
783
1401
2656
820
1271
1797
2451
1766
199
1202
1326
1872
2327
2362
1078
255
2020
-1252
1058
1098
1794
192
128
-97
-173
1466
2386
1587
1984
382
786
724
727
320
820
1742
2278
1212
1148
-793
615
1999
-1982
2925
1700
3008
1419
2408
1338
2433
998
1105
2080
493
1106
2890
498
2769
311
1210
1558
1472
2803
873
297
1203
1067
1241
7
1698
3633
2838
1988
1765
-221
1323
40
744
2595
3696
1611
3316
968
1710
488
-841
550
1722
964
1605
1871
1982
950
1572
1335
-602
2422
3554
1683
641
1324
1151
1071
2258
1744
50
2248
1109
-605
2855
733
788
973
1221
3299
3162
1562
2547
3756
2494
324
1422
2694
1916
1884
622
660
2542
-374
246
-533
4020
2905
1430
1008
-799
1940
221
2109
141
1550
-530
320
1922
2345
3114
1474
1177
290
735
-189
517
3257
1640
3080
405
1582
2191
155
1005
-629
2378
-371
3727
2191
300
2198
689
3336
-580
62
2303
1213
-1771
2276
379
1831
1684
2415
2427
892
2304
475
2621
3232
-1074
2367
2064
1944
2432
2413
1038
1585
978
2155
2423
1319
1420
104
672
688
3432
700
2862
-698
3208
-342
1820
1676
1204
1921
-314
685
-1171
414
1123
679
1752
1382
1370
3401
-616
3616
2909
1879
862
-451
1390
898
2625
1989
1027
880
1799
1610
802
1640
-283
810
2390
-951
59
2206
1451
3025
1473
2150
397
250
1487
1466
-75
4348
-511
1771
2239
-1002
3398
1471
2106
2179
2428
1823
4503
1140
1903
1573
934
2886
-1098
-1190
264
1305
153
1895
945
517
-415
-733
2016
1483
1708
-9
4088
2105
37
3429
2864
1149
2064
194
1186
2258
2466
2413
-715
2764
712
693
1178
1763
1694
461
1293
1943
2808
1568
943
116
547
1055
-1518
1083
197
2721
1816
408
772
454
1913
2871
2091
2981
1422
3621
1509
1268
1872
915
2014
169
-215
2037
1370
2061
1363
-649
3777
722
642
1007
1616
2861
-114
1488
-153
3719
-452
3131
1918
232
-345
2133
1308
605
1201
1892
1192
-12
-57
-405
-1665
2717
609
1752
1299
2024
2483
-1035
2177
1580
300
250
2792
525
2075
1432
2503
2090
912
-1002
2906
472
2835
1086
-1184
15
2346
684
241
1806
522
214
2209
4037
1290
-727
2151
1289
1563
872
154
2076
820
261
-1810
-22
175
1098
2700
1980
1991
-191
1213
451
3550
1351
2706
1673
3272
1379
866
279
842
600
2386
2414
2585
1192
157
-389
1393
318
1183
2768
1573
1951
258
812
-662
798
-1267
1660
2613
2992
1784
128
580
785
1419
-343
3100
-479
-133
461
-965
1177
1055
-1105
732
1514
1417
3257
304
1970
416
1170
1497
-1234
-154
782
1201
146
477
-986
2190
-74
836
-266
796
1694
2722
388
1012
3297
2395
1306
2502
1663
563
1871
-577
876
-739
252
906
1565
-1204
1535
1773
-592
607
1404
3204
705
2969
2853
176
1530
1765
2139
741
1569
2927
1374
-907
482
1555
856
2283
1770
3465
-648
144
2926
-2167
4092
-337
2060
1320
2833
128
974
2244
-91
1938
3757
2388
906
32
-217
1440
-1075
-217
1294
1188
1531
2032
1245
-73
-750
-846
4
-536
2284
517
206
1937
3186
488
1622
2477
1847
1593
-466
1505
1940
495
2730
2134
729
495
199
790
728
1771
424
1702
757
3145
173
1740
2283
-385
1310
2074
-1082
1878
1364
2336
637
-484
1275
711
639
416
1036
1642
1138
-572
1171
547
2427
548
647
2817
2119
3135
-538
1921
1374
3582
883
570
3059
1544
1564
2872
2282
646
-906
325
148
281
-1429
100
472
3082
1981
474
559
910
1849
1072
3249
120
898
-971
2685
1954
-719
280
-391
461
635
910
1458
-36
3623
810
1791
2425
606
2876
1196
2394
3334
1418
979
-1467
1089
2475
839
638
1907
32
1050
1350
1332
585
2567
1884
2850
600
2588
2103
1354
2133
2900
1152
-226
1919
2561
1543
2312
-719
2649
131
1420
-393
-80
1116
-12
1266
1389
3378
3535
1339
2059
670
545
1796
-538
655
1307
-21
1422
-1532
49
1153
1300
479
661
-840
2662
-823
2021
1930
2648
514
2403
750
-440
2620
3389
2064
645
2820
52
2036
-172
3627
603
2174
452
1901
2342
-430
3015
-727
2476
272
-297
2365
2295
1440
3097
800
3810
-396
246
2288
1349
728
2379
2177
1334
511
2282
1052
2870
1478
306
3029
1337
1122
-366
408
1527
1929
3035
1647
2661
3355
1128
-282
2998
-68
-1265
3271
-1646
-627
6
-548
2221
-132
545
2472
627
222
-130
1051
507
619
2142
158
209
1736
1056
-404
2292
2753
-678
627
1619
1678
367
-905
1402
929
-216
2531
3614
1767
1330
2150
135
1899
2536
-123
1113
1265
1166
1592
1993
1203
1846
129
1090
-267
-86
520
3831
1261
2973
2027
462
3555
129
2448
-56
2448
1253
1953
686
645
970
3253
169
507
2092
1440
-198
2427
1394
422
2350
2465
-1182
764
-982
193
1672
1309
1999
22
1511
813
7
-1115
-250
3118
2816
3646
1188
592
1466
1826
2255
699
-289
3104
-1099
129
1807
3061
2060
3285
1
2097
3583
2128
750
2418
1248
1380
-267
1604
1720
712
2402
4361
1650
1766
2127
78
1162
55
1091
1900
-802
-757
2909
2382
497
1092
1843
1240
2517
198
528
267
53
1352
232
-216
706
1401
-295
966
3850
3917
3398
658
1227
908
4088
1923
471
-59
2299
2824
-474
1017
1931
88
1152
745
1583
3827
3848
1483
3052
1078
2268
282
166
67
1519
1040
735
2262
-144
1271
555
125
3323
1130
61
2904
-30
2800
2145
1653
327
2035
1940
1508
2325
1028
1254
1425
220
2999
1495
2102
1985
1396
-1166
474
1879
2446
1669
1957
1985
-363
3302
479
2023
1920
121
1522
987
1764
1457
934
384
-62
1610
205
1487
1330
967
1783
2187
1265
-771
244
831
1277
1495
1391
1811
-679
323
1150
1221
-423
771
606
1966
965
2248
1581
2754
-1707
1532
1738
1670
2863
385
-1282
-1315
1800
108
583
1530
1166
37
1456
86
437
1575
958
-957
-581
243
-932
543
2115
901
1611
954
208
-445
322
817
2152
1455
1618
1377
-207
552
528
2118
151
249
2327
132
-1550
2845
-1007
446
1461
-348
1457
1093
-478
2769
-223
2696
275
800
2049
3239
2450
2264
1907
2933
757
-602
255
1479
3170
1394
1748
2026
1050
324
-491
1049
2649
-454
1103
2479
850
1093
1159
2800
2713
1288
3541
2203
1369
1961
1839
-835
361
149
768
3683
-1179
-201
1689
627
1502
1527
-428
1284
1048
17
2138
3504
820
-744
1162
1197
-329
-704
44
-278
905
1535
2904
4139
702
1827
783
944
794
2110
1676
2253
1376
144
927
1182
-545
1472
-75
2478
2951
1044
3604
3329
80
1599
2447
289
-1318
2000
2134
1898
3056
1085
-1164
1326
1043
2920
1415
194
1547
972
-1616
694
-40
2192
-501
209
2381
2269
982
1061
3054
2993
1156
-897
2256
2264
-452
-1083
1184
2366
3965
2299
1636
1426
1668
1477
1783
2545
2027
1420
1588
1103
1434
-688
486
682
1071
426
650
1450
2749
968
423
2102
2412
725
427
3845
1404
1156
1209
2018
83
329
973
1003
2136
1459
2140
2562
904
-65
1998
2565
1256
660
3076
588
1187
-441
3863
3098
-973
115
400
2405
-277
1094
2597
2168
1194
1436
2027
834
595
2859
1938
2976
1638
2692
2109
79
3037
818
2046
12
-1224
559
2470
2577
383
-882
2678
1291
1117
1972
1522
2322
3540
1682
1594
264
-500
2683
-651
2562
672
-398
-194
1032
1377
1033
3599
462
1244
690
2236
2169
866
985
411
773
2606
1855
1263
445
1761
-683
3199
1455
2902
3578
1991
2695
1881
2353
3201
-318
697
701
3125
1207
165
1174
1938
1501
1438
3479
473
84
491
585
1539
3445
1162
2127
1942
1869
2193
1938
913
2989
976
-1379
2168
1977
2329
280
560
2672
76
577
168
3227
-638
-215
487
1412
568
1330
2150
1395
1355
920
1858
1157
4737
1389
2104
-666
883
3602
-83
305
1239
1276
1673
2800
2149
2932
1160
1762
432
603
1178
260
2761
1564
1717
57
2423
3186
1060
429
162
1839
2936
1213
3054
348
1679
3573
310
1588
2584
2788
395
359
1723
44
-1189
2124
274
327
-2544
2343
2051
1464
1073
2177
804
1513
3809
1185
-542
-339
3471
-423
102
1137
210
1864
-327
2426
3063
2843
1960
1411
3967
-307
446
3034
1066
1195
622
1275
989
1849
2888
792
3374
1206
1093
-228
-378
1725
877
1161
740
310
78
-1012
2496
-1076
409
1934
2460
-1010
1912
288
1261
1047
2424
2860
229
1274
895
-52
1465
1998
2496
1437
-1965
-298
2211
788
856
905
820
-350
707
372
115
3408
43
2689
1223
3071
62
1845
-91
1615
120
1551
1108
743
2000
1109
606
793
1315
730
-896
1564
1283
1771
2088
631
1260
2481
1425
2532
4076
2520
2278
2925
2519
905
1963
1897
1935
2933
-1378
752
156
1862
4099
2870
1313
2289
-515
388
2260
1085
397
1861
502
1594
3344
1723
-477
3514
1970
1931
406
2365
2042
1218
1589
2888
2347
1488
837
2784
-1285
2173
1290
879
2960
271
2143
2760
-861
2183
503
839
1121
312
868
-436
1478
760
825
1437
386
3444
3207
-1596
-1295
2230
-30
1145
1778
-117
666
831
1934
521
2665
1695
567
213
3509
-1656
-1255
3356
76
1530
1490
593
2094
1872
-1383
2628
1382
1782
967
-656
-196
304
2216
833
4494
1717
2794
-186
263
1206
-1145
468
3858
2219
461
2574
2147
3009
1786
760
654
2907
1588
380
523
-152
928
-1559
1613
1531
1578
1670
427
3277
1096
826
-1059
2118
1385
463
-476
-448
1854
1644
1693
-173
2430
1963
433
2796
-239
-29
1445
4844
755
1244
2609
20
3074
-199
1322
-380
1222
856
3165
2012
62
3106
3994
1381
-1257
1197
1876
1955
4323
273
-350
2324
2284
3195
-611
1747
617
1710
2125
-1049
1425
833
712
1202
949
488
748
982
2536
494
2607
965
1089
950
970
1451
761
1354
295
487
2577
2021
2021
-153
3224
671
2045
-135
2181
792
1975
1010
1527
1792
138
-151
1029
219
124
-453
17
1703
2234
2656
2453
133
110
3076
939
-436
731
-1320
2653
1331
3444
1390
1657
3192
2772
2105
1078
366
2406
1929
839
0
1804
1360
538
1074
905
473
1147
467
1334
1320
751
1165
124
1188
2185
495
1707
576
888
146
1954
1571
1842
1578
497
2101
-1003
2655
1946
1900
2542
745
1158
2138
706
-138
1205
1471
1564
-563
1841
550
1918
1412
1957
454
1118
2408
300
2492
2653
1066
1415
2491
4515
-714
-1353
1757
2305
483
749
-484
1973
-769
-392
-740
-889
163
-712
257
1412
564
1977
-490
443
4353
1889
2398
2349
3098
2689
2328
4123
2025
2541
2108
1211
1770
617
-997
185
1721
783
2046
2047
-613
2086
2170
3677
628
305
2645
3034
1054
1438
864
2670
1494
-1673
1089
733
3411
-1260
1004
2200
650
854
105
2454
2016
2029
2523
139
512
269
-728
2670
260
-139
2865
927
1406
208
512
-828
1220
2793
523
3702
2111
3557
1137
448
1887
407
3504
1072
-936
2327
2176
1422
733
-415
12
2423
778
1917
2180
2567
2712
2178
1226
2311
2881
1419
321
3572
1637
2344
2412
3080
-282
1187
1442
194
-789
1771
513
1192
827
1992
1542
1728
688
2561
3276
2705
42
51
-543
1038
2683
1705
1914
546
560
1263
165
1861
-1601
1105
2218
1497
2616
1377
731
-393
-431
904
-691
1305
1666
3257
3065
1150
3371
1257
-1063
1392
827
1078
2360
604
1633
3856
1215
-138
788
1715
2064
402
1871
969
622
1792
1832
738
1182
1615
2367
4660
1043
3978
-1408
3737
2148
3613
1054
3787
1599
1158
436
239
1901
1646
2670
-760
-199
-516
-726
3916
-329
1333
2278
-873
1825
1526
3012
2895
-84
1373
1499
3176
219
-896
1985
-473
1416
452
1911
683
1660
2471
1077
2206
3667
3548
3150
2944
1848
1737
2014
2031
1763
1400
101
-605
2670
2862
2030
1465
2526
2556
22
1572
1893
1310
1610
1850
2926
279
2557
542
118
1111
3816
562
2934
978
2547
4137
1129
485
2065
2219
1662
2330
569
753
383
746
1243
624
3510
1617
717
1639
199
4545
2631
458
2537
2093
435
1830
3977
2452
3520
1072
983
260
2116
-849
2655
1565
3318
3403
253
1212
1537
-966
1864
482
1454
2236
2139
-276
1637
1607
1833
1096
889
3009
1415
2665
2979
3053
1722
2194
621
2307
2016
3366
767
472
-581
1506
1214
60
-1469
1290
454
2429
1613
1788
1327
2130
1948
2273
1980
1426
3253
970
1828
2217
3288
1638
2415
1035
2567
768
2298
2102
2998
-855
1549
415
-508
2160
869
1272
1908
3337
841
575
1126
1461
987
3191
1957
2322
580
3472
1193
1386
1030
197
2703
1078
924
2306
3493
2802
107
2538
-318
1614
1310
1343
1116
1608
1678
839
1608
-595
1377
2319
2693
2266
2983
203
2199
1128
1779
2092
643
2082
833
350
2484
2069
1727
886
1599
2711
-370
491
749
1117
1096
3003
2628
2710
-136
3226
1547
1641
2650
1535
2861
1029
753
1031
2263
884
-1327
-171
641
1954
1723
734
2810
408
3659
2161
2244
-436
1726
1390
-703
1198
82
-540
1787
-64
4211
1557
1172
1229
2116
1384
860
2188
350
2224
1064
-471
2878
10
1546
1771
1607
786
3267
-439
2972
1888
1614
167
2226
382
-253
2552
-1323
941
74
3839
21
589
2628
92
112
2542
2015
2115
1733
1743
114
3749
1871
3019
747
1530
2031
874
1872
-650
-1101
991
986
1892
2284
-297
1734
1036
1716
1166
3140
825
-2177
1164
1118
245
-369
1768
269
1446
1604
3368
624
1348
715
573
3657
1935
-320
1425
2431
1111
1812
3269
2546
240
2441
787
2085
1746
-430
605
4328
1266
2322
2386
2985
1576
1516
1021
1048
67
229
1777
200
277
4153
1867
14
2609
1526
-4
-685
1555
1358
-972
1895
-516
1853
2460
2146
-231
2132
-533
4438
2438
1121
2230
-237
-1398
1546
166
808
572
850
3227
223
475
690
81
2595
-495
1408
-663
1398
-666
1513
598
1223
992
-17
-57
1940
2804
3260
2781
446
2602
-153
243
2011
1136
2977
-197
1694
123
3110
-92
2791
1981
3231
2826
-798
2717
2277
594
515
2159
-23
1070
428
1136
780
1442
2524
423
2819
2106
413
902
-2002
1828
-24
1400
588
2616
106
982
710
3856
390
1134
2040
1317
2435
3093
1486
121
3965
-158
1228
-1276
-300
2320
2319
1251
2931
838
1202
646
506
623
439
741
1975
2196
-1644
473
1717
-1460
1878
749
2228
3332
3922
1994
2214
1404
1348
177
-203
46
1543
1529
-1011
1275
2156
-192
1965
128
-187
1192
1312
1348
929
656
1948
582
3054
402
592
3066
1628
1654
-496
2188
2388
1222
773
2948
1445
1098
-814
2412
1872
1718
2358
2594
-1424
245
-69
2443
2104
692
1824
2645
879
-810
-677
1041
-312
2309
1867
837
2594
-233
1605
1677
1732
-337
20
343
-410
162
998
-1454
339
2131
2721
2094
909
3960
3482
1093
-217
506
2354
539
-578
-99
-567
2643
-219
600
-865
1803
1533
2431
-1240
-678
1347
149
1192
844
1500
1436
1834
1116
1770
271
3761
1765
3366
-371
-5
1113
608
-598
-1094
3357
1267
2458
1394
-305
1375
867
-183
1998
835
1015
1689
773
3108
2981
1387
2155
1790
490
42
1477
1516
925
2516
2177
2041
1076
3443
2632
838
2182
1426
2056
1479
851
1502
153
2159
2243
1493
1785
3355
1073
1680
1287
-920
207
388
1431
1683
-842
2799
1282
978
-800
1349
2439
832
1056
-718
2030
528
-150
581
582
1369
989
576
3033
-393
-863
1573
1564
-734
1859
-470
482
681
2986
730
2573
54
3250
538
3551
-76
821
1745
762
2297
-391
-780
299
304
-616
2343
609
3540
344
1113
1455
2734
338
2883
1312
385
-544
2349
2348
496
2673
1383
3896
444
-451
2679
214
196
1336
-590
854
1036
387
847
1445
-694
346
-345
1856
2065
962
2150
1371
3131
210
2005
1289
498
-151
687
564
-643
482
2182
633
875
1465
252
2589
-342
214
2906
1579
-411
2579
1895
3603
1538
1081
1102
1292
2251
2562
930
1005
1917
1819
1744
94
1983
2750
1266
1342
3160
365
3216
2814
2214
904
2418
2581
-1081
897
-1050
2106
1913
678
3228
1400
3577
1961
3410
1950
1530
1855
467
-410
2128
-1386
231
1296
840
1852
3524
1365
-787
1144
2856
509
1892
342
-791
2626
-654
121
-689
-60
-290
-21
3946
2412
2721
259
276
435
-242
302
1531
3921
-1033
832
1368
988
4457
938
2392
1889
2862
834
1673
1751
613
2583
2596
618
3037
1017
2482
1315
-694
1128
1628
1146
1986
1671
840
2115
317
-413
444
1402
1678
512
735
2456
1379
1524
607
1138
817
516
-497
955
1631
1175
2002
-492
-598
1988
988
2015
1056
637
1243
807
4182
-505
3264
1376
1381
2625
1068
1789
2034
1233
396
1482
2208
602
170
1441
1591
899
2518
1828
742
2951
-378
1117
4154
-15
720
1466
2138
2241
762
1773
1710
527
-1358
1375
1504
1320
1248
1710
1038
-340
1509
2019
-545
1467
1299
1712
2082
-1141
3511
555
19
3204
-1039
-388
333
1974
3256
-1087
1298
900
-172
-41
618
688
1567
2904
1642
994
2948
2669
2268
2526
4803
2041
405
1749
3891
1872
716
1182
828
1652
282
862
-272
1532
-92
692
1781
648
-775
1773
489
-883
1042
2637
3172
899
939
2100
770
528
-190
-1066
1743
-298
-455
2138
3091
481
1492
2488
672
2249
686
2079
2228
1470
1395
-1186
102
2944
959
2805
1096
937
2057
-58
1129
800
1381
3481
995
1246
-140
1553
1570
1565
2261
423
-759
3217
540
3123
593
1826
656
171
-230
2672
3142
1240
2453
409
893
2223
260
1465
2107
-2122
925
428
2958
104
307
2280
-363
983
1541
1520
877
2052
2870
2003
701
3146
2434
1735
1673
89
1047
1640
2089
1482
2781
2003
240
1675
2268
2065
-783
-1100
1843
796
2811
2840
1782
2938
585
623
95
861
685
2099
-619
-380
195
766
1765
-1449
400
732
1015
3460
868
2078
663
548
3083
-194
3181
2751
1475
1809
3530
2047
2866
3058
-410
-456
3097
1043
2229
2552
539
899
-484
2539
1583
401
1970
2430
844
300
2363
-469
1063
3013
1389
691
1803
2740
2734
1986
1715
2914
1696
-656
1484
1406
-85
2989
1414
204
3396
-732
-506
-521
2652
1444
406
-825
2492
2059
1187
-1403
-293
2624
860
2929
833
-1956
2983
191
2160
158
2577
2907
-495
2560
2354
1378
1119
1844
1358
321
2406
2391
3899
2381
2217
117
1476
-912
2320
538
2635
1122
424
1917
-1611
447
729
784
610
1460
181
2422
3136
2084
961
891
2764
1448
-251
-420
683
2104
1482
1962
866
3679
899
-512
1251
1104
749
2172
294
1076
-479
312
1749
2400
2703
1033
1575
3323
-221
-126
1205
399
1914
1862
797
840
1897
1639
2829
1343
676
3638
-1027
1979
2900
-481
728
963
2713
3373
-1096
3339
-15
1401
4203
-1034
2517
229
-57
2566
1268
1729
1414
2008
2521
1333
-1585
3931
172
-759
2798
644
-485
116
1095
526
1026
-1108
3191
-459
795
199
1467
686
2084
2562
2705
586
903
0
-867
2380
1034
2067
235
2710
-136
3749
1658
667
193
755
115
1570
397
2983
521
2947
1332
696
-695
-1282
1460
1376
-1139
2888
1554
2121
1177
1360
-48
2211
2051
1237
3189
1170
-454
1189
2312
601
1255
2432
2481
1144
886
1923
981
903
2756
563
2420
751
1415
1510
1364
1036
1034
-59
2035
2155
3762
2058
1104
-219
3105
811
2761
849
1735
2190
1696
1208
-712
256
682
612
584
1340
434
2455
1221
4133
361
2761
2241
2947
2212
3075
2234
1493
1873
764
636
147
975
1513
30
2836
-1012
683
1034
1318
194
2641
1574
1288
1172
2043
1978
633
1695
884
166
-673
538
2921
696
2132
796
1954
2633
756
-370
-78
1107
2253
543
18
175
3999
2666
-213
1622
-365
1352
2008
1759
3821
1703
2135
1255
1975
3165
2002
1114
1423
1594
-103
2554
46
1840
1943
796
-456
1115
1781
2582
1962
2739
2494
-425
337
1876
1559
1472
-307
1921
-93
1163
2439
2399
2218
1279
918
389
2156
259
2339
3114
2320
-1145
681
1988
914
1313
3349
3034
3601
2794
2654
1795
2698
1111
1444
573
2185
2000
484
2000
3246
665
237
1594
2913
664
1602
1113
723
1066
467
1177
1905
2660
847
1334
629
2938
-957
1693
2433
2233
939
49
1204
1641
858
2095
721
3241
3430
2113
1968
3104
-23
1887
1013
473
-460
358
974
1906
1314
-948
27
2329
-681
2927
1720
1316
2088
855
1119
-713
1174
1588
2062
-910
1068
1761
150
2795
1474
3315
2028
1058
568
45
-1022
450
1180
2268
17
1708
-772
-176
2669
1179
984
2063
367
157
383
3034
1143
626
3729
23
2304
1707
-656
722
1511
2382
2876
2943
2390
2127
-300
611
2335
313
3304
-18
2860
3047
-170
2840
539
306
2516
-196
1387
347
1805
739
-43
2444
2010
1449
705
1697
179
2602
1130
1141
730
457
2150
1394
-345
454
-1427
2565
2095
3554
3190
751
-192
2026
441
534
3020
-668
-1126
-981
2734
180
1611
921
3788
1964
2714
1937
1263
2833
-471
2793
2946
1114
2359
1153
-260
1856
330
2511
2133
575
-138
993
617
1848
2343
1043
3212
-70
3272
1131
1882
1262
1396
2331
205
2216
2230
-1356
818
-385
2806
-783
1205
77
553
929
2411
645
781
2725
266
1779
-1294
472
2293
-944
231
1354
1665
3226
217
1741
1289
2914
390
1680
300
700
1027
345
934
757
1075
785
-29
3398
1846
767
2734
2908
2623
254
1963
1951
1884
-107
287
2124
899
458
315
-524
2592
767
2883
-593
1270
2788
3123
968
2777
-828
434
557
383
3366
1260
1892
2804
1614
-992
-115
1733
542
-931
2651
3210
1491
3132
1777
681
1457
-76
1138
-1368
1050
1626
1849
2165
789
-416
1781
2384
1826
1537
-268
1383
2141
2351
857
61
1808
1006
484
3717
2371
1764
1496
2088
2005
1504
434
2034
1733
476
2891
1508
1893
1943
1710
3232
1485
400
1436
1222
1020
1326
57
4049
604
754
919
2152
964
2716
3009
1521
4042
1212
3500
3194
789
2788
2183
1031
-459
3380
944
518
-178
2555
1329
1772
1821
-1960
1968
635
2597
-307
2949
2831
1039
-334
225
212
3678
2880
839
145
1327
1865
-176
655
247
4200
2617
-1527
2606
130
1108
-138
-1008
969
1256
1332
856
2173
-56
2571
-33
2004
1818
-241
2274
891
1073
466
2273
-933
211
2381
1106
3307
3399
2231
335
1161
2067
3146
-609
2767
1655
3658
545
1272
3444
-553
595
547
2952
1543
3470
2224
2958
1843
623
2609
1236
2251
-827
731
512
826
-217
1505
2597
144
2751
253
830
2161
1277
2222
2239
1607
1782
796
1390
-135
1417
2187
2335
2071
2972
1981
-500
381
900
1882
2091
2238
-350
1718
2180
852
2066
-441
1176
2039
1161
240
-26
1907
1369
-262
548
1347
2567
1586
2249
3556
620
1092
469
2339
1245
1367
3550
-1012
860
1939
334
2423
1435
811
552
-129
3303
450
752
863
80
1883
2919
3152
-713
446
901
398
-671
141
844
1776
238
67
1530
3068
31
2060
826
275
1438
395
2483
1116
1970
641
-1432
2213
-208
686
916
1011
1936
101
154
1033
1201
-577
-322
1097
115
3575
1232
1490
649
1810
-306
796
440
-686
1361
1155
234
437
-27
-717
-39
1072
1856
546
3686
897
2298
-761
1330
864
1464
2100
2410
-359
-239
-244
609
2053
1609
1442
2150
256
2417
1078
1500
1818
-24
329
631
266
484
662
761
1803
2501
592
1155
1690
83
299
-543
799
1345
1718
2695
1704
2476
1812
1504
2567
940
3336
1344
2384
1400
1218
3794
-31
995
977
1657
246
1605
1423
1623
1778
4074
2043
2174
722
2557
1276
1260
1866
835
1202
2451
2169
477
1598
1029
-2199
260
-375
1914
2614
2603
254
-1615
351
1208
1786
1074
1443
838
2147
88
431
-167
2045
1181
268
2253
1935
1368
2416
56
1148
-238
1850
-713
-572
1788
2488
1211
-293
2827
2225
1108
2513
2070
1011
766
1010
1689
740
1010
1136
-788
492
424
1340
3175
432
1604
2387
1417
-422
1443
-981
997
-346
-394
3015
38
2086
-418
686
2804
1924
2059
1255
2246
1166
-872
1889
1534
-474
1167
578
2220
274
1072
-257
1623
1058
2385
556
2755
2050
1479
1499
1241
1848
988
-570
1084
825
-1639
508
801
677
-179
2777
402
1604
2452
131
1057
-473
1528
1588
714
364
1240
815
-538
178
1006
2119
2216
256
1491
429
-1211
-1698
2977
1486
-461
427
2263
2
1141
1334
91
2592
1583
651
-96
-754
879
222
3237
1279
382
1833
1506
1023
1351
233
-117
2208
1771
2650
1857
1406
661
2627
792
1146
1073
-430
1503
277
2294
1617
3587
4700
2305
477
1233
2210
1910
4219
1113
1606
910
437
-1054
2370
645
2589
2297
818
189
1994
358
-1486
3044
682
2445
3439
-150
-976
282
1195
2015
-661
982
2482
-127
1640
1538
2933
2800
-541
1745
2837
187
1700
730
1086
-806
891
1813
852
1098
934
94
1847
227
573
-561
537
1511
-1595
1240
667
1012
2550
-1014
2261
2731
-342
-619
1039
499
2686
834
2711
308
1182
-202
-555
3971
1079
-382
1404
1028
836
2131
923
1670
-611
2029
1664
2692
3710
701
1085
2751
2026
442
2009
2516
537
1659
1460
-1063
2221
-1472
-1606
1654
1764
713
1391
3732
1111
468
2423
2775
2567
1285
194
2531
567
745
490
216
1522
23
689
1892
2233
1498
2166
1500
350
2651
3154
-280
1200
2569
1605
1980
-413
3226
5
1655
2470
2333
570
3085
2120
2023
926
87
765
1460
2703
371
-443
2812
-987
62
2368
2280
39
2910
775
101
-21
2083
360
2342
-672
356
1614
2905
986
-152
1737
1528
2891
-178
224
1218
-627
-889
1039
1655
818
1482
1227
3270
2542
44
1278
138
806
469
1222
1896
-400
96
1527
-634
2284
1964
2149
3578
1800
1182
662
2568
2022
1167
945
1193
639
637
2148
151
-133
1582
1710
-972
739
2360
878
3125
407
3044
1768
163
-203
473
3421
1817
127
118
1295
2068
1688
1948
-883
2090
2584
307
1317
-2007
803
1971
1030
2048
1501
-543
1708
2860
3619
-1313
1367
-45
-471
1394
1798
1480
1994
2055
2050
1545
-509
-415
1089
904
1756
-1744
1316
1694
2434
2130
1000
639
794
620
-1023
400
540
-83
1372
772
1071
1405
665
2532
2244
2888
-1599
-41
1378
3246
1430
2611
1971
698
777
-1095
615
545
904
492
2529
3936
1683
504
798
224
449
42
1281
1573
-99
-435
-901
2029
12
1179
2085
1470
3397
145
388
1993
1472
881
305
-434
2114
2101
1919
4026
935
4056
1717
2840
-221
604
4483
547
500
2537
1362
2709
1851
796
2790
1409
2435
418
-211
1086
1005
68
-1499
2863
1422
462
1367
3924
-389
2234
1466
-1174
2448
1159
413
1049
2972
2026
2857
184
1644
-420
2844
-119
1804
1106
2339
1407
1335
1773
2657
1134
2484
2961
1188
1931
2093
1917
3321
2189
1108
-523
1758
2576
2261
-1785
-816
-939
2730
1235
1000
3790
2694
1822
1793
1984
2745
1489
732
2671
3062
627
658
1015
863
2811
2619
3371
2931
-1038
2420
3283
486
-540
1691
1211
1430
2981
1987
1558
969
5304
1379
1811
876
1681
2260
1446
2335
381
3753
-439
3236
406
-1068
-390
3012
-155
718
1410
2342
-157
2174
4148
1089
2355
3093
2046
1631
2079
1410
305
3508
-286
1441
2730
543
1588
-738
-162
2728
949
1103
-905
2476
343
265
2494
2666
1207
-683
-610
1346
-160
2644
-989
1669
1427
1572
1465
2310
-1508
1571
2305
-106
1996
2136
929
727
195
229
1953
471
-59
2375
854
2175
231
1107
648
666
487
-722
2272
1467
2265
2344
667
370
1234
2149
527
952
1787
-801
640
339
211
1788
-689
382
-18
1366
3032
651
302
-337
3894
707
1955
1550
1057
1052
1356
2883
3493
426
1446
665
-521
2635
3853
3904
384
3805
2580
1261
849
2577
666
-395
692
3302
1444
1555
2466
-699
2090
2303
909
1634
732
792
191
1678
-39
146
113
3019
2319
2452
2205
-977
2415
2190
1992
937
28
3876
1624
673
661
-2066
2908
1554
2074
-493
1265
577
857
-751
648
1032
133
-49
1841
3076
1727
167
82
3080
2582
1286
234
-489
1212
2404
-590
578
2766
1809
2125
320
1565
2175
2193
338
108
1671
-181
2254
1262
1999
325
-95
1725
712
1508
93
949
368
1656
-110
493
1683
909
-597
-934
1635
1202
2372
1168
2221
1212
3144
1428
1837
4715
1763
695
351
1566
2042
-1037
988
2882
1990
869
587
482
1416
360
2131
939
314
1628
1072
1207
-758
1658
-653
1811
-497
625
1310
3358
1551
-396
469
2189
-9
-1712
1713
744
2135
414
1342
1195
810
1173
418
444
334
1886
3434
2017
1916
147
2400
2827
379
-1134
-127
262
3299
3126
40
565
3494
-1924
571
1829
538
3514
1749
2934
2249
1476
-931
305
3282
631
4958
-155
299
3385
2531
1332
885
965
622
858
1254
2628
618
2537
275
1450
431
19
2166
2878
2619
2455
2703
508
667
1240
-1211
-80
2269
720
1837
1053
1295
3141
1073
2633
3587
781
1603
1
2050
-794
1460
-44
571
2865
534
1681
2924
-766
-1580
1702
1100
-951
1177
939
52
719
305
576
2511
681
1401
1467
2397
1101
1255
2444
83
1247
1813
-1224
2309
2244
817
-312
2560
-170
3295
337
1737
467
248
1236
3571
1272
811
2655
1874
467
2986
-624
1296
2013
1614
2073
2125
276
4194
2077
2087
2040
1377
2417
2050
756
-1277
1704
2776
346
-351
1866
1805
929
-735
1099
2156
1217
2668
3434
2299
2072
1088
-401
2844
1219
1154
1141
2576
384
1872
2661
123
1991
1589
-241
1956
4149
1702
2566
686
1848
728
2243
3210
-381
426
1214
2110
2193
3836
2272
2568
1463
2090
1193
2550
2457
-780
643
2135
378
28
813
2508
-191
534
1929
468
1828
4046
1738
1714
1224
-674
105
2978
2366
383
2941
3149
-252
1100
210
588
366
202
1700
3495
-1821
1634
1288
2979
1998
871
1312
1055
2335
1950
1291
1600
170
-333
-527
3448
1295
-1662
579
1543
1421
1216
1309
2235
848
600
575
1933
1068
1832
1944
2171
3251
1140
1127
1118
1442
991
1721
2774
329
2252
685
2726
1618
-784
159
1526
-197
2193
1762
3014
-737
2485
-1255
1857
2494
-627
3006
1687
1782
1179
1926
2371
3039
442
27
-170
1478
1325
3082
-145
2875
1216
778
1183
2038
3922
624
-761
1831
844
517
3055
285
1013
1893
-117
743
1953
1428
2630
-1100
3046
1667
2405
106
1115
2716
2325
229
2840
2725
1997
797
553
2629
1133
1712
1698
4121
2859
2869
1067
-94
1619
1269
2276
2259
3049
-128
432
826
1013
1393
667
2240
1122
1281
-780
1087
2337
-39
-324
622
461
1786
-1707
887
1294
1753
845
-588
1486
-105
1644
3049
-732
-369
834
955
1661
1635
1808
-117
555
1784
2036
661
1420
-1229
199
3638
143
546
878
1353
2842
-157
3014
-1660
582
178
1136
2418
3280
1664
830
1677
3998
4118
1525
2884
701
2342
557
1538
1362
2637
1617
2437
407
1589
718
85
-371
-261
-238
3292
1378
1429
1747
1003
2533
1821
398
2278
-330
1576
1025
-568
1862
919
-912
2111
2607
870
2109
2010
1430
1884
2818
1548
2556
-121
3056
-765
1551
1808
754
1885
-367
1559
2300
2351
1914
749
-193
1341
3098
3292
3058
3268
1966
2457
996
724
3565
3044
2126
1392
565
3110
-86
2003
1232
-211
-802
2416
1338
-708
-166
1776
1267
2979
4134
-32
676
1051
707
1612
924
1810
2254
3428
1207
-125
1705
2780
688
1592
291
-1362
710
2060
444
1540
2835
3899
55
-236
-506
-28
1427
-479
2587
1797
1009
66
2361
-477
2840
-482
441
236
394
2407
203
2342
3555
1030
-1332
1550
125
4160
-491
2677
-956
1961
1908
1720
196
1071
1016
-20
854
1145
3416
1204
561
898
1056
968
815
1768
1019
297
4420
2943
1639
4003
1492
635
1742
2729
-539
3521
-623
3212
1396
2259
3209
-273
129
1356
3506
2641
939
1675
118
1558
2496
943
1914
850
872
3744
865
871
416
2826
1184
-1205
3205
1105
640
800
104
1267
1760
-352
1470
-16
3189
706
179
524
2172
30
299
239
1360
1931
2685
339
2538
-73
1399
3126
1509
2556
3552
1325
914
1288
1934
-244
-465
1983
-339
1246
-175
-1333
1545
2427
1270
-295
1341
-769
2730
650
388
-1899
2419
1969
2566
609
184
-52
-263
1960
2011
-267
1289
1572
418
2389
785
-111
-662
2066
683
2308
1494
3232
96
2214
777
120
1911
-911
1127
2189
2314
1882
624
706
1053
656
1248
2000
3381
42
852
3618
-955
2560
2375
-345
1078
1352
1742
788
289
1017
1910
-449
65
3678
100
-1403
1427
1608
2572
153
411
1783
1340
-1317
2246
194
1290
2772
1134
3850
2363
2214
1692
2222
336
266
447
1215
181
2477
1610
1785
1401
2338
-520
802
2885
1560
1265
1631
717
66
1068
1283
1008
-335
575
2893
2117
1751
1177
2830
2033
1143
2640
1015
2477
2182
1199
764
2207
1142
776
-1536
1495
2349
459
-479
-566
-127
2974
1403
1225
2513
2612
2572
1048
2281
-811
2218
2916
665
1133
2076
729
1543
-579
1188
-139
1755
2902
2212
1077
963
1622
838
970
189
873
1432
-45
1462
549
1838
946
964
1115
-554
566
493
-1610
2196
1295
2263
892
520
-151
-173
1870
319
-778
2883
3712
-316
2167
813
389
1429
3343
1628
-894
1311
-183
677
556
1920
2731
2515
267
2850
1152
1934
667
705
3186
3444
1450
2373
1814
2153
2410
1515
1802
22
688
84
1191
2248
2621
1207
3029
-1121
-59
783
2299
1356
-283
1855
1538
47
1716
2302
3004
-2194
-265
1927
2465
77
2782
2476
1685
-745
2348
4177
344
2705
863
3450
870
1028
-90
953
-344
2062
3278
1481
-117
205
-297
1446
143
802
2473
-1444
492
477
338
661
680
2614
-535
2507
1108
828
3838
665
1596
-926
3789
2328
-390
3530
1102
765
2626
2206
1186
1147
1970
931
1911
807
-1853
1570
3499
-1029
1311
1716
168
1361
1614
1905
1156
-1361
2623
-2311
630
1675
3038
1252
1340
902
1574
37
758
2974
2931
325
1293
-440
1575
3865
-764
640
-812
1549
270
696
-328
2602
-323
-798
218
2091
-1950
-34
1084
432
1079
2536
-909
1161
1112
751
893
1736
177
469
209
2112
-796
1443
2439
841
3287
1291
2867
660
976
889
1355
3078
-2027
623
200
1374
1487
-218
-44
1816
1628
-46
3293
652
1182
723
1672
2598
1405
2411
590
2917
1162
2491
345
3122
751
1898
2148
2939
2787
563
162
2968
1945
1684
2512
2852
607
2106
189
1026
1928
1364
17
-321
3450
2041
2228
809
3895
-182
944
1458
-774
876
3420
4209
1613
479
1987
-1318
1463
1898
-1
1000
-239
-613
51
917
1175
2129
3571
1654
1670
-201
386
1159
2184
449
694
3688
-353
-1358
-961
830
762
1423
1769
1961
2631
72
-14
3221
-93
-688
1396
1352
2504
1635
-67
707
2420
219
521
2643
1231
1069
1330
2647
3128
1525
600
680
513
4565
224
2024
1993
515
277
1916
-915
3795
1081
-167
4498
-1250
39
3020
927
4205
3050
491
2489
1386
479
-841
1165
1894
619
493
-651
7
518
2531
171
405
2304
1387
472
1955
909
1087
1983
1737
625
2916
2061
2498
726
2204
1032
1673
2047
539
464
905
2433
3196
928
-267
1057
559
2129
2645
2066
595
1856
2740
2413
403
82
2687
731
467
620
690
1380
2634
-108
2238
214
2800
1366
201
1886
289
1906
3187
-77
1738
824
773
1777
3161
-2117
190
2344
-823
2192
3495
2943
2629
2735
345
1143
346
2003
1322
816
-396
1890
2507
1344
3187
-818
1461
862
2552
2276
1338
1489
1861
1544
772
409
1071
1268
-1238
322
1161
1139
1635
1345
3393
413
806
1600
2595
1209
278
-273
3200
2454
1721
616
2278
522
598
1531
1373
1752
1055
1401
704
679
3900
789
759
470
159
825
-25
2689
2478
498
-118
1960
3099
170
-112
569
723
3099
1715
-797
1161
785
1672
2607
1873
3484
3234
2169
23
3666
4071
896
1285
3149
1631
626
1442
3020
554
1287
1873
-1049
1859
-14
987
1336
1837
4198
1562
1684
491
1042
-256
3278
305
2209
434
2394
-124
572
1899
1082
-210
2056
1606
-76
-2528
-116
583
3221
1572
969
1814
1701
1686
2067
-261
1717
-327
-149
1506
2771
3516
2571
-904
-234
989
2704
1801
2974
3010
1343
1508
989
-89
-1816
2553
445
477
1900
1379
944
1956
2830
1992
965
601
1627
518
2455
3241
1228
3361
589
1842
344
1271
555
63
849
1424
2814
1448
1583
2332
4540
3058
-64
2515
2889
738
1248
619
2091
2450
1209
-75
2748
3567
1837
1608
2162
1244
1677
2354
2436
-1427
-658
520
187
1425
1550
3081
1539
838
2141
1251
1779
-1248
1292
423
3825
-89
859
1916
-542
1816
545
791
3064
-89
4184
-928
363
1860
1482
1359
-1488
311
-136
2364
-1338
68
666
-396
2282
2644
-224
420
205
2144
2648
2114
2757
133
-711
2135
-256
189
2388
1009
1038
2292
1123
1065
1391
1932
428
1811
858
1135
1925
1840
2633
1280
1259
2558
448
1019
14
2640
-1235
47
301
2027
156
1008
1163
1285
2218
183
2760
1535
2367
2911
2875
-668
2137
628
2413
-703
460
1945
429
2571
1142
1478
-122
1834
1669
2737
198
2021
1771
614
387
976
-349
-1153
1280
3360
1778
853
793
615
-1233
2771
2077
-817
3553
666
2929
2805
1007
-22
840
-555
439
674
732
-324
-90
174
132
2005
-466
3400
1381
696
1435
1406
335
1610
1277
1427
463
-960
1282
590
-297
368
99
285
812
1715
2093
2194
1708
298
949
1900
24
824
40
-671
1697
36
1669
1357
1371
2032
2263
1958
2908
1273
930
1672
-520
1336
2298
1638
1692
-197
-1199
2290
1950
1101
-1195
1680
1490
1682
1139
2309
2774
-446
1736
1782
1538
930
1602
683
2833
2277
-557
314
2111
1875
1535
432
-35
-693
-305
2136
1361
4720
1327
3682
-107
1488
1521
1400
-608
-734
641
252
1654
122
1073
-47
2599
2360
-270
174
1253
1712
2197
-157
3252
-1077
-833
2413
2172
-27
866
1429
2106
512
816
3382
-409
-1338
2690
-406
1846
-1065
1890
2505
955
266
701
-418
3219
488
2966
799
660
3567
1035
3634
188
2564
744
371
815
899
529
2835
727
2192
1624
-862
828
1945
1892
-71
1295
1159
1991
1620
-276
-172
1761
-739
988
-491
3538
2630
165
212
3509
947
2865
1752
2333
803
1322
1084
-1129
1685
-514
1725
-368
1208
1933
2333
-519
2561
995
2586
-987
1317
2755
933
1824
2786
-710
-168
712
493
1421
1371
1433
1124
1316
879
879
2499
1311
777
218
257
1035
1868
2983
1346
410
3123
819
1676
1310
795
1043
681
1288
1004
686
-107
1447
-152
1068
1399
1481
4236
-604
1248
1700
2459
-19
2612
249
300
568
4391
2560
-1929
1073
1694
2587
-667
420
2238
1133
212
1022
1748
3153
1084
1341
-460
1786
1325
2081
3138
86
-1
6
3871
646
2209
163
2031
241
-1210
622
2312
-155
1124
1897
-717
532
3231
-231
219
445
519
-936
2696
1909
2612
1932
439
720
1079
425
-28
-451
2352
369
171
1495
1772
1686
603
1577
1462
1436
558
2581
860
2279
1505
-67
-421
1760
2396
2978
1052
2964
2005
-1289
884
2811
-84
2432
1624
1513
-118
2526
1844
3681
1200
1455
1228
540
1498
2622
1867
3062
1248
2140
-1054
708
369
377
-333
2393
1250
889
72
-74
316
-231
1338
1726
896
2139
-362
1478
1623
452
460
345
826
3312
-435
711
2522
2648
1439
1204
1489
773
398
2339
-9
2299
958
3482
-350
2436
1543
3297
-12
564
104
-384
600
2901
2151
3154
1599
1269
771
2759
1149
1629
1697
1417
2489
403
1809
1278
2167
26
2310
1499
2405
1433
3166
1743
-101
1354
1067
899
-391
-1600
509
667
1574
-976
341
-183
653
235
1839
-14
-752
550
1439
2560
3250
2737
338
878
-222
1651
1225
-1725
1184
3469
1217
794
1667
1203
517
3502
-95
280
-499
1625
2943
193
-1316
775
2262
736
-42
1131
2621
-301
416
2328
2627
1212
2919
1349
1976
-621
2183
439
2437
-939
1126
-322
554
301
-1255
1601
925
-2265
3251
1857
1037
421
1741
464
2308
271
-649
3254
2830
2639
2829
3168
1184
750
-361
651
2045
-2032
1700
1958
-431
1792
900
2497
-405
601
-338
2202
-362
1217
-262
1381
2795
756
1002
-608
697
995
695
2543
1256
-703
-1182
936
2715
1958
1614
2309
2385
1807
2056
316
1389
1087
-1384
2517
2056
3156
2510
1293
598
1357
261
2499
1567
347
-729
1328
1716
1917
3818
1758
973
-319
1041
362
-967
123
1274
1461
780
1617
1018
1123
1120
-859
443
1477
3559
-720
-247
2267
1951
2457
1345
1090
1073
1963
-967
2007
2839
234
1467
1209
284
472
-587
809
254
2289
995
755
-560
-188
3374
2768
2298
684
91
809
-418
261
2005
-644
2115
-855
1710
-936
-627
3300
1957
3682
-145
1331
3488
326
1827
2953
-177
171
770
1760
-5
2562
497
404
805
-448
1162
-288
-183
1756
1080
2278
284
478
612
145
815
1871
843
894
492
2851
3505
2799
3653
1341
910
1393
710
222
1661
2301
2231
-1778
3262
1704
2236
3256
916
18
774
1813
3247
1419
2222
2909
2004
2215
1143
656
1858
2562
995
1221
2046
3524
2024
780
562
1592
1615
1530
1860
982
1040
-718
-202
470
97
2754
1855
1205
2555
889
820
353
1455
833
-941
1448
2337
1725
2375
1243
2501
-84
217
3808
1190
2422
1488
2798
894
2918
1929
-253
2125
3405
-122
1951
1890
3265
1303
1106
3380
514
1093
951
2259
1395
2054
2034
-892
2493
1965
2492
2459
-632
566
2392
364
1967
1551
-562
1899
2815
1560
1000
2281
2056
1853
2345
-406
1457
710
2140
1135
1650
-728
1937
1432
974
1592
1872
748
-584
785
1739
563
603
2118
-672
487
1557
-1029
2161
-113
-604
-754
1990
2990
2154
-332
1567
837
-284
1514
297
966
2412
-334
790
2822
2563
2460
2978
1114
629
363
4240
993
367
621
249
1956
-161
2953
2990
2286
105
505
838
1323
-791
-739
2883
1157
-1776
972
2458
-54
-322
3673
661
1419
616
2266
966
3854
2749
1230
182
-198
443
2932
48
2482
4093
3577
-1439
1529
1873
1349
2143
1528
-27
448
2171
2683
1897
1123
1258
1846
-902
638
2779
828
391
2199
3052
1355
3151
2099
519
2825
1485
3379
176
-187
-119
2509
2036
2064
2010
392
651
1908
2113
-1686
3086
-150
2806
195
1811
865
-547
2547
1619
1247
2537
-134
1198
2810
589
-694
-373
144
730
1728
3117
1634
2562
223
1630
-620
2561
1566
516
2754
1755
-714
499
403
1326
2920
1653
1999
-1924
1012
2143
1523
2297
-514
846
2552
-268
2257
794
3781
2700
2046
2453
-158
2201
2665
-243
3049
147
419
466
1119
1042
2
1412
-43
492
-90
3617
-571
1070
821
845
278
-202
3803
888
1226
-1333
-72
627
2454
1301
-822
622
131
2334
-263
1790
734
3015
1351
1769
1067
792
1768
2613
1804
1505
1072
1562
-973
1344
2953
-132
-466
670
-108
268
1994
2122
2719
3354
-106
3313
244
456
1005
746
1871
-1080
1738
-574
2491
128
1273
1094
1078
1982
1926
1952
1333
1257
574
324
2288
1462
721
810
239
-2761
507
-733
329
-738
189
2472
-1511
906
2622
-1206
2674
3273
1229
2170
814
418
352
2740
1536
1984
1663
550
1506
1310
3128
211
499
1551
1292
2651
815
494
858
-221
-785
1680
945
2994
1983
805
73
2410
1090
2727
3093
2614
2745
1092
1941
-481
1138
1968
3215
2988
2907
1465
2961
1459
2109
1480
-300
3051
740
1811
-1427
999
1653
-1079
1710
2055
2299
2372
2073
2730
-434
1087
611
464
416
2397
3720
1933
2917
1043
-688
1429
861
860
3142
2321
-580
2754
1857
2583
2680
1128
1932
2293
2162
1172
1004
-1261
599
2215
-891
823
503
2553
1689
1508
725
1761
1455
1059
2475
-594
1505
2450
2708
1595
885
2954
2236
-171
1449
1686
1208
-1894
2149
1655
516
3438
1702
1419
1952
-756
1863
1832
604
1659
913
-376
84
3094
1869
300
1533
2715
1783
-872
1784
941
3318
1480
2592
1285
632
2993
-572
778
2644
1438
1708
189
391
1222
616
1371
2577
2477
-1044
2736
78
2196
-131
3875
1227
-99
445
2732
492
1951
2234
100
-8
611
754
863
1678
990
691
-690
1298
-152
-957
1144
2032
1102
1784
2109
1747
-1110
1335
388
3772
1514
190
949
973
535
2283
21
683
-606
2328
1049
1271
3717
167
2010
3500
1217
1740
3337
133
4005
1719
1926
-69
4245
2782
-724
-395
3610
3101
3122
805
2021
1223
1746
-1818
3275
-921
1005
2245
-844
1071
993
-223
614
538
2050
1144
1637
5061
-35
477
1518
1951
-312
790
-172
1713
1118
-328
-90
1197
2122
-75
1305
184
638
1699
1161
2464
1371
344
399
-62
3038
411
1766
2948
2072
2233
726
995
1927
1249
2059
1609
1487
201
880
2273
1753
-379
1711
983
1568
971
-375
1444
1265
-1283
230
2405
2110
190
1496
2308
-630
2445
750
858
1407
1220
547
3464
769
3546
378
1697
1371
1554
2101
-724
-1828
2039
234
1894
1860
3560
2882
1713
533
738
201
1497
671
3118
-54
2460
200
550
-657
2347
1424
1769
1376
1599
52
145
-358
1491
-50
747
81
2858
2407
1510
422
2088
-133
467
1788
2239
1798
2345
1806
2453
369
2739
1852
1693
580
2462
176
2474
722
2820
-607
1996
1916
184
1336
3247
797
1203
3742
556
-476
1053
549
173
3105
1132
2093
2304
-719
1808
3444
168
225
-494
594
1620
1
1393
1477
1126
1187
2605
-287
154
123
1100
1737
1111
1267
2308
-84
843
1610
1887
973
-373
1962
-112
1100
1885
2417
2533
1118
-1019
106
1560
3196
867
853
-715
1727
-214
888
3059
497
-294
83
1595
2858
634
1730
1018
1668
2191
968
3072
2499
1121
969
-324
626
-255
1469
2860
4488
90
1339
-368
2677
1216
2733
1474
-1040
2903
2555
-1357
845
2277
582
-170
-325
2326
457
1839
745
-683
110
3529
1268
1847
-127
587
1132
-410
1649
1491
2344
466
904
2547
1533
2208
3495
3057
2032
107
68
1189
321
819
1504
716
2372
1474
1922
1512
302
1316
-302
1570
1897
-274
1066
1748
-206
2693
2822
186
1720
1265
1074
2124
-991
872
219
1197
421
-883
2737
1357
1283
2982
1462
253
-259
1699
332
2903
1397
2421
361
3754
3965
659
3926
1732
1956
-937
4116
1397
1776
157
483
1940
406
60
1845
677
3612
23
-216
1594
2739
-92
3221
2126
-198
-603
1227
756
622
-55
710
535
-524
1355
-1095
1140
-2766
2027
113
-1000
1463
-674
905
2437
2035
1109
1266
-719
912
154
1753
-529
4
-80
1915
2648
1233
3163
1225
966
1094
1663
574
1882
-383
506
1422
2520
151
111
1913
245
749
737
1050
3866
1137
3642
2133
1689
2607
-90
274
361
732
-322
1197
1454
4462
366
1490
1389
-1482
1044
3262
1520
-157
1005
1603
-193
603
-328
757
2239
877
2513
-220
-243
2911
2338
508
2110
276
623
203
1056
1015
565
-64
-233
81
1995
1615
4849
-1361
2708
3788
1681
1064
959
-443
1528
3632
-1060
1011
1186
2103
1397
3469
355
2400
-1384
1999
-600
1186
638
2989
2125
1047
1322
-870
-49
185
912
1255
833
3464
3212
1150
960
-1815
355
1966
2178
831
2199
431
849
1548
1777
-118
2897
670
1
452
2837
1178
3110
2797
1728
1808
216
1815
1755
886
1615
-372
2624
1359
3226
162
1304
-894
1578
2086
-326
1656
1218
-237
543
2797
-549
-371
1250
1504
946
96
1193
533
1749
1307
1069
1801
874
1594
2794
2093
1634
2286
1678
-415
442
2440
2029
828
1280
1628
3648
393
2022
782
2281
452
1249
98
-831
171
1715
1051
1754
1850
2991
1663
2126
-205
951
-529
529
-836
1927
2468
1766
148
659
453
1963
1101
727
2517
1167
2238
-89
457
606
1556
468
2005
-717
-496
3870
2272
3151
182
2905
1433
791
15
2041
1823
1852
-2549
752
587
1047
617
1577
-1337
1645
4366
-374
838
-934
876
-1169
1670
2449
940
1025
1023
-111
2434
2880
-339
234
-313
209
1713
2627
1402
1229
1122
-1022
1507
888
-147
-94
881
-519
2769
-1254
1143
3582
3260
2095
412
920
1160
1045
3270
1306
817
1245
518
2105
1687
1699
890
2638
16
918
1837
2744
4070
1841
1539
1421
2145
762
587
826
2493
356
-261
3474
348
3947
-152
1682
1639
275
15
1059
772
2279
39
1722
1734
549
-1306
2399
1679
924
1991
1695
3659
412
-562
1108
1927
3661
946
126
1679
1011
111
1594
-432
4083
1794
965
2061
-1219
-455
1399
465
-794
2729
2831
-2028
2362
1750
2902
1842
833
1877
1446
1052
822
-742
341
358
-108
389
1137
988
554
1304
1122
221
208
1142
1118
1460
1549
1857
2277
596
1336
-466
1415
2923
2922
998
2177
1511
-67
1589
204
1060
2435
2198
2421
750
1428
-102
-1081
2394
833
-22
389
-277
-643
904
1001
-392
1866
1744
787
1081
3043
1703
884
749
39
2912
21
1325
636
2779
1024
3077
383
-132
1258
1587
457
823
1162
1828
2764
1709
85
193
1938
1074
1843
2000
1822
-612
2845
2291
651
964
2639
1544
362
2392
666
-939
257
682
2896
2155
846
2383
1079
3393
3205
2267
1287
828
2749
1132
2233
1657
2845
413
1238
2294
3075
308
1384
1133
689
545
-2053
1691
227
2673
445
566
751
860
1117
394
3113
-845
2011
774
805
-223
49
3252
875
2210
262
1073
3474
-560
1634
429
1729
887
422
755
1074
1199
509
582
-1702
4356
317
2111
-978
3209
2578
2038
902
865
-793
2476
1147
944
3006
1231
1049
2025
1247
2215
855
674
1808
1636
2371
2251
-132
-408
1567
1725
-128
-450
329
3267
-1433
-133
1145
3265
-360
543
3540
1888
-272
1228
2352
1110
242
-101
3229
4417
1321
2516
2050
2326
2311
1978
1150
447
-515
1639
1533
2921
1763
370
3227
321
682
526
877
294
1357
271
-1327
2032
1351
2247
-102
-102
1206
1523
1445
2153
2906
726
-356
2182
973
662
1909
428
2438
1087
-759
506
1059
2644
156
2163
-2415
2653
1172
3466
-537
2741
857
1320
821
2052
1610
1105
1113
125
1778
-499
3421
2571
3226
-1477
-941
273
1191
1793
1629
-162
1030
1682
1671
1037
1935
748
-445
1593
3570
2092
1654
1208
1956
1040
1832
1725
36
1508
590
2913
2373
2704
1796
427
1228
1729
926
1774
1878
1315
600
388
-162
1265
1316
12
869
879
-901
78
1507
1644
2090
2216
1131
2566
2058
1232
2904
1259
2307
1499
3310
1856
921
588
1640
1577
599
2120
2120
1664
-576
-326
846
735
1747
3860
1294
1853
1243
-482
2395
1167
1132
3177
2849
-582
1757
-154
2065
1027
1955
851
1933
1600
3028
1456
1902
948
622
2422
-138
699
-207
1431
-38
727
1782
-542
1288
1744
941
786
-163
1470
1641
1434
1133
2622
2486
321
1823
298
3354
2332
1493
1795
2314
1291
2634
742
2069
512
1897
165
544
810
988
2372
2531
1392
1646
471
2044
1841
-27
3639
2478
552
2542
1729
861
1249
770
-321
3057
-614
2411
1816
1539
3011
1980
1311
-187
2636
2391
931
1406
326
2264
289
3615
1339
3447
2164
477
553
449
-1278
1855
1206
2519
1182
295
1385
667
2161
1239
848
2045
2097
-246
-251
1882
1025
836
611
2373
2072
1283
967
1356
1176
-1080
3022
1385
2685
1002
2753
107
2825
849
-212
1993
4069
-82
773
2001
1607
2063
1088
4422
1213
2225
-332
1091
1365
1871
-299
1577
1022
773
1235
3143
3443
812
-661
-278
-1363
1184
2835
2646
1682
-365
71
-367
84
2902
646
1351
946
1513
2755
884
347
1206
87
931
244
2440
-275
1339
-922
-638
2809
1616
1995
1889
2049
1176
-7
724
-789
-228
812
1090
1543
1972
471
-1328
148
-476
605
1591
1712
757
1993
-150
523
-291
-1105
143
1767
1629
2256
1370
1167
710
1489
1060
2322
636
2698
1154
56
2213
1788
3217
3619
1300
-265
1647
1481
-99
366
2125
577
1527
2343
4199
2172
158
583
1857
2062
2369
756
-323
2882
-1503
254
345
-116
482
744
3294
2865
735
2279
944
2659
1164
2040
2356
584
2984
1376
1035
722
2645
-306
1776
3375
2511
1435
2752
2942
1484
502
2376
2377
3214
3489
259
1705
260
2130
3276
2200
1424
1629
1460
676
776
303
2259
1065
1095
3017
343
950
-49
867
4010
809
854
734
2939
1959
1960
705
1809
1229
1706
662
494
1813
900
-624
-1174
795
1459
2687
2222
2260
1290
-759
-1033
2175
-6
48
-1332
505
-749
-106
1482
1356
-1961
2107
-400
-888
3449
436
2626
-1040
995
1963
2558
2211
1227
-255
-901
-271
867
2201
2272
3290
2550
322
3823
1956
1538
2894
1633
-281
1851
1437
1486
632
2793
2314
1424
1642
961
1318
1361
1306
1481
2773
235
2932
1563
-279
669
1538
649
2253
1019
1034
857
-29
894
1146
401
-545
2661
1467
2392
1552
2285
-334
724
-69
2290
3421
617
2614
1959
2044
430
3082
704
1627
2258
1976
2721
2098
-501
1376
2590
3257
1644
621
1574
2066
1553
2472
4061
2776
3625
1099
461
1644
1299
1400
-146
3871
1395
2738
3851
835
1529
216
-100
971
2279
1397
1415
-178
1914
529
1066
821
42
2597
2558
1414
3350
1682
1150
601
1609
555
1888
2779
2762
2845
1569
2674
3703
2045
1111
3402
2710
1371
783
939
1453
983
1018
2724
1296
712
1361
-819
295
1289
2201
1155
1498
2124
-149
667
2172
993
923
1248
960
1312
635
1866
-1357
540
2056
1732
-200
1755
-344
2033
434
1788
1183
7
632
706
428
830
2088
417
1480
-447
2207
2333
1793
-522
518
-887
1505
2360
1446
1073
1698
2710
1680
-444
-1090
1959
1750
1117
1845
-1621
915
798
593
474
1728
2309
556
3439
45
-40
561
4415
-1255
2432
750
1659
412
853
-482
2639
1171
-1596
2294
1088
4073
-189
1454
2260
3901
2237
1883
1873
1076
319
2608
3302
1003
2866
1216
2337
1563
1346
-364
-888
907
695
2716
1158
1351
3505
3455
1699
704
1047
535
1025
2001
1125
659
1640
-632
1117
2909
666
2956
1242
2660
1153
-344
2418
161
721
51
2456
-1186
3921
1400
1521
2754
3820
273
2859
-683
1256
1660
1272
2283
480
923
-230
-304
2081
2092
386
261
194
-743
1135
1817
1422
808
1597
1833
494
1132
1548
552
1347
1253
824
1593
38
1949
606
2684
2140
332
2668
794
1417
1078
2339
2131
2363
1112
3024
730
-242
2020
2388
414
1465
-716
2563
2173
922
79
-749
952
2286
491
-486
-600
2404
1473
975
2035
1573
1643
1076
3149
342
532
506
-246
866
2283
2367
2116
-42
-504
1466
2688
76
2906
-83
2922
1615
522
751
442
1568
1662
2992
966
1781
-860
1740
2994
1331
2805
1825
17
957
1538
2226
1163
791
1114
616
1402
1452
825
2543
322
905
1472
1879
729
2214
2305
1009
808
-141
2309
1238
-709
3677
1321
2071
261
1028
-256
2344
1723
1041
1287
-277
1131
-1016
2244
1541
2233
-782
2039
318
1145
331
1132
615
1874
1371
2915
-828
1612
1826
1707
2149
4031
-28
1410
1
1991
2337
1742
1789
-786
-1366
141
794
90
701
1903
-866
-754
1848
1601
-1570
2174
4139
1166
2147
304
1534
2872
2605
861
2506
772
-960
1648
1058
1942
85
510
160
2051
4741
2844
587
2732
955
1713
-383
1420
1285
1351
1961
811
-1250
1240
3260
-316
2090
1849
2452
1385
299
1250
453
-345
2096
1625
-756
1221
2171
907
131
2994
3148
2588
300
-2203
-236
1167
1182
3427
1388
105
-1312
2324
564
602
-887
1961
103
2364
180
3037
-52
-472
2122
1568
1045
738
1054
-1038
238
1757
408
-1601
744
779
2344
2789
2209
2235
1245
214
1633
2658
597
610
-339
-109
1617
4386
-14
2692
433
1214
2758
714
-1561
2690
-556
1005
2486
2069
1684
-1189
3067
407
1977
2191
799
1297
786
393
315
-1464
1043
2490
116
4139
2955
1975
-759
2663
835
3327
328
-102
1349
-131
-2245
2700
3435
2394
3709
1191
1903
2089
250
694
-122
1984
2467
1427
2461
2570
2610
2616
3798
936
960
630
398
-730
2006
1586
273
-747
1384
-2071
-63
1908
-1181
2146
-513
-1148
617
936
315
-405
192
920
-1314
1653
1898
3728
1145
553
2573
1144
347
2821
-44
1427
-1083
1935
1523
1470
1128
2274
904
1451
1985
-131
2764
562
2222
1485
1753
2044
-1270
2101
-201
-303
2972
24
515
1386
915
1231
3157
2145
1622
963
-1833
1604
683
46
961
671
1884
448
1912
-155
777
1484
1831
1786
-194
-1900
2201
1974
1776
1184
4065
300
847
3348
2584
360
3477
1815
1110
2155
4159
654
926
1665
1717
2556
2098
2316
1783
-401
1993
766
-565
3369
1554
884
346
2357
2000
33
-640
847
699
2575
3038
1491
629
737
1029
-369
767
2660
2933
2627
626
-384
509
2467
1347
3901
2856
702
-364
3474
1995
699
-858
771
1311
582
3588
2637
2187
-657
2646
-860
1137
1604
2442
1234
3095
595
1649
1540
2286
2329
1981
-817
1193
1147
3298
2442
596
1281
-599
1567
1787
1227
-496
806
269
1705
3222
317
1932
2544
711
2164
1518
1767
640
2470
7
1464
-833
852
2030
527
1203
-606
2051
-254
1911
649
3683
927
1082
971
786
-890
168
-78
-501
1273
3472
-33
1029
583
197
2183
1008
1469
1675
3296
1549
-587
-244
2487
1744
1647
-113
348
272
1812
233
1558
488
1765
1765
1121
3030
624
2016
254
535
-526
369
2304
1097
3439
1139
1200
-69
1123
980
2054
612
2049
-441
540
2864
2555
2887
2877
-906
0
1659
-410
2288
-22
484
2552
465
2001
1114
1968
431
2341
1739
1170
1354
777
568
765
2270
541
2155
456
1666
1436
-673
2273
1141
2815
3648
1794
2501
3120
126
1266
-88
1783
-120
1686
393
2357
3167
2492
-1089
1749
1161
1693
3600
740
3015
3129
1724
1296
2589
3606
878
1327
-851
3284
-4
1382
2370
1000
2097
-145
1298
1605
3060
1209
1075
1251
4179
2537
1376
3614
864
-142
358
1723
1610
1974
1834
2353
918
2923
2334
408
898
228
-188
2226
-917
383
2716
3003
-382
1741
111
883
1674
3172
-470
2025
2970
2132
9
-482
1008
2009
1990
-180
2911
1245
717
2537
1676
2265
2239
899
-19
244
1642
314
1534
795
2171
362
883
1033
3596
968
2020
2066
210
1355
79
2426
1109
1433
2957
2344
1068
-196
-377
1183
1612
2270
646
4002
2302
4371
-405
1812
1431
82
1039
933
5299
1802
145
1638
1417
1599
3014
1702
378
-605
1101
-805
532
-607
3426
277
489
559
1071
2063
1407
-135
1359
1572
508
-670
1542
2326
531
2528
405
287
1820
939
-1555
1576
3088
1550
1722
4224
1616
2785
-1121
-1456
67
1836
2649
2006
2403
2089
275
126
1120
769
1790
2007
1296
757
-343
-311
829
1546
954
-1617
-1256
509
643
-457
1099
332
-499
155
-997
2160
-1409
1703
1246
952
4282
901
2169
-955
921
1190
103
1109
-1636
2457
1221
515
-388
1832
2775
971
1630
1807
-619
2665
1744
606
3597
-262
-1266
793
4258
1973
3017
909
2643
1266
451
2071
606
-965
-513
1287
1127
1915
-653
2881
3814
705
1909
1034
2628
1090
-192
-1905
4570
1183
1847
-565
871
1169
2542
-13
1022
2713
-878
126
1812
611
1337
1882
1794
2711
-1110
-1034
1395
-744
-1229
100
1570
511
91
1821
871
275
2859
2258
1393
1504
1510
3040
3117
1313
994
239
2395
-49
1699
1852
1945
-160
-87
2875
1594
3170
-434
-150
3191
-176
2049
226
1887
-477
1002
1609
1182
2741
-450
1571
1212
1644
1062
-64
2706
1726
1619
1554
-927
1613
2698
2411
983
779
2988
885
-71
2877
2655
-331
3206
-347
1842
990
-511
2938
1921
649
2720
677
-289
1402
2287
-33
2602
-370
1831
1465
1879
1373
885
1533
-112
1638
2220
1763
278
682
394
1027
3628
-249
1160
980
551
259
61
403
-156
681
279
2208
1532
-675
-429
1006
-216
356
-436
2663
367
-65
1409
-1310
1674
-722
924
2114
2220
3042
-46
2195
853
929
755
213
4113
2316
1795
2373
3776
1270
2514
1683
1909
2483
374
1826
2548
500
25
1079
2237
2484
3100
45
1866
1188
-658
-968
2910
2783
2555
1623
2676
-213
37
2632
1812
3221
139
150
1333
-623
1583
1621
894
62
205
248
292
265
-994
1971
1749
1300
46
21
-589
924
2671
1462
1205
-1114
22
1877
248
2071
1800
2815
2988
1198
206
3400
2154
2349
1427
2054
691
-54
1137
-72
122
1129
-585
1833
-213
152
464
3019
816
1493
3119
16
2127
763
173
187
607
1371
-1160
3077
1174
1068
-81
890
1709
-1533
423
2501
-50
155
1497
3555
1220
2295
-403
1164
1259
1321
2263
1416
2178
2551
1461
919
1495
1597
641
1594
881
-1017
974
1987
-1720
135
965
199
1026
186
-698
2018
2928
945
1138
1362
2044
3011
1250
194
1039
-911
172
3271
690
2489
3715
309
2073
704
2790
-1849
897
255
1824
1372
771
634
2598
1081
2128
1523
-54
706
870
1690
-906
3335
1657
1052
943
2465
910
292
1969
2516
-66
793
1594
375
1794
2646
3727
-528
403
1112
588
2592
1228
478
119
257
1262
2264
1053
1889
1529
453
1048
405
1776
3361
2074
1057
1042
687
-615
828
1927
3833
981
158
2409
769
-192
643
278
-900
2209
1946
2304
678
3121
-373
2459
488
1557
1139
-1422
2489
616
2061
-1037
684
2045
1124
928
552
-414
1095
1350
3405
429
2046
2131
755
2094
2830
1321
849
1161
12
1634
855
2144
-701
-1300
761
1684
249
1668
930
3379
538
4705
1767
2359
1126
1658
1092
99
-455
3293
-171
449
1010
1211
-287
746
1204
3793
2112
928
513
47
1680
1104
3088
528
1088
2086
2321
-92
1250
54
3890
2031
3297
3861
283
2112
804
476
1700
429
586
-381
300
1051
160
1162
2813
1783
1061
1173
-205
2684
2030
3007
2593
1715
-672
2632
1672
214
1325
1958
459
-1021
1096
-956
3533
1506
3211
2059
2039
1181
2497
1714
1116
2834
1272
1551
2144
1206
1595
525
2176
1761
2907
2154
2192
2362
-154
794
818
-226
1511
1232
752
1312
-1059
757
1730
1234
2221
1153
4025
3233
188
-626
1718
2285
956
1273
1243
-679
1696
1174
-97
816
3425
2618
4282
3145
-107
252
1573
1950
1649
2887
474
673
-228
1433
2845
2685
-1234
1177
-1321
-550
795
-865
1776
-100
1356
2
-428
2306
724
583
2000
1137
2068
1504
1752
1156
3047
1688
1599
1724
2690
1633
1028
1242
2732
-310
1227
3335
2340
439
2652
563
-175
2150
2283
123
1220
-179
-168
250
136
1803
726
-689
775
3575
2690
3545
3255
1340
647
22
1493
2431
1324
1103
596
448
2436
1334
1030
1972
1011
3815
2660
789
3881
2193
-1535
385
355
2069
1219
-1297
3576
1424
2293
3691
-1034
1293
1004
3576
-24
-264
2217
2443
2104
575
629
4953
444
2250
1708
2759
-633
130
1042
1210
923
691
1705
1876
2040
1618
2048
530
1252
3712
1308
1538
1836
1372
44
2799
-59
1462
1668
1654
5066
2786
-486
371
2734
1391
2550
2014
1097
2330
1934
1639
26
1553
-30
1167
1216
-237
434
325
1216
1438
2872
-477
244
1419
1592
2149
2613
-120
342
921
-20
-648
1329
1083
2310
3973
966
-762
1366
339
3160
2447
2030
536
-1601
1172
1013
1102
1119
2352
1913
1056
1058
1695
2850
636
1421
-184
577
1739
2760
2157
-405
1596
1169
1430
1579
2756
1462
251
2232
130
1189
-328
1411
753
692
2323
-1076
2129
2821
3643
593
2600
-461
926
966
-327
2838
-165
3251
2512
-1115
2755
175
2416
2354
-1078
1110
1468
2029
1832
798
-337
2154
651
543
1363
962
2605
1924
2934
2066
2170
376
2615
-490
1932
34
531
1645
271
1943
1801
2059
-17
-366
928
652
1148
3165
3449
-247
-804
2019
1687
-309
934
1712
-860
354
2061
1430
2521
2502
2757
-1243
1179
2590
1864
1922
-1493
1448
4245
1919
1986
2838
332
4778
-926
1359
1818
2076
44
2973
349
860
2165
2630
1581
2123
716
3733
3793
377
519
1712
1842
3664
1354
306
-1678
2177
-60
4372
1821
1731
894
2579
-1144
230
1084
1151
2639
654
950
3277
815
1546
1326
2470
2074
-192
3340
-197
965
1816
3171
2521
1222
353
1575
2158
1975
1032
-668
2219
1430
-316
1975
868
1485
-820
1809
1791
328
1229
1821
974
986
-823
2043
1264
-147
2918
934
1237
1097
3355
1302
1796
1560
1986
1609
128
1449
729
1282
-147
2127
-764
-299
-776
1269
447
856
801
407
2718
-566
2471
1060
2028
-167
-464
570
-1093
1188
1291
1418
1130
1979
583
1356
-28
3469
-857
1322
2047
1704
1671
1520
1480
2070
1887
2783
547
932
-44
-588
2248
2473
961
3917
1467
326
-1398
487
1762
169
2481
1903
127
226
-1749
2451
2898
2335
702
675
351
1721
388
3906
2120
545
1787
3840
2152
2344
-339
373
-1032
2307
2162
1309
2861
239
3115
-355
1376
989
945
2478
2635
1202
2461
-339
-1072
-126
2349
-238
-439
2766
-235
2137
2632
210
3767
535
3094
-837
1311
1650
-949
-1641
2324
-635
2324
3376
-997
2974
3272
320
2304
2417
2623
106
1337
817
629
2524
558
2656
365
1309
2380
2976
-366
450
1199
3426
1576
-651
1515
3052
1365
-375
47
-71
992
-970
2759
2349
2428
2501
494
280
-501
364
1294
1465
775
1677
3835
1910
1502
1965
1121
3289
735
131
999
1334
1966
342
357
2277
1059
814
330
1843
-723
1356
258
3616
-969
-992
1889
3598
-1739
620
3359
1144
1795
1304
1825
1705
-495
2267
279
2252
1251
2243
2033
921
970
1705
317
1560
1511
1092
1977
2284
1692
497
138
2070
-782
2227
55
1665
770
244
2877
3664
2832
1904
2911
23
2233
1769
1142
215
849
-88
3322
1528
955
1986
2522
1095
765
3086
443
2597
-1179
1027
218
-49
394
2748
-1506
903
-22
1649
3535
41
389
1101
2383
-696
91
290
1506
1356
990
-158
1902
862
2576
944
1304
-231
2279
2095
594
-165
1982
1007
1055
1346
1700
-591
1509
804
2491
1483
-443
985
690
2044
1387
801
2144
1464
859
557
562
-666
994
1189
-9
2740
480
-1039
448
4437
-966
837
2012
4019
127
1271
-332
2389
406
407
-97
1544
3403
524
1253
2545
1848
-390
147
2597
1332
261
-729
581
1356
2071
384
1145
831
1311
313
2691
476
1923
2376
1828
470
-1393
2061
356
2204
620
2541
3855
1312
1335
1053
234
536
1084
516
2983
1441
2415
317
933
1165
1114
-1352
1172
957
1876
931
266
873
-1239
-292
2180
1718
186
-556
451
1501
2316
2334
3143
1232
-44
3325
-449
-162
-816
163
933
1818
16
1706
3196
1322
1510
1893
139
1599
843
1311
3370
1341
475
1267
537
1847
2582
3195
3228
1264
3453
-60
1194
3246
1054
1301
725
1326
946
2373
181
3121
769
1909
398
1414
224
339
1453
487
1401
2096
3440
1551
2528
39
-166
295
2816
1294
68
2271
1723
2608
2277
1261
1233
2956
880
1064
1064
905
3161
1915
532
-1058
560
608
980
1703
3092
896
2378
841
3941
2593
2948
2448
-1177
-611
588
3378
2175
364
2515
3361
1010
928
963
1563
11
-148
3157
174
2015
171
868
2847
1315
3637
2592
1189
874
1624
2078
1634
1921
1411
2165
1166
1658
2093
885
3315
2632
2650
1578
1871
2381
2545
1273
984
1590
3592
1260
-7
790
2130
3054
884
759
1382
2099
-500
208
1631
2253
648
878
1258
856
1382
1650
1794
126
-49
1483
1861
2362
3103
-628
2828
507
1790
2231
770
2007
330
1680
646
2289
1954
83
152
2936
432
3039
761
1000
1833
1789
1063
914
1451
2908
223
1953
2314
-165
-23
1352
984
2382
552
512
116
2566
627
2953
1148
-1884
2732
1010
1700
-17
727
1411
967
1359
822
2822
-862
989
1527
1392
1932
1633
2180
196
1285
1076
1177
1892
1916
372
3423
237
2217
360
1009
2320
-1016
-160
66
1396
1805
1380
503
1248
1774
1005
1132
3014
3332
-964
-688
2042
1468
922
1556
327
1675
611
1098
2993
1593
1377
2436
-1848
911
2691
361
1549
1119
-1143
134
942
1792
2776
952
-1919
-394
2040
-409
-18
508
-261
-51
823
2271
2079
1655
2101
653
85
2215
1979
2029
1247
2487
3383
2350
523
2054
-307
4499
2243
-70
376
410
3561
2930
178
349
778
-1839
1107
2407
474
970
65
2364
585
2017
1198
1691
-500
624
478
1033
1762
3387
2109
2290
1449
320
-2420
2197
2068
-388
1238
3083
76
1290
2498
1187
681
3272
2638
2238
-114
1445
61
-496
2472
1366
2899
544
2167
1944
1524
3216
157
1452
1482
1417
595
-153
-79
1237
656
2283
1492
1444
2611
2934
1159
2243
-509
1246
200
1524
-113
3038
434
1698
2587
1774
2153
-1144
1119
1157
1678
1149
411
1483
1000
1038
6
277
4138
2726
-292
498
1574
2650
4094
1302
-445
1960
371
284
10
2259
2387
504
1163
3211
-522
1279
1105
2294
-618
183
-2240
1184
410
2896
1950
1471
-1128
1620
-1671
1361
4443
1823
1309
2004
2072
270
3622
-1383
1838
3375
1676
4007
688
2386
-585
231
2433
477
882
979
527
363
1384
-559
-28
-1089
-648
1743
1877
2566
-359
-52
987
933
2462
2071
3182
3722
2157
2735
2202
2691
1146
2746
2051
1071
2995
2640
1867
54
466
2714
-1223
-559
2466
1649
2272
1349
-390
1528
-476
-1661
2716
-104
-623
1048
163
957
717
3748
621
2045
-484
2878
3327
1247
2204
630
625
1275
-1604
2026
1928
1942
600
-795
584
1895
693
1888
2067
2901
362
3962
489
1973
1624
3078
950
-133
1356
1936
681
3022
698
2948
-101
2016
475
1328
1047
745
1311
762
2387
1204
-1018
-156
121
-60
640
1306
1121
2585
-674
384
1167
191
2006
1437
950
1083
2521
1168
598
-652
1376
692
2409
971
2559
1460
-465
1619
3206
1789
-1280
1343
645
3987
1801
2278
1512
1927
960
-613
4015
26
1388
-797
498
1856
1943
1173
2379
-141
1566
-122
1877
1695
3194
2325
1434
-656
1685
-611
1694
1978
81
2145
3133
2117
1227
2289
-645
-1681
-12
-136
-561
1728
308
1223
-85
230
-1100
1495
1949
203
-1126
1162
842
1894
1190
2626
1094
-246
-677
279
1181
3936
1660
130
1037
1424
1440
1013
2495
1353
316
17
-357
-1017
1395
1379
1083
-426
2682
957
1158
1214
1555
-437
1334
1756
2999
-456
1417
1552
611
744
433
-250
994
1300
1008
2263
2391
2059
-525
2696
1388
33
-891
987
1490
90
-353
1633
-1523
-1045
2380
-188
1747
2671
3255
893
1103
343
-1545
-88
-754
1030
-34
2816
1317
3081
727
401
1146
2409
1818
3055
2233
3112
56
3159
-178
558
1016
1946
920
569
107
1827
2777
3137
151
3832
1420
1396
781
-1017
1842
510
1140
838
903
146
-82
2348
538
625
-66
-460
-1381
192
776
1334
533
-156
87
2046
372
539
-1118
3181
340
1366
2201
2845
2384
-1187
843
1293
2393
3813
868
1111
160
3399
1185
3271
1306
25
1060
316
1793
1519
-1062
2314
880
1341
2499
909
2359
1745
765
898
-278
1892
450
1906
295
2759
3083
2928
1247
-323
572
1639
1486
2800
292
2674
1450
2739
774
1813
-127
737
2129
1758
2408
1568
1121
3772
260
56
1689
811
1919
1891
799
285
2434
899
800
1483
1453
376
514
928
-847
230
962
2176
455
2805
39
2959
641
1953
-203
-548
2407
396
2341
771
83
1447
1706
1435
2167
383
428
810
1787
1773
1700
-599
1224
203
1233
265
373
2096
1305
149
-244
-20
1388
1714
1034
1033
1551
1454
3340
-1319
1933
2930
896
-340
-47
934
708
395
1307
-315
1652
1182
1331
621
2070
1674
-74
1528
4591
1646
2354
-125
1077
-693
1226
293
3653
1120
368
2294
3966
1758
1034
90
939
-639
1049
2282
-141
-218
611
391
493
2628
2022
1760
-364
2438
2339
1111
-137
-1120
2568
-673
2317
478
2249
189
2092
-103
2262
472
-1312
2154
353
3130
855
770
-1882
2647
2651
501
958
2565
2324
2049
1339
1028
3287
-312
1850
1452
894
1678
2845
1132
2554
319
323
3166
3128
1988
2572
2022
2669
2021
2943
1276
265
3545
1623
898
1511
1321
1683
-877
815
1061
1459
2709
1223
1644
713
893
2077
1334
2246
1525
73
-1280
690
1454
1733
689
2001
-373
3294
2258
579
1472
-113
1815
1210
-95
2599
1100
1377
965
2534
3017
-387
708
1192
2201
2755
1286
3333
-366
1872
224
1244
3138
533
598
189
975
1528
2560
3572
-1249
1803
645
-307
1778
3724
1417
3799
1609
2159
448
2381
894
2238
489
1288
3560
2309
2573
2199
-582
1121
1781
1645
3004
201
1263
1629
-262
-76
1091
-413
1142
1349
443
1451
772
894
2607
1918
1980
2496
2000
-1140
-38
1654
3241
3160
1836
2660
3281
176
3222
1264
2393
22
2690
2514
1887
1814
551
1181
1666
1955
2131
2023
975
813
1757
2526
3098
1083
-1287
3036
-111
1584
2358
-1481
-73
1244
821
-1977
1119
1516
1816
224
948
1922
939
802
1806
182
-534
1380
703
1217
270
-368
2544
826
1142
1194
-755
411
2141
2521
2111
2442
2174
2967
1890
-737
1548
2526
-1215
690
2999
3477
2167
1008
363
964
2344
1556
-1307
668
717
1430
251
709
2196
577
643
1179
1398
1317
2849
1659
1887
1382
-1084
1249
-828
2705
-69
1408
-708
2137
3942
1483
678
-175
1387
2315
2388
2368
1005
747
1337
229
801
3643
1594
-971
2148
884
2133
1565
2386
1011
2412
3395
912
1330
712
1627
234
706
2301
3255
103
2709
1604
989
2582
1662
-1123
1742
111
2785
1305
-33
226
2083
1624
2877
-369
836
2046
438
975
1468
-746
2843
-424
2880
1317
2166
-327
255
2515
-518
691
-551
356
281
-91
1705
2116
1956
1250
3320
1730
-334
-59
577
-643
1571
2539
1946
929
1461
654
2689
570
-1123
2526
882
2330
199
767
-385
654
1118
-174
-400
2088
1667
3292
-414
1499
1435
-18
-355
1156
1395
503
875
1636
-471
861
-302
1331
1465
1647
2390
1626
1405
661
2111
2487
-184
2066
752
2471
1893
883
1663
578
2770
-17
1701
3592
2367
1149
1601
2508
312
1798
-7
1949
1918
-690
2346
1500
2622
530
2122
173
1044
1892
3181
3039
687
-567
944
2600
2238
41
1878
1910
1274
1405
-950
100
509
-1682
-596
-340
-89
556
2978
1187
2199
-713
-1250
208
149
-708
1070
542
928
294
807
1316
2238
1151
2394
1156
1249
2069
2449
171
-864
1435
2140
324
1567
-398
2303
1393
1719
-575
4783
383
699
1009
3089
2311
420
413
1887
1361
795
838
1550
2679
1503
1485
542
3556
3383
2170
1945
598
778
1523
2866
-946
2164
2110
2333
1499
-734
60
1256
3165
942
1832
2313
1850
-258
1441
1850
2054
2782
-210
1632
1639
1797
2987
2603
-740
2408
2150
1618
1416
1854
2534
3127
1242
2402
1398
-1135
-1504
-256
2034
1393
1918
-39
2537
1290
1411
1649
2225
2310
1425
3118
-411
1915
1277
144
249
823
1626
2303
1830
2289
1452
2323
-140
-288
2025
3720
1077
1792
2447
1384
544
-262
1162
2527
1521
263
-177
823
3221
-177
-307
1375
401
2867
777
3242
-400
911
599
221
1409
961
3297
2375
1921
3210
1525
3792
-292
2774
906
3309
-1191
853
1136
-658
1816
-722
-51
2084
2063
2877
-268
2097
-936
294
2587
2799
211
1460
-506
1346
496
3004
1316
1406
850
1424
1287
-44
1924
-1879
2001
-226
3261
-133
1811
2020
1754
-698
1297
-96
1457
766
1183
276
1693
505
2408
888
128
3535
791
270
1237
493
2453
2149
371
2743
3307
3120
3035
-944
3403
914
2035
3410
3314
923
2515
150
3149
-367
2024
4134
2350
561
1662
2655
2362
781
725
3633
915
2110
1929
1401
2021
1500
924
3580
1746
2415
1086
2850
-538
1273
1930
-943
722
551
1922
990
2261
299
2450
3519
1760
1668
4808
1721
1837
4354
2801
805
537
-1105
625
3627
1711
1354
2882
4010
35
-468
110
2170
233
2132
2257
1894
503
150
1660
644
1105
3119
1739
697
592
-1550
584
2302
1798
791
3266
2369
2027
2229
346
3661
1484
1814
1407
3032
2349
1626
915
1895
-550
2206
2693
2206
1683
1102
1626
129
1902
1423
810
1488
283
1443
822
1465
2962
2072
19
1911
-88
2198
3896
-516
688
2893
3510
3338
3067
984
1920
-387
5082
1731
1202
1434
2658
1979
2369
1354
524
82
1151
229
533
2338
334
2854
215
1661
3326
1014
-94
-245
3636
3352
3237
1556
1955
1653
1451
-355
1179
3595
1387
1789
935
1712
492
1115
4732
707
1719
437
1574
1707
1876
2410
1503
579
990
1429
3188
1138
1012
1450
-983
412
1688
374
-584
2780
1351
2029
88
-1773
4520
-130
2974
620
2018
2604
829
775
2195
2583
3747
669
1916
4314
86
452
1293
1579
1266
1976
1767
2715
1717
2038
355
1294
2009
1198
3231
2695
1665
2784
51
365
2559
2332
1527
67
492
1189
102
1817
1414
1822
896
1413
-455
2087
1870
259
-777
1978
3398
2405
-13
818
2483
3859
2500
2099
1852
469
1032
440
1104
719
-1078
1758
2494
1469
666
1359
3133
1533
1119
-1015
2587
844
133
-1119
235
1357
1210
1412
824
-181
60
2081
955
1392
1728
-295
-358
1098
2364
760
337
1502
98
2313
3618
189
1525
-777
-436
504
925
863
-135
2132
1298
-281
1226
3016
136
3170
-217
-245
55
-1251
1678
1609
2854
254
815
2843
1477
-637
1615
2430
715
-376
313
1319
2066
2938
28
858
1772
1118
1374
4316
1918
2256
2580
1163
1993
1746
-978
1375
-612
1123
2584
2368
1671
1573
671
2578
1390
1868
3329
-146
2203
855
2499
872
2345
1806
2439
2642
2500
1970
1139
2219
1388
178
1712
2075
641
1585
-539
743
1960
-9
-1146
1901
2034
770
184
2438
2872
2041
522
558
1545
-688
3550
834
1639
-39
782
1366
3941
2889
1383
1397
3252
1578
1597
2142
2714
-291
3033
1335
842
3161
224
3638
1665
-394
1449
2481
1995
1325
150
1827
2971
-372
1927
1046
621
293
474
1743
2657
543
419
429
-1325
-461
466
3578
2240
3363
414
2024
2735
1370
2969
390
845
190
1290
3442
-1055
1444
2679
2155
579
-248
2440
1580
-951
1054
1487
1588
-3
4462
1852
-593
865
1976
2926
2321
-1428
-799
2605
1304
1922
2003
1955
2897
254
345
340
578
3818
1691
99
-4
2736
340
796
1968
3081
-54
1939
-257
2769
1681
1555
2649
916
1203
590
-104
3029
1722
1313
2590
1793
2766
672
-94
819
1456
1549
1803
368
-751
1602
1939
1081
-419
-440
2346
4359
-192
1799
1998
-1040
408
1250
1855
-33
3206
304
1457
1827
800
295
1488
1677
2410
2111
3024
604
-632
1877
2559
577
1917
1549
206
2212
978
499
830
2365
421
1061
2384
2126
1361
-439
1332
3134
1155
-475
1839
1834
-243
537
2269
1554
1151
2210
2355
1420
436
1368
1666
1611
1841
4609
-50
3145
2107
2393
378
832
1406
2676
2688
-796
907
4024
1044
2627
290
172
672
-1744
1948
1925
-1554
2315
2958
1141
1845
2954
767
-226
337
2223
2494
2870
1742
3656
1416
656
1687
120
2261
2370
1865
1751
1974
778
1806
1536
2518
2777
3895
1897
1589
404
914
1798
1785
4377
2221
1171
1143
3489
651
1851
1204
2640
4263
1478
1565
715
1037
3788
1803
2708
2273
2620
2232
2637
425
-29
-1703
1399
2456
2210
-12
2389
1440
1710
1821
2155
-311
823
1685
1578
522
1226
787
2523
2438
5087
1723
1806
889
1218
1198
860
-364
350
1156
929
2590
1788
1409
-305
989
427
2284
2051
3151
816
3715
1496
2951
842
1360
204
735
572
2784
1350
1184
1088
1062
482
1738
2186
1581
1242
889
3748
1137
1655
821
1003
875
-1061
2160
510
-668
816
1654
2081
-1556
746
1515
-14
-617
2687
86
759
2090
-473
-764
1739
4044
323
2196
2688
3992
4736
2075
2319
573
3532
-87
404
1316
887
976
-1172
1056
-709
1224
2341
-198
955
-1301
844
2303
758
1533
1351
1988
319
1940
1647
2077
2841
2865
1549
2376
1744
60
1459
1877
4604
1544
366
1186
2376
684
1089
821
590
2188
3150
462
2868
-367
2066
643
2080
3282
2261
1831
2265
188
-926
3549
-1322
-836
1168
3115
2627
1745
1810
1751
2056
534
2020
1055
663
-194
337
-560
3092
1080
-734
3275
1283
1533
1078
1642
3156
2195
2539
2312
1016
3162
196
1704
994
2071
1298
1995
2370
-622
720
2633
1258
2447
923
562
1471
5
-233
1637
1422
2836
402
756
-1487
-4
336
901
2182
3116
1828
2561
2611
-498
587
2625
1548
2623
999
1780
1917
726
835
2698
1269
64
2347
613
367
3621
2520
1927
560
2414
2337
2798
1697
-1363
2462
793
109
-320
3135
-196
881
-239
1261
3486
1701
1195
3258
789
1000
1331
1051
1835
1586
776
583
726
2604
1333
762
1789
3366
271
1959
1500
62
2117
1419
377
-28
813
713
3707
-1343
2094
2587
-211
2688
1336
-327
-143
2691
1018
862
1301
4108
1306
330
1780
1750
3597
399
3215
1024
-516
1278
1081
1566
1195
2005
2266
1098
1291
2192
1648
3331
1335
1733
722
1007
-3
328
1511
898
787
433
-583
1854
-866
840
216
1844
-212
140
-44
455
-195
3194
1272
-931
1696
2912
-332
-4
1742
2928
1151
2835
50
1059
-199
760
2674
953
1257
-560
201
511
-622
3852
-236
3292
1759
-1204
1717
584
-94
-1404
2666
98
294
-222
44
2773
2937
999
2375
1847
2630
2013
2334
1010
748
1253
1318
1377
990
3350
1350
2731
-222
-2048
1731
-683
2911
903
2338
433
3144
1006
2523
-607
228
2496
1684
938
1283
980
1422
2513
3020
-38
1487
2611
1550
1326
1449
665
157
2284
2968
-487
938
2319
1103
2929
2673
987
2410
-1210
2977
1911
284
2546
1726
1227
2324
1244
1472
1177
-1583
1408
-134
1609
-861
1502
2318
-115
1523
152
1320
1567
1391
3458
2671
479
1069
2700
2993
2218
-1140
950
-1057
4204
229
3593
-717
2104
1688
771
1997
1475
888
496
743
1772
855
-73
-24
692
2973
1867
1282
1394
851
2365
636
1655
1986
1150
-98
2671
-523
2952
1599
2632
549
1298
2031
593
504
2327
577
1106
2455
472
1525
441
1969
1094
3982
239
3136
1918
2245
2104
-1064
1589
333
822
-941
-1945
2593
1431
3031
2871
3844
1768
1526
1285
-284
891
997
2476
2006
-120
1073
1811
1746
2972
1819
1154
2730
-643
649
-67
-16
740
2188
1547
1144
-517
2227
1172
1491
3652
290
-1790
1290
-229
-94
2023
1569
3515
469
-1271
2243
1529
55
1006
513
427
255
1324
3308
523
3023
1379
3475
3857
2447
3631
2988
2185
1863
285
1748
466
395
2987
1996
697
1310
1222
551
2171
1055
1025
-669
1740
1632
1027
389
205
2725
4144
117
1810
3324
1278
1791
970
628
578
3525
307
27
1289
1738
-340
-282
575
-842
3876
-832
1375
1854
1435
3033
-867
1556
511
286
3157
361
695
1807
-1538
1589
1083
-389
2968
2207
3178
125
450
-843
517
568
1182
3143
2107
1032
-1388
1159
788
1766
1113
1439
2624
1464
-55
2695
781
3742
3479
739
234
486
1249
582
3183
2317
-112
-201
1321
2975
226
1148
1763
1319
133
2598
755
882
-123
374
2801
87
3189
-2523
777
975
1448
1787
1199
1204
1127
140
-34
493
664
960
108
2708
2377
-292
3223
2415
1193
2518
369
511
2741
2667
503
558
165
886
-29
964
1459
2109
1060
1645
-172
2407
1633
4467
-87
775
2137
-259
3572
1425
772
-267
2056
2582
3429
2294
2528
1569
-95
522
1425
1895
2285
489
861
-1150
1094
1495
1993
-860
2143
2239
-481
1877
2510
-123
762
1242
581
1713
554
3011
409
1075
3236
696
1891
-24
2536
2205
21
1912
2367
2756
1494
2217
2077
868
-753
1066
3236
930
2241
2471
1223
2875
2357
533
1583
3778
2923
210
1943
776
2409
899
1295
1226
1540
2086
1421
179
1976
2618
1345
4097
671
825
798
978
-232
1071
-234
1064
1818
2710
-962
725
828
1296
924
2110
1013
2134
944
666
3698
-89
2356
687
3033
561
2775
-438
2736
1317
3704
3158
909
-830
734
1857
-845
1301
-351
2303
1998
2040
892
-3
1293
2268
7
-770
1076
3251
2957
1177
550
1685
-1823
919
213
1722
2848
1350
1167
2322
3297
1742
-101
-628
948
2238
1531
1239
501
1629
-1540
1902
630
1781
1599
-235
-260
833
1041
3684
2275
1776
233
-260
1410
2642
1114
1077
1504
1280
1572
3255
240
4566
838
1225
1913
-1465
992
2193
2495
3076
2666
1439
1045
2715
-395
3498
2550
3643
1755
956
2017
2367
363
-107
2227
601
1180
3339
3204
2664
1916
229
502
1168
620
152
1437
125
2224
4142
-115
392
2557
1563
2096
1234
1799
2507
1544
1230
2200
769
760
1012
125
2389
-1440
2349
3641
2169
2877
1983
484
349
324
-338
971
2304
616
644
2462
268
736
2105
869
-325
1042
174
366
4309
-1139
1867
-554
2356
-286
1583
-837
305
479
841
1656
3503
3786
563
-435
124
1143
3071
2977
697
2254
1926
373
142
2824
710
2178
-24
95
2893
184
1197
1578
1650
504
1403
981
-1422
-46
3498
867
2232
2216
1526
218
204
1718
1999
859
37
1388
4561
2820
2806
904
2759
1912
4387
941
1108
1164
102
873
2329
2719
2456
-110
2234
-1085
646
-438
1982
97
443
1659
816
-511
1571
1196
1722
2490
-297
4169
2610
1496
3059
1634
2658
1978
1755
2750
595
2130
1888
966
843
1346
1034
-1854
1809
813
-419
-667
2517
870
2328
1366
1659
-86
31
3181
3804
1767
2963
1565
2693
1966
2582
1677
533
-165
31
2131
18
3767
-684
2245
1245
66
3404
1013
3724
1017
1041
438
1204
3527
413
1517
2281
126
2095
1705
-262
2385
2571
3027
-445
2399
-1018
-2182
1399
1700
-261
729
1102
-2162
3477
1545
1399
2781
1420
2477
2016
1771
605
-555
1234
3321
1961
2349
2700
1045
1129
615
2296
4215
2200
-812
2366
1506
497
3865
2506
445
-115
1270
2676
272
1996
-6
2195
472
2069
2799
-1218
1050
841
1284
2601
1781
973
820
960
717
1187
1410
2688
1010
2061
-5
2288
650
619
484
-521
-35
1382
-218
1050
1222
2482
310
531
3173
1354
1432
-1275
1427
541
3360
840
-2023
344
1846
2425
1995
1689
1757
1258
1826
2279
1552
1743
309
913
1750
-693
2949
1761
921
804
1769
1069
1830
-1293
654
3365
4174
-676
260
10
-1531
2819
2255
-78
881
578
1433
1938
2501
3147
1031
-699
-37
2736
331
-1209
1998
2035
1394
1108
1332
3022
437
379
746
1728
699
1460
-755
-386
2455
3211
-155
2104
-149
2378
-836
2516
-785
228
-544
1594
2397
2132
-440
3771
1303
2456
-147
784
-1194
1338
-19
-1
255
2072
1126
1116
2803
554
-1272
63
3164
1533
1496
-13
1238
645
1880
1472
-193
235
1268
1137
1939
3200
2223
1062
2339
2005
2522
2956
821
1800
93
2086
-162
2175
-374
3510
-495
1113
1024
-156
1753
991
1572
2701
1852
1027
1251
1507
1116
1319
1336
2998
835
646
3960
517
1219
2087
1372
962
1001
274
1814
2928
227
1023
456
1476
1415
3474
4164
2905
774
1768
446
-1677
1609
1699
2019
-518
3053
2106
3277
1324
2089
1634
1126
2309
900
1575
241
3009
2471
1213
599
992
1923
1082
726
-625
1000
-261
979
1532
-972
714
693
987
1139
1255
799
-1435
1570
891
3793
3490
20
4311
1134
-420
3620
-68
293
947
1766
1851
1213
1181
1568
91
3970
-290
1902
1705
-4
2238
545
1
675
737
715
1916
-1007
1014
2510
1231
1361
342
4078
-1631
1103
406
-1044
1314
1396
1470
1510
1221
487
1512
2676
3503
1038
-1578
1412
-22
-714
1272
2048
25
-111
2441
-398
-906
-952
-2306
2045
1046
-110
1989
-962
2966
3425
1857
1083
2915
-379
3022
2187
371
265
2997
-178
474
950
944
3426
-865
463
691
-545
2135
2483
1996
922
1503
1172
-196
3206
-370
-24
2997
4432
1505
1020
-580
1314
-622
1012
250
754
-583
1467
112
2551
2618
3140
-51
2254
-433
1661
1017
2454
1549
255
490
1398
1138
-1042
2198
2314
-55
929
3404
-1298
1563
879
1534
-1177
2122
2315
1242
538
1519
160
1734
1667
801
-248
3155
-202
517
1366
1590
-160
1496
2370
3494
2678
2727
2735
1848
1440
2278
1744
794
2176
2026
1142
1066
2979
2873
845
1051
-130
644
742
161
768
2598
1264
511
851
2146
1207
311
2582
2499
3060
959
1421
1762
932
1467
482
2505
2267
-434
557
720
-307
256
1149
-167
-434
427
989
1466
25
-160
1474
709
1670
-405
1113
82
-1302
1651
522
2015
2398
-1472
2547
73
2011
1686
2064
1011
2828
3083
334
286
-110
29
1543
2004
216
2204
507
517
2498
731
1526
-61
1577
4041
580
2378
1734
1116
594
1364
910
2016
659
459
972
3248
1625
1315
3266
756
373
-61
4392
826
1145
-445
2300
-105
450
3109
1031
1401
1610
2512
1937
1442
1425
1362
1036
2681
-306
1124
4155
2675
3384
911
1988
122
2387
-840
3487
407
1652
-585
-1002
1157
1507
1632
1329
1343
1846
1479
858
1066
1812
72
2213
1829
650
1007
2794
130
572
-441
863
1593
791
1187
3870
2693
1944
1405
2309
1608
166
1027
-1877
368
1340
1821
1923
1501
1076
61
2695
-395
-302
2267
1
1318
1965
3489
1855
548
1805
1455
3039
2120
2061
3415
2194
1612
2588
2135
328
3276
1184
693
3427
741
1521
585
2743
662
883
4277
2653
533
2854
836
1633
2052
-269
12
1243
-1379
2493
2021
1765
2156
2807
-373
1695
725
2361
2
-221
1703
2041
-821
2698
1898
1789
651
-885
1787
-450
1619
2413
2095
984
3511
1509
-238
732
1253
1350
830
1982
-122
1432
-537
916
568
277
1561
1787
1179
2664
-450
-17
1099
1484
1804
3103
1253
1701
1948
1062
967
-410
1077
711
1698
-81
996
-273
235
1597
696
2745
912
3331
-157
392
1672
2047
-241
1581
614
928
2380
866
2076
1629
2194
4220
-735
1884
3342
987
720
4216
1328
-520
1206
3464
3002
1559
2054
2912
1760
57
-2198
99
-995
1208
302
331
3061
389
2307
2409
715
2791
3176
2270
-415
1497
3291
1652
1961
411
1635
2172
123
1436
1823
1569
985
1807
1839
1893
196
1989
1061
-1013
1147
2602
3507
1520
560
1329
1273
1937
418
851
2071
450
2943
-377
767
-216
-468
1555
1584
717
2267
907
-344
852
2299
674
1967
775
2654
2115
1096
1292
2431
393
2265
2216
2094
780
1282
1562
1723
-250
1978
2521
176
-1834
322
2927
1476
1720
2455
-302
467
-106
3573
1580
676
1938
195
923
783
1277
-90
498
1987
2010
-494
236
3519
2913
908
1169
217
2317
-684
2414
657
1862
-85
514
1880
-10
479
270
1536
570
509
727
228
514
982
1454
-349
318
2866
854
1583
2065
-590
-25
-284
2531
1003
1875
1990
-417
-321
544
1403
2478
865
1200
2665
323
-416
2155
2393
3051
1736
1447
-838
789
2388
-105
2487
2351
1570
1698
963
57
37
2936
567
1748
1187
2789
285
2167
1189
968
1280
984
-1626
2233
751
1675
1489
1063
1123
2354
919
971
1850
1045
428
2673
1604
649
1763
1932
1871
1245
671
1510
750
1377
115
303
4241
-23
3194
2028
3079
3273
-128
2099
1211
3525
542
983
1361
867
-255
3334
966
903
1764
1651
1200
-634
1932
1033
2613
1640
2288
-888
1868
1372
1418
2348
-1667
390
883
1046
2878
-85
3516
2292
1178
2771
3087
1116
2105
1586
-296
2629
1714
-317
994
1469
3073
1813
3743
1598
150
843
1525
1768
1327
833
99
612
2776
340
1938
2645
907
4586
790
2391
1893
1718
-906
668
2565
3762
3773
-1158
3432
1635
-597
-514
1248
3199
1014
1406
1556
1766
2953
1981
403
2538
3459
3213
-29
1671
1157
1217
2082
364
1740
762
152
43
2676
960
2064
262
605
780
85
695
-502
422
-46
621
944
2165
1315
3137
2551
1470
919
1124
1092
2021
1015
3601
-618
2333
1107
2722
-801
1440
-45
1475
1039
3017
4655
733
-1461
2805
3318
4287
1372
1775
-822
3820
2287
-1575
1720
2088
168
-986
1548
1639
2694
377
-544
2486
-109
2671
2519
934
-8
259
944
316
-1035
1228
972
581
606
1687
2668
2262
1731
2428
239
2330
2410
2948
-266
134
1307
1079
2127
500
-266
127
1915
4250
937
3289
89
3919
2314
3725
3374
-368
560
322
1127
540
539
1232
2085
287
1761
1590
2694
71
1782
1270
-595
2328
2273
860
1355
441
711
351
1345
1750
1650
1219
2084
-576
-151
-1165
3008
-1622
2051
1032
1950
1528
-738
1826
-1104
1572
2541
265
-517
2532
1274
1737
2451
1532
70
-399
870
1588
-731
2275
-207
-252
-1103
236
-128
1154
1087
2699
1727
1984
337
49
-2270
1154
1345
1989
949
2726
855
2543
-1216
1568
280
1573
2526
-733
557
-1666
2136
1727
2130
88
2383
609
-579
-302
-64
2439
1747
801
12
540
-653
1383
1329
194
646
2026
2077
3028
628
1191
2456
1995
2405
1904
2330
839
2340
1121
3793
1873
875
1494
873
3320
-177
332
1359
767
2037
-321
1199
