742
983
1871
95
777
964
1001
574
1482
689
519
1848
102
483
566
1006
827
1286
1578
1875
1243
86
496
173
1708
233
1498
921
793
365
1237
862
744
782
1608
832
1114
1320
1835
1477
57
103
1774
1882
1164
1698
1261
1154
84
424
328
196
848
1386
868
1552
330
735
491
149
1506
1281
619
956
361
1489
870
369
1496
1944
1057
463
555
1359
1093
584
537
627
979
5
1735
992
764
409
856
1852
1371
1393
1079
1298
355
976
222
955
1574
1245
599
1355
690
615
1873
1375
1578
691
1546
462
1964
1878
225
501
577
1742
746
1715
422
598
750
1953
910
1364
1421
1256
1577
1715
1956
717
538
1027
248
916
1658
1255
843
1787
525
1482
970
1706
418
1034
489
131
1801
1102
1786
644
1552
1768
676
372
1284
384
1340
1416
683
15
1090
595
1401
1675
994
358
939
1475
484
2051
967
1486
899
1606
1762
623
499
1
1030
1379
650
1028
633
1031
457
1337
1916
278
1814
65
558
1527
859
1562
1828
1045
229
524
343
1400
1335
985
1016
847
1588
475
1939
1676
1055
427
1799
958
334
248
1493
1363
1301
494
1046
1182
694
1733
1623
15
757
1558
1652
11
1283
1472
1865
770
531
1899
469
1156
1093
1291
1823
477
126
469
936
368
899
1060
1255
1250
1269
2056
2008
885
1118
551
976
880
306
1138
1598
1408
1908
1550
185
873
900
444
103
1496
1943
1103
1341
1216
1335
6
450
1320
244
455
1455
1209
356
432
615
414
1106
1775
340
1152
819
1449
433
1785
327
1788
757
1566
690
1195
1213
613
615
879
1454
710
1030
651
1521
1875
307
1944
899
239
1594
1851
756
581
1382
47
1905
899
1981
466
250
1974
1410
2041
457
561
896
1491
1469
1752
115
1860
465
370
1343
235
669
188
1026
1417
1304
612
1919
1780
1407
1986
894
1538
1815
1038
1687
48
236
679
647
1478
1350
1733
430
1927
283
650
1215
1283
1053
1178
1396
295
183
1771
36
581
1590
409
479
660
637
1869
1427
1111
1452
851
666
967
105
763
1066
95
835
1487
637
1775
1376
1592
559
699
1478
1040
1531
866
443
1207
744
1646
1577
1330
1488
963
615
572
1750
1420
1178
1851
177
18
24
712
1877
711
1235
268
776
1368
1120
1462
790
1329
720
1529
899
1583
837
1043
189
851
1
1768
1344
1138
383
1903
1235
420
1391
616
104
253
957
1196
1826
1271
624
275
210
464
597
307
1250
939
235
1953
930
1416
743
1774
1498
832
407
207
29
1208
66
1054
856
1542
719
195
603
572
1964
136
855
1407
1222
1247
667
1656
1946
1782
123
1030
672
353
231
1604
1929
1375
1527
1873
215
826
