1079
684
442
1821
1314
60
1443
893
1831
2534
3413
609
3734
2713
2332
68
1572
2542
340
573
2325
1149
1713
3036
867
2586
1538
2734
2053
1429
1832
528
3112
449
1364
3293
72
762
427
1238
257
668
218
1413
420
2547
1043
3242
2677
1113
1178
2960
3188
1972
1866
2506
2450
240
2843
2187
2823
2365
3454
1097
1589
2374
372
1692
751
2219
2077
3889
1788
1068
3527
1784
3358
2573
2955
3126
2449
2780
72
775
373
875
1248
2533
2629
135
1912
1447
1816
1671
3421
1399
1803
3775
1486
2060
1140
1281
2452
3409
2413
1970
3067
2522
2458
490
159
1579
274
3319
718
2571
158
956
592
2827
1502
2445
488
2076
747
1306
3467
3578
2395
104
1835
113
1737
658
2326
528
2522
1440
2563
3731
356
1155
3253
2346
29
433
1272
746
159
809
1363
1378
2277
592
2393
886
2017
2244
2544
2403
157
1993
112
3384
3500
185
2805
502
2162
542
2966
967
2706
775
2478
2500
1866
563
2579
2323
2743
513
2529
21
565
295
3629
2750
1578
3629
575
148
3892
1903
2701
3275
2940
3196
2815
3004
3379
812
2932
1598
701
1970
220
858
1929
1924
316
1036
965
218
2001
2996
1921
2265
2992
152
2921
2665
3908
3068
2790
2738
1673
452
2483
1228
1810
2711
2966
1374
670
3067
1295
3164
494
3342
819
3658
807
1133
1268
3102
2108
1435
942
997
1403
3080
3183
2051
2681
1661
2624
2308
1803
1319
1223
1562
2856
1153
62
2796
3343
2711
1963
2886
753
1543
2642
1625
1389
2481
2172
1613
3274
1879
425
2178
574
1258
133
2116
3767
2505
383
1451
767
3399
2650
91
845
2146
2406
2318
1628
1871
678
2375
1895
2284
661
2374
2817
1126
1803
1513
520
1768
2996
2344
2804
2150
1205
666
2353
3207
2368
152
1352
1638
2384
350
759
1791
682
3643
117
192
3426
1755
666
2467
1927
1194
3394
2864
792
3548
2119
3128
1703
1331
942
2323
2570
375
1329
2083
792
1661
2472
1178
168
2274
792
2452
2156
2010
3161
2512
1747
1796
232
985
2787
2627
1822
727
2934
1520
2590
2330
1189
2840
1151
709
1762
2897
2561
608
1040
1493
843
1510
102
2039
2795
2166
707
2131
1866
2635
3152
1105
1029
2660
243
2819
2268
729
782
2023
683
1455
869
751
231
2060
1885
3232
1779
509
3100
3625
3163
1867
189
1014
1882
2056
1820
991
902
443
3204
565
2317
1896
379
3565
3136
2433
923
250
2892
2855
3207
3068
3533
3365
1926
2207
3016
2586
1568
2552
652
72
1518
2384
3238
814
1405
2570
2295
2
1456
2751
401
474
3655
3760
3211
2622
1158
2751
3397
2733
2542
3154
886
2929
2482
908
761
2722
2581
106
3367
3766
3283
1407
2057
1181
3311
2974
1247
2826
2618
245
2335
378
1851
991
3302
864
