2874
2306
2972
2008
529
914
2075
1055
3269
562
1439
2783
2049
2921
2277
2494
2273
351
2005
825
532
3541
634
2123
1970
2131
2176
997
289
1999
179
3235
325
3412
1430
1924
1357
154
781
1399
28
2191
3174
3731
1568
1712
1757
938
705
1174
1287
1205
1468
748
1895
2696
2359
1267
3362
391
2759
996
799
2963
1437
61
212
921
3368
473
1565
2140
2540
3148
2350
2814
399
1358
1063
271
1020
2917
2620
780
48
2271
3706
118
3525
1837
3658
2118
1919
448
1457
728
76
2003
1526
3561
2955
621
3206
2191
2147
2881
3632
4016
1946
26
44
3001
2536
868
1079
1553
3147
2085
1065
3224
176
1026
3619
1315
3572
2063
3934
27
3314
3441
812
3474
2642
3356
3157
2229
368
3708
474
1551
3125
1427
1400
2746
154
307
1798
3578
1336
3297
1348
2603
763
176
2062
2194
851
476
3109
2632
2909
2151
3123
986
2231
1886
3703
2199
146
2363
2116
1232
2928
2221
428
1521
2518
1548
3035
891
1600
2889
2567
393
3255
598
3192
631
2059
886
2680
2653
2047
2466
1198
206
1315
1962
1536
630
2631
3123
342
456
2551
1475
1355
2486
913
3043
2454
2707
1534
2830
3335
3177
2997
1365
556
1476
997
3077
462
1342
2154
1401
437
796
874
203
810
1395
3143
1133
2816
3246
477
2937
1873
3887
2090
3513
2299
2816
1666
379
1390
687
2327
1112
1225
1128
411
427
3316
1240
1160
1078
2759
2262
1520
3405
3373
2859
683
1786
1800
98
459
1627
1261
570
188
1051
3317
2209
1641
1032
2436
3020
2462
943
2345
991
2591
1818
1434
3259
1944
280
413
2194
203
398
2681
1962
474
399
2085
4009
1719
993
1666
1968
2809
1395
3629
218
2474
342
2438
2072
2572
2511
2901
1303
856
375
170
2951
3045
2432
2426
1507
3891
4096
1522
3018
802
1672
1384
2254
238
826
223
2870
1577
162
2032
175
1726
1942
1548
2146
3805
2046
1661
1097
2660
2730
3516
2775
2945
1217
3462
632
1555
1975
2142
3409
1595
165
2382
1207
1062
1665
706
1816
2507
84
214
1086
2628
1298
2430
1102
312
3303
2168
3086
3343
1417
1376
1398
2299
108
1962
2688
3966
3312
3395
2735
3275
401
1644
1550
1286
3661
470
1915
944
2781
1038
1967
521
2113
2008
3546
85
1374
3339
2950
2896
1292
3435
2598
3278
1157
142
3827
650
2013
1557
63
2018
3277
1336
2569
3840
1273
245
1015
607
557
519
1624
3314
673
2299
614
2187
3690
2285
1798
3143
2681
177
3326
1594
2904
1783
1907
6
3341
886
1090
481
1676
1644
2489
619
1448
3452
2002
511
3706
2277
3366
349
1012
1849
3338
483
2692
2333
2432
1220
389
1691
2325
2078
1879
2910
1061
2796
862
2066
895
506
3135
498
3600
2120
470
349
2861
1544
2300
174
1054
