898
4847
3782
2983
1207
1139
5474
3342
5467
5060
2906
4680
578
645
2547
242
2424
645
3251
3395
3062
2188
3377
1800
684
3591
582
4627
2756
3409
2457
2706
786
1501
4679
4792
4371
1735
572
332
2724
3448
4447
904
761
4036
21
5122
2227
1879
2750
4225
1385
3945
4980
3447
2335
157
3618
2681
4408
4960
4775
3991
3530
1273
3917
3180
3056
818
3483
3121
3050
5218
3609
2886
2275
4332
2742
1537
31
3569
1569
5502
3765
1615
1827
4459
3892
1931
3504
1849
2754
4121
5045
944
2560
1405
1647
219
690
4133
1622
1057
1543
1784
2767
1459
2263
1438
862
1678
317
4412
3927
3026
4827
4610
125
3050
2056
852
463
5111
1572
3028
2945
2795
1233
1429
2999
3008
488
1452
2763
4531
145
1373
320
4136
4181
2945
2200
2319
2018
2825
3689
1807
3149
2046
3986
1261
1304
2889
2234
2824
4687
3570
131
1500
4792
863
3330
1799
3679
4797
3525
2609
2825
1558
2010
1658
1763
1449
3059
1726
3971
1671
2494
4578
28
2194
3821
4279
5023
1667
1098
1820
3939
4081
5195
1130
2266
941
3703
1598
2435
3896
4027
1876
2773
555
3351
2133
541
779
3094
2115
5115
1635
1645
3582
1998
4432
3521
735
1926
481
4100
1288
2663
2859
1260
2274
821
585
1598
2274
2436
427
1463
838
4535
271
4854
3737
358
301
435
1625
2278
1381
4357
4724
5254
2975
2739
261
666
240
3738
3178
2248
924
2270
731
3632
4624
2713
2648
2261
3025
3116
987
5161
3307
824
2080
2941
4849
5846
3353
3336
3688
1889
787
1695
644
4303
3651
2427
1299
239
4172
2864
992
4499
4506
1360
2364
3382
2958
1241
3487
311
103
1763
5213
3025
2685
2707
1804
3170
4307
1714
1989
5439
1995
370
5495
2177
868
1944
2471
112
4103
14
3190
1032
1322
2656
5497
4937
1632
3259
3335
5030
345
1519
1224
4300
61
5301
3016
541
2998
2966
5244
2018
332
1500
1167
2664
4912
3082
3272
222
2099
442
5639
557
4447
3124
2862
3429
3221
229
5150
3094
1645
3539
2532
3834
3836
1501
806
3173
3685
869
572
1210
205
413
1162
5393
2049
3028
2063
194
5045
2530
4506
2884
3336
5832
2419
383
2369
4213
3904
736
1225
2296
4899
1864
2018
1850
1431
59
3452
1925
2658
458
151
660
4158
5305
2038
2312
1235
1554
860
2044
2777
4405
4586
2827
5344
1125
1996
5812
5595
839
3750
2197
2955
330
2117
3187
4869
1622
3572
3816
743
1011
3573
967
2808
3628
405
1621
3230
1645
1495
4639
2112
1303
790
5912
1409
4856
2826
52
4305
3902
4026
512
3946
50
1003
2624
644
4554
524
3045
4096
1274
1254
2806
423
3192
1223
3778
1020
5108
580
3048
5079
2195
478
2244
1706
1674
1652
4070
1482
1262
3302
1280
2204
3847
3127
939
1250
3871
5722
5348
4237
2681
3428
1470
849
3484
4539
2139
657
5453
1277
3008
4504
1780
4524
1340
4633
1100
4502
3850
2620
856
2610
1534
944
505
4488
355
2356
3440
2713
182
705
2406
299
2788
1872
826
2162
4329
5802
2008
2915
572
146
1359
1086
4341
4309
4534
2195
2472
1571
1811
5340
3059
522
2645
4957
3895
799
2215
2727
1741
1681
2547
5242
585
575
5025
60
2752
163
3421
1657
3554
2761
553
2900
605
2991
4474
1709
4573
24
637
1176
2085
2908
1021
1847
2945
2553
1614
2155
2470
1633
1504
2476
3960
1656
5633
1484
3301
2634
2531
2574
3634
320
1692
3003
5305
4239
4033
2565
2281
2690
1527
135
3
301
903
1207
1069
3822
3144
1583
5050
886
5665
3756
3462
1282
5482
508
1423
1111
5048
4
3068
2627
3361
2602
2810
4634
966
5021
5142
1852
1284
2531
2057
2577
2755
3854
3056
1179
1917
1158
1717
1713
5240
414
2256
2764
2287
1707
2069
1681
3356
3336
1980
4559
4979
3994
969
4176
4382
1324
2529
1403
3045
3199
2359
1210
2687
4955
1007
3326
1980
3891
2261
1445
325
802
477
986
3630
109
2480
5383
2156
1066
4337
1176
82
1009
626
1907
4744
1426
1160
2784
3062
1502
1024
5003
823
3383
3634
5281
2843
5401
2501
3103
4100
311
1152
3566
2450
1678
2501
574
621
2685
4628
3221
328
3060
646
393
4454
3694
1536
2863
2135
2121
3643
1608
674
1972
1395
2944
3166
1348
4429
2120
1587
3968
4523
365
5024
282
1884
1848
1419
4149
5496
2203
2508
4420
1998
1294
2397
4816
3919
5317
1190
206
618
2168
4472
5401
4308
1581
5909
883
4974
423
4141
3087
3288
5346
514
5536
5670
536
1985
19
1893
4091
10
2476
3255
4450
3489
2231
3285
3311
2131
2138
2149
5720
4221
4069
788
1946
4149
2577
2501
5291
2906
3571
2920
3378
281
26
4326
1988
2490
896
3534
2190
2515
4678
2068
2949
3348
4862
4244
494
4340
1436
3720
434
1061
2222
399
342
1224
1008
1933
3600
3567
321
4833
1840
5334
2674
1481
5605
2104
657
2657
4121
4974
4527
5432
4267
754
1360
3
4216
1935
327
2893
2247
3404
2075
3014
3597
3757
5609
4958
1566
2457
2904
1869
1919
335
121
2539
5611
572
1411
4353
5997
2038
2111
1980
267
1891
3735
746
4531
149
3960
2850
2468
4332
674
2251
1118
1355
3613
2126
1411
382
4648
2523
3255
2186
4000
4113
3411
1139
3900
4424
2324
709
4800
2761
3452
2849
3090
3233
854
3231
1210
3716
1703
1104
3801
840
2929
2523
5197
2933
2039
577
1280
2546
2926
2719
3508
3319
3818
443
657
637
1895
5463
3860
3806
2898
4873
1145
3903
4773
1238
1496
2316
3749
1959
3394
2791
1425
4059
2749
287
1353
4886
1089
5328
786
343
3538
1075
1558
496
1708
2091
393
53
2771
2574
399
2296
2560
2516
4528
2450
1921
3278
3381
4045
1650
2452
3224
1515
3884
3108
1407
3301
3304
4317
2815
655
1958
2558
1081
707
1988
218
4459
2058
1293
3654
5149
2315
2264
3678
29
4377
1936
2410
1149
1658
2148
5252
438
2745
904
4358
2852
532
2400
2521
1965
1193
1369
3521
2785
4890
2847
2121
3195
4880
3262
4164
2607
4549
2445
1022
2978
732
2744
1906
39
535
1739
1921
2462
4415
3468
3592
746
5155
4373
2288
62
256
3084
171
176
2260
1185
2201
5413
4
1893
2293
546
751
1707
4011
2486
1498
3311
1144
4316
5360
5150
4868
2140
60
4715
3064
558
4996
2286
705
701
1258
2815
1715
3904
3722
3859
1202
333
692
5247
2163
3328
3045
2831
498
31
655
301
5210
4607
163
3600
3714
1051
8
452
311
4834
2098
3369
1028
3937
5368
2359
765
2692
5546
2717
3178
5190
1742
526
1569
4121
3589
3014
1739
4812
453
2497
2241
1867
2612
1867
818
3154
247
5534
4596
940
5136
2698
2158
3309
1247
2741
4519
3251
657
3319
1080
2225
685
1059
3766
1799
2336
709
4087
4716
4832
3722
3851
3717
1776
2626
920
2763
4567
4079
982
2380
1426
1406
2153
4243
3531
2241
5288
4479
2078
48
4643
2867
4067
1255
2223
3950
1678
3263
1525
2101
2223
3402
382
4361
4580
4163
5272
2575
539
2593
3193
1349
2902
1204
147
3612
232
1573
1823
2344
1131
4608
305
3030
2627
3898
4950
5137
2353
4655
1489
3188
2246
3026
1619
4429
2923
4432
4435
1488
2722
1094
3423
779
3861
64
1479
4826
2168
1392
3989
2702
5085
4600
3132
1208
3031
3877
3020
5397
3266
2292
1799
2155
1366
24
2549
4746
4239
5472
4025
4047
2954
194
5011
1170
3263
682
791
1879
4729
638
129
3031
506
2432
3734
4569
4503
2451
742
4166
1741
2367
1259
618
4464
3307
3888
2723
473
2593
1836
3439
1594
2649
5178
153
925
3293
3314
2260
2475
269
144
3308
651
1188
2754
2537
2427
2165
2583
3479
2276
2935
303
5500
1432
2185
4270
856
1478
400
4690
1293
4163
1582
4721
4440
4195
3262
422
5734
3228
2555
1639
740
2855
2255
2671
3825
398
5302
4050
3110
647
2503
2402
3936
3086
3191
4506
3777
4638
24
2519
1756
3706
854
360
2811
2751
1192
4572
1146
1821
2309
5155
3005
1440
1319
4368
3759
2813
1114
2656
1978
3298
3402
2841
72
3511
5384
4632
3063
4094
358
1280
291
3014
2130
2610
2939
3693
1932
1356
3398
2461
4522
1118
1242
2690
4714
3082
2367
1451
5196
457
1387
1866
853
4307
779
416
605
725
5768
1193
3136
285
4385
2020
1383
630
3998
5041
2864
856
1377
1013
2684
1360
3
3317
1123
3959
1938
5277
2296
2200
2472
3533
729
2755
357
1928
5266
3174
4321
433
1600
5643
58
5740
5476
190
752
3502
677
1636
3854
2829
264
1163
1130
129
1272
4297
1849
3962
4206
3009
863
155
889
3759
443
2059
4410
2702
2130
489
2643
5506
1722
1990
3203
4160
2874
616
4955
3451
1457
1923
1012
1992
2033
3530
1314
2893
4740
2114
513
4157
3922
2753
681
1993
1688
5248
1236
4653
2667
1951
1012
2560
1832
2837
601
4177
3076
5436
3503
2969
1359
844
4107
1397
1141
2042
2154
890
4137
596
2914
50
2891
993
2040
4299
4990
4870
4887
1263
2151
3024
4681
3370
3865
4492
4216
3051
2900
276
1823
1158
2841
3707
4046
283
1866
3315
3424
1058
5927
733
54
5168
2666
1039
3694
539
3402
1817
264
4436
1412
3936
2821
415
2504
1395
4422
295
3876
2812
267
1380
2486
1788
853
3191
1012
1733
2371
1975
3791
4833
2781
3443
2931
1508
4475
2349
4117
231
5033
2730
1653
3061
995
4363
968
180
5246
2919
2425
3670
817
3805
3350
1164
120
1273
1602
2479
969
1790
729
4782
1627
2604
3889
3473
3594
4765
424
4643
4497
4249
444
1868
3801
3241
1106
735
419
1893
3091
63
478
2757
1054
1989
2995
684
3101
1984
2773
50
3136
2648
3660
2581
5137
780
3117
1790
4700
666
3672
2651
2659
5913
3372
332
4558
5165
1682
3834
3642
1958
719
3062
859
1290
2593
4025
4871
3737
3103
2663
2629
4051
1921
3124
3354
1617
1252
3397
4684
4294
2187
239
4449
4758
664
5343
1735
2980
775
1024
2621
710
3287
1637
4203
3177
4755
3360
3513
3570
4195
4771
3323
3458
2884
1461
2170
2704
2436
4468
4893
3989
2235
3001
2059
934
2361
2445
5716
1044
1582
3410
2751
32
2933
3278
1995
2689
5055
3101
4163
2187
694
2583
1310
3753
3180
1960
5364
1458
692
2854
2514
3050
4402
718
42
2943
459
3758
788
1629
2494
598
2698
1804
4557
2803
5428
3004
5885
783
808
4745
276
3533
5591
2733
116
637
2256
2857
4404
370
5497
706
1117
3513
4699
2903
2919
4125
5131
2583
280
4075
932
985
1465
1338
4431
585
4264
4614
4887
4191
4833
1271
1365
238
2666
2511
855
4740
2754
4611
1085
3724
1152
1961
610
952
18
4914
1470
952
2114
3586
2601
1794
487
2869
4657
4509
2147
1613
87
3057
4200
321
2265
4334
5025
5480
5226
360
634
5449
4058
5513
696
91
2904
1985
65
2253
3119
2043
4995
3875
1845
1639
4965
2736
200
2948
4927
3876
1138
4582
1783
2225
13
1709
2249
209
2903
3308
927
1231
1557
3387
2417
3479
161
2405
1385
532
1370
31
4700
1689
5175
3971
2871
186
1172
115
1396
721
1706
274
4238
90
983
1640
2719
3644
2932
335
1010
3607
4379
1494
2575
4216
1698
2674
3019
3386
1190
1702
4443
2390
5646
2528
280
3769
2904
2474
2894
755
3608
3437
2031
5594
3796
3571
2859
2266
598
54
526
830
2312
4802
3379
2973
2937
921
1572
3147
3433
3987
1025
1541
3412
4084
736
2856
2930
3842
3331
1052
4348
2748
3327
4710
2907
526
4788
2692
4847
3888
4305
3499
4819
82
2764
3870
2517
1406
3893
3261
3304
1204
2892
993
3006
5510
1281
1272
1950
1333
1613
4077
3986
336
2654
862
1742
3209
4132
1227
2408
4599
3243
12
3767
1056
2967
4029
549
1546
830
2553
4264
3206
1275
4364
2168
1622
5190
4717
3319
722
1684
1507
4613
920
2447
4285
1608
2573
3594
968
1139
1983
1430
3090
4106
4334
4745
300
563
1613
3659
2621
608
1665
1899
180
3393
2246
3309
2163
1388
2060
3322
2690
1086
2977
1442
4954
2738
875
2621
3410
2110
1290
544
899
1702
3422
2407
5056
1002
733
4261
3629
3786
5048
5386
2059
1799
3628
3452
944
3659
869
3169
2472
4660
362
2752
5154
1250
3707
2772
2764
4768
806
2925
2801
862
3446
153
2789
3780
3383
2762
3817
5402
3400
5068
3240
271
4790
4581
1253
4156
3183
3334
2708
1442
3283
5646
3961
501
1532
1041
1313
1715
4027
1439
3576
3499
1274
2602
2466
4628
1572
4146
1836
5147
4675
732
4684
2894
1528
4340
520
2488
4145
792
1456
3827
978
4234
158
615
2521
5630
4234
2605
3823
2554
3548
4202
676
3976
2881
3970
4921
4102
289
347
1773
3302
1526
1099
3097
4067
1374
1805
615
3267
4901
39
1032
4106
1992
3858
4621
3295
3381
19
4951
920
3952
386
48
930
4741
4531
515
1197
4571
819
2712
2622
2104
231
1767
2468
5688
2187
5287
1990
2639
1052
2965
1633
1964
760
4265
4226
5507
2358
3281
3077
2448
2223
3119
4162
626
3240
3296
1744
3436
4603
4485
869
2968
2821
4315
1212
3764
1090
289
2974
2572
4057
3852
3831
93
1334
3047
2508
1227
2495
2089
2108
4638
1620
570
2421
3584
4444
1341
3562
455
1438
4610
2055
2726
3883
2378
3151
3251
1747
3766
303
2339
1173
5276
3305
4881
1942
3907
3744
1616
5436
1484
602
3238
2087
2278
2536
3630
2370
4441
3732
684
4778
2786
533
1226
677
5299
3133
3085
3479
1503
10
2359
3487
4836
3507
2630
1882
5400
5221
2252
218
4304
507
5464
3216
5294
2071
2967
678
3560
5078
3802
1060
3796
5053
4669
3159
3351
10
32
1209
3260
646
1316
3728
2441
3726
1839
2399
4165
448
3046
4865
5078
2437
716
3250
3859
2670
1983
3975
896
3279
1609
21
845
3665
3363
1444
390
3888
1723
1838
3988
2989
734
2475
1680
3270
2793
1523
1938
1051
3056
1890
5585
1907
1921
3654
5002
218
2507
4522
1051
4053
5266
2484
3889
408
526
2677
946
2986
4806
2051
941
4230
4470
1533
3195
3859
4990
1299
4120
3091
1290
4472
3261
2333
1118
4704
4052
5406
1373
865
2528
3055
2696
4745
2620
2534
4688
159
2328
167
2787
2963
1351
309
360
4002
1171
5384
3131
4125
1944
2324
2081
209
2092
71
5946
1174
3689
3401
1687
4102
1887
2354
1977
1915
4439
3511
2331
2819
1392
1677
4322
937
1251
1740
1497
3386
2346
3548
3681
2692
5644
3012
3484
3204
3778
4937
3591
2537
5040
3177
2770
4915
2523
3733
4185
5185
5100
2905
722
369
1928
2835
2766
3366
3241
5400
2808
3485
4338
4768
4865
1734
2616
1756
2631
2335
3710
3749
4885
3339
50
3228
2701
776
1524
4740
2546
1167
1573
1307
939
1183
2517
4681
1588
4089
4840
1794
943
503
1852
3898
4600
1570
2809
657
3110
473
3340
509
1552
2933
647
1033
4445
4942
1697
2357
3019
615
656
5344
3062
2730
3728
3814
520
2242
4084
3171
2037
1123
2055
35
422
576
2274
2496
1434
1578
531
2335
735
2583
169
3582
2729
690
826
169
5519
3698
2356
468
2427
1432
2541
1553
3306
3945
1807
5169
5288
3331
4661
4125
1845
524
3929
1832
673
3639
3746
961
3564
4357
38
4884
159
221
3106
3620
723
528
3119
2236
4348
3632
4792
1750
4319
1917
3228
2574
1911
1330
3641
1954
1432
5218
544
479
228
3624
3338
3824
90
2093
2792
79
4024
2448
3800
1545
2827
1635
1354
1181
1906
2289
1118
5835
4441
1064
3222
1060
1460
3870
4588
1031
621
2427
2822
88
3750
3443
4255
5207
2912
4625
2345
1309
5774
2203
965
4037
867
144
106
4022
16
789
2911
1715
146
3503
5193
1292
3339
2304
4278
314
1905
2679
1870
2061
2601
4424
2171
3434
5193
2563
4239
2714
1459
738
5142
1309
1989
1336
4552
2560
3452
1034
4257
4429
3922
5861
8
4075
3127
481
1566
396
1768
2377
281
3378
4851
2718
4038
1994
1612
5391
1305
280
1561
3947
1235
3381
201
5614
182
1258
1694
4784
4180
1250
3903
2878
39
2947
4471
1058
1936
3297
3032
4577
1673
438
3730
127
440
1320
3385
646
2636
1812
1630
2743
2196
3450
1334
3613
1030
3231
2221
4043
1835
202
694
829
4429
1147
2893
4144
4179
2088
3748
3119
2513
2133
1195
533
1873
3046
3020
91
3680
1055
527
2108
1775
4399
977
2730
2406
4588
1017
1774
3155
2786
1748
1014
462
3586
5143
1661
489
2876
1931
1038
583
2927
5192
1572
4376
2272
1973
384
2144
3583
2020
1335
3197
2413
1641
3429
3131
2539
811
666
4113
2645
3396
3370
1640
3943
2305
3298
1134
3198
2311
1944
921
427
557
2364
1034
5183
2794
2553
722
976
1889
3156
3779
3428
4264
1425
5338
3171
3178
1375
3144
1206
2332
2777
3758
4602
3792
1713
62
2341
3513
1228
4
3379
1598
3785
1806
4610
5539
2118
2407
509
4081
1978
3549
1685
4045
1988
4053
2038
2228
1527
2656
2564
2404
1610
1821
1127
4207
3119
4532
5148
500
3439
696
3748
3990
3019
2231
2061
1006
1969
4575
2051
3002
4589
1286
1811
3470
2551
797
1833
942
709
2882
5030
2072
4468
1647
2210
2261
3963
2469
23
994
3289
4121
1690
5337
5008
4996
373
1429
1357
2904
542
3835
1787
2439
1096
2433
4428
4030
2675
692
3937
4653
3824
2829
3514
4889
3366
1272
829
652
1625
2580
2743
588
1643
5024
1724
448
3550
53
5156
1025
4498
3759
2929
2720
3371
3798
4024
4766
4346
2627
660
5483
1099
1443
2068
4628
287
928
1210
4774
4762
3384
2041
5082
1767
775
581
5460
4438
975
4995
4967
1550
4507
4381
1093
1307
2486
1261
1409
1385
2208
2077
1217
3161
5320
3501
1828
1077
220
1482
85
1831
4177
3884
3465
668
2290
2395
4455
4383
3966
635
116
770
577
4312
2173
5801
598
605
3803
3799
160
3390
3779
3218
2005
3027
3654
1453
4659
222
1311
1134
5513
2442
1603
4419
3312
2081
3087
3668
710
139
2061
4366
1941
2474
5621
1261
622
2692
387
3254
2204
2008
1257
1956
5486
3621
1713
433
4019
4247
4198
825
405
2001
245
4060
4600
2107
4156
2867
4366
2620
1334
2529
1004
1751
582
1334
4973
3062
2045
986
3532
186
302
2167
3956
4973
2130
4177
1981
2665
3772
4287
3490
5183
1819
3567
2006
3572
2452
1611
2864
2751
3053
3596
374
1252
5070
1221
4333
3584
2073
3046
2621
2466
3879
1816
1559
443
1292
1254
3802
4773
549
1231
5899
4637
1094
2414
1969
698
2704
1509
3491
3496
431
4023
1691
3040
3956
2785
1619
1550
3633
1682
4160
2084
5101
4478
1120
3088
3065
497
3821
3961
5169
4031
3431
3037
2354
1704
3532
5291
1189
5817
2049
4123
3930
180
458
4253
981
4270
3381
3799
1499
2340
1264
2213
2860
5444
1066
4508
316
5907
3305
3045
3006
2830
537
4226
3025
332
4237
1090
1987
4365
5036
4917
714
2200
5000
4809
775
3322
3776
2155
3034
2171
844
1055
1159
130
832
2938
3296
417
1304
4418
1775
4083
5950
4548
4370
5216
3650
3405
4010
5446
3101
2922
2566
3023
187
5212
880
2305
1857
1637
1763
1381
5121
1272
1236
400
5016
1590
4936
4466
3584
803
4324
1360
3710
3201
1446
1993
3729
2191
1865
2159
2529
1359
3677
1324
856
4689
680
2172
4757
3332
4788
2545
4545
5082
2514
5299
1602
325
530
4245
2928
765
5534
476
1635
3434
3526
1612
3599
1601
3594
1177
4652
3031
1421
2159
1123
3005
3425
1637
2210
945
4091
619
1994
2621
2966
1318
3631
1435
3084
5458
2010
3172
4143
3291
3059
4274
3208
4406
1617
1491
2858
1513
5454
3518
1830
3389
1030
4872
3676
4631
2930
2809
5169
2852
3707
5103
242
3904
115
4273
3007
3237
3737
4915
4171
545
781
2477
5117
2348
3718
2841
2841
3449
204
1095
3206
1949
5171
1434
1649
5781
1945
317
4244
1561
612
973
1672
2795
235
3653
2803
3703
486
1335
1354
2492
381
2873
1806
5513
3948
2460
2939
3381
4200
4488
2110
5105
61
2680
1268
1002
3634
3674
806
5187
586
2342
2258
1983
3182
1028
1820
3088
1420
1376
1683
44
504
1408
939
5330
1275
1582
2341
5763
3319
2493
3807
2293
4595
4383
20
5241
964
875
5552
2933
3628
5035
5124
3779
5291
5341
5434
1803
4340
5124
4061
1459
2122
3278
389
1847
2886
3355
4907
1460
1772
3058
4557
3786
3233
637
4253
4703
1744
363
4630
3457
4902
2351
535
2918
435
3324
2091
3449
2959
3551
577
3865
3263
4572
2420
2878
1299
1564
2212
5630
915
4048
1115
2103
3456
1068
2057
1949
1413
5506
2137
972
3403
4647
2221
2078
1740
3148
4192
3239
3926
2308
343
1191
2649
2367
4008
4405
1896
3334
630
1130
1789
1766
3103
827
2026
994
1888
4115
3354
1724
1018
975
4442
3119
2269
3858
595
4671
1024
3173
1644
2804
5006
1448
4342
529
2973
2723
1006
655
4564
343
3709
2732
972
1642
4549
3066
5169
2455
962
3468
3546
3349
2286
3904
2709
3059
1591
1711
2066
172
4045
2752
5006
3856
2465
2793
1323
2742
5929
3130
1502
4715
5669
3275
4055
4203
1224
4410
3530
198
2674
2096
4483
2512
2895
414
3104
3539
1333
5447
685
2595
4701
1801
4653
1574
2027
1331
320
655
89
1693
3244
4132
4250
2839
2880
5213
1304
337
5318
1431
3902
3563
2589
200
2246
3719
1642
3136
1257
1118
883
3809
372
4542
239
3818
2098
4482
4793
3935
64
4853
1434
214
1293
5184
345
2971
2822
5404
4928
3097
3857
212
2003
3677
2179
4397
2183
3446
3042
1235
3491
1853
3352
3300
5573
3052
2594
1295
4153
424
3548
238
5201
2513
4269
1495
3285
698
1060
252
2066
4942
4932
3650
2872
5527
4303
2271
663
3364
4251
4679
1453
1851
2
4140
950
3194
3839
406
4233
5436
1699
2996
3179
187
2710
443
3426
2966
2729
2353
2308
1857
1475
1031
3642
2807
2998
2382
1253
940
4076
2977
1798
2894
3230
4348
2836
2791
1743
2630
2408
5645
48
629
2424
1803
2039
1144
1467
3114
1503
533
732
2384
7
4021
1055
788
1378
2713
2071
2523
1899
4615
3179
2633
1378
1230
3428
173
4034
3468
4046
3979
2769
1092
3434
4138
2973
1854
3450
346
2563
2108
2465
3821
2171
468
2362
1765
2637
4066
1099
2212
3006
3581
1142
1626
4379
4651
3146
2209
160
3342
461
3094
1571
1979
2568
1696
4035
2398
877
2303
1386
2908
3583
890
1881
3987
402
562
1657
1002
5427
104
2857
2639
3226
2598
570
2945
730
238
1607
628
948
3887
3089
3151
1371
3559
457
399
4896
151
5406
165
807
4857
4074
635
74
132
981
1856
3985
4276
5058
2871
2932
1847
118
1759
1188
544
2247
4068
2879
674
3820
117
1954
3797
889
2746
1044
479
5194
3311
2156
3681
3007
1243
1081
2886
1403
843
1678
2911
5165
2660
3640
4524
1514
6
1981
4518
5833
2345
2367
5021
815
2742
3870
2636
2182
2987
3100
1213
2942
5044
3085
1549
375
3246
4538
653
2444
677
2924
4838
52
1647
5063
57
5090
5473
4824
797
2913
1651
2272
4098
3014
4189
4879
3948
8
1982
3341
329
3109
3758
3168
4242
1578
3175
3886
3057
4691
4665
4443
394
4624
1942
795
2496
2361
4491
4258
4919
1013
2756
3243
56
3993
4668
5337
2573
4013
3621
3146
2978
90
686
3200
3646
2592
3167
5
3651
4807
1249
4960
2542
3102
2069
2296
98
447
94
1329
4866
5194
4427
2014
3798
944
5079
3920
4503
2925
4230
4186
4431
3790
2775
2168
3738
3999
5694
2195
1590
1634
2322
4956
2566
1980
5401
1493
1119
3313
1066
47
3277
2426
4566
5503
4221
1246
4400
335
873
601
4951
967
5509
3946
1402
4450
2710
1060
2476
3051
2379
1843
3228
4823
4065
5380
2792
51
1125
5463
2781
255
1827
5068
4012
1156
448
2553
2675
3012
3357
2404
3764
2108
4627
3390
538
2977
2943
325
3075
2980
1737
1666
4897
2855
571
3359
1339
1217
1944
2474
3524
3651
3897
1879
888
2510
3361
2002
1628
3586
4003
3789
936
993
1419
4214
803
3730
2786
2240
4056
2011
1545
4312
2210
5313
4800
3756
97
3518
3037
4303
5469
4427
803
4997
4691
4060
1233
212
4050
2625
5399
5270
1647
2911
3349
3655
2100
480
4299
5724
1218
1330
2404
3965
1753
2634
5562
845
2281
5740
1548
5200
3574
2440
2577
2015
2560
4540
5403
5218
1507
87
4798
3100
1229
4317
2981
1731
4172
605
359
727
979
1758
1967
3764
3368
2553
2308
4088
908
1277
2547
3341
3158
3884
1460
2990
2402
2732
1228
1058
2567
2194
5425
1583
1104
2457
3175
1541
3704
503
15
893
1791
3361
3758
5337
3173
3256
5439
2054
1265
253
5199
2259
3846
3583
1808
3382
2700
3076
1144
1407
2920
4101
3112
2627
262
3126
493
1307
3667
696
4082
3679
4406
5618
1876
97
2712
2188
4018
3073
1117
4362
3406
1627
332
1910
1013
3708
3225
3652
4419
1068
3756
3376
1379
5368
580
2787
2248
4319
3738
48
1825
372
1419
2181
2556
2036
2205
91
2447
816
2187
3228
3934
3922
3650
837
3147
767
3640
5754
796
2816
2182
5560
4727
750
309
991
2107
379
1452
2756
1909
3005
258
4828
529
1231
1377
1529
4920
2553
4210
1442
2096
5149
1916
1385
4322
207
1524
1738
3119
1812
4383
4509
3798
2721
1731
3506
1470
5601
4647
868
2267
44
1715
2107
3310
4936
2540
2300
3022
1076
2024
2505
1760
893
4626
3224
430
3928
1459
5080
4180
4385
2559
415
2188
901
3371
2396
2114
4351
1810
3082
4572
3016
2661
2110
1399
380
596
53
1829
4113
2858
4099
59
297
4894
1975
5104
4341
3327
1429
2758
1142
4414
3056
2189
2401
2252
1913
470
2075
2165
3063
4622
3716
316
441
148
1310
4593
3813
3665
3996
4125
3016
3036
5535
1951
2028
5709
1144
5004
818
3235
501
43
60
1024
598
1467
1204
4163
1788
3288
2242
1523
5726
2774
880
1381
997
1498
4175
3944
4104
2365
4536
2369
241
1388
1165
2972
3181
3323
858
2155
3765
366
5395
945
2896
1135
379
1684
257
3478
2547
374
860
2722
4176
1096
3218
4263
449
1825
524
1445
3167
5450
4753
3132
1812
1906
458
4545
486
446
5740
5006
2985
4430
2011
1888
2328
179
1920
2153
5502
2477
647
414
1208
1634
5444
4446
1415
2162
2539
2833
1610
5129
2267
1166
1575
3015
142
3874
3145
991
4166
355
1960
1619
1541
2122
842
4440
2458
633
2680
1670
1834
1193
495
3819
1479
2465
4871
4362
2958
4242
3679
3756
4094
2298
2219
2950
1074
1892
4513
3525
1949
3013
1787
60
1445
513
5023
5090
4522
3299
1836
848
876
114
1627
2059
1463
2452
1866
1372
256
3538
1956
2672
2516
3539
1389
3206
4239
51
133
4777
3398
549
1122
3563
1099
394
1033
5737
1866
1138
4503
179
5573
3433
1368
743
2251
2049
5226
2404
3896
1691
45
553
2285
1668
4603
4615
108
2585
484
2527
3385
3048
1551
4726
2553
312
2581
2132
1381
1260
2507
3448
4779
4381
1590
5617
2377
4032
2435
2447
1143
2211
2982
2107
1156
467
2174
3036
4436
3447
2603
1088
537
2963
1149
994
1536
507
1743
3759
4668
3881
3289
3702
1821
2735
2624
2660
1427
5202
107
4906
1848
1939
2728
4595
3030
1350
3540
2553
779
4788
3500
752
303
961
42
788
401
3393
2358
4062
3177
4977
671
1713
1367
3229
506
558
2102
2383
3339
699
3821
920
4336
3144
2740
3668
4212
1367
2288
1436
2866
1172
4047
3641
1504
4848
3935
2562
896
3494
363
1095
3405
4922
1356
4724
2300
1964
4553
3402
1440
3276
5447
3187
2973
2491
4131
356
4981
2465
4281
2641
1966
4150
1776
4835
2390
5268
2537
1482
2573
4502
1365
438
3573
387
2375
3194
3659
369
3429
5355
428
2311
1155
2112
5134
1553
4416
447
2744
2253
3429
1047
3633
3534
2941
1098
2116
2241
2537
2146
2082
1230
1854
4888
2793
1176
556
2556
4038
3644
834
1852
173
292
1050
1089
925
2730
3308
2050
2107
1369
3269
50
832
5378
3005
4575
4986
1967
3724
3364
1165
1960
3742
4776
1860
2155
1516
1315
276
2978
3977
4324
957
2056
2280
3015
3143
3394
1336
3616
1435
3158
4710
4123
4284
2588
1619
4111
1
3324
150
563
4327
2321
450
794
4596
1282
3118
5327
3965
2909
5473
1705
2791
4110
4554
1614
1092
1331
1701
4966
4409
4495
2589
1923
4528
1031
1038
2837
3281
4441
1314
1870
2531
746
3512
5000
2205
501
1155
2938
210
2071
4395
3815
631
4200
785
2629
2872
3183
3032
4033
1564
3176
4911
1131
1777
441
95
3648
2688
770
3743
261
4811
4665
