2769
2186
459
1475
1968
1606
2096
4019
2438
3739
1406
858
2423
1646
3242
2338
3902
3059
2682
3558
1972
2535
389
3738
3581
2653
4654
674
1600
1405
3474
4508
1220
3108
1644
325
2859
1375
3187
661
832
1521
3086
4483
3642
106
4311
2173
1455
1401
2939
3644
3713
4118
3604
4029
4375
4384
1126
1486
1672
3818
4854
155
1515
4201
3848
1344
1394
955
2859
3136
2846
878
2501
162
4015
4048
1175
1213
2310
2758
3384
3488
3175
4270
3240
777
2845
977
2237
4417
2425
3213
4214
1769
3117
1143
3903
3190
73
3464
3539
1014
2285
95
3000
3766
329
1805
1812
515
1290
2340
2339
420
4437
194
1529
441
3593
746
1013
3484
2753
4410
3495
4639
2841
2764
3421
859
3549
3221
2299
1177
1536
4187
375
674
3030
2487
2938
841
2007
2228
4628
3611
3646
555
3543
1851
4168
3054
2907
1925
2833
3425
2944
4139
4348
628
1828
2652
4249
1430
1434
3922
964
1849
2989
2400
859
1994
3852
62
149
4741
3841
3934
1783
2025
2119
551
2590
4094
4023
3974
4310
165
3479
154
650
404
651
2994
2307
1374
205
4363
2595
3489
382
2136
3303
488
4330
1907
2681
1358
1294
3050
2832
1998
2362
2734
562
3566
4145
1672
1256
1477
2881
2297
2468
2921
3545
1415
1969
653
1847
3387
3715
1663
1221
2591
2971
4878
344
266
2913
3567
2675
2536
3012
1757
1484
2023
1865
1396
26
2206
2044
3514
2658
2397
1518
2049
2788
991
2464
3184
1610
4649
3124
4162
3582
1292
1931
3724
851
1573
830
3305
1627
2914
1369
3072
362
3892
4405
3987
3682
4273
1883
25
378
1867
573
2203
241
4822
2313
1992
1355
80
1909
395
2770
1330
253
3049
3764
1828
512
826
3855
903
654
3330
3236
2788
3213
266
1825
2143
874
1521
1306
402
448
3604
2380
59
4467
3112
3284
2434
1489
3215
672
3429
4476
4059
1460
4475
4282
3946
1579
1302
582
2975
317
1476
3249
392
3674
3438
3613
4473
1214
1347
1127
1838
3104
4763
3148
789
137
1962
870
704
1516
1675
2024
812
4212
4727
3582
287
710
1927
3738
3835
854
613
3777
235
1031
1806
4449
1029
3127
2388
4506
2574
1214
2874
1983
2083
1782
1618
3447
866
3780
3051
1083
3089
134
1010
3949
371
1818
2962
3067
625
2792
1811
2669
3399
3138
2828
3721
488
3715
3463
4251
3428
554
3930
2747
1792
2220
494
1974
1051
3294
2468
2675
4032
3290
1970
3997
1119
4149
2465
2311
1275
85
140
1909
527
1822
4215
103
102
1068
451
942
4876
19
2389
1083
4118
991
2820
2840
914
2818
2556
3684
2787
4112
2134
2428
1909
3528
4166
704
2327
1123
358
3226
4050
1591
545
3674
213
4049
653
2296
3745
1181
4747
1055
1343
2630
4239
1103
2710
3328
805
338
3656
4769
4523
1395
953
1941
2992
1912
1734
4869
3967
1877
3009
3780
3499
3166
40
727
3531
2853
3048
375
1949
2779
415
2142
271
3166
3727
1564
228
3128
2565
3113
1714
668
3288
3151
868
3751
2324
451
1132
750
2383
2134
392
1883
132
2401
2576
2166
4574
3226
1824
1348
2693
2472
2846
2853
1078
1740
3820
2962
3482
4361
1693
700
1320
3601
3882
4130
2409
1096
1514
4647
789
3610
3615
1951
4584
206
3647
1848
435
286
788
2042
2250
3836
2475
3165
214
4754
3030
1298
3292
3426
2284
1028
3766
3798
520
4278
554
984
1004
2342
2751
162
6
3665
3290
3027
1727
374
3229
2044
1950
4173
3371
3172
304
2941
4196
3701
748
4099
2324
3991
1511
3436
3943
1644
1611
808
929
4124
3227
4874
4641
1396
1784
4075
1723
4470
1670
859
1421
1883
4431
1736
4827
3310
1909
3691
1752
2730
4040
1734
36
524
232
1697
4756
3522
4646
4879
3531
4341
548
3173
1628
1857
3132
1476
3937
1080
444
2101
513
3683
3628
4219
2097
2340
1491
2244
3602
4195
1489
728
678
1417
1146
3276
3599
3262
237
2348
2049
2253
4638
360
2354
2381
3803
1447
1417
1763
532
2918
2610
3088
3208
1121
2043
1078
3322
648
1379
1090
789
1753
950
2937
3398
4777
2537
140
1633
4417
1965
1030
937
2076
4166
3287
464
3753
3696
2114
2673
4168
839
2354
3410
1745
2101
146
2767
2570
629
3878
1097
3988
1785
4191
2745
3591
1783
3050
2631
237
3733
729
3347
53
2031
3529
261
2335
1984
2844
3979
748
3806
3047
3320
999
2561
3443
402
2002
189
3911
610
888
822
130
694
1502
2764
2089
2504
2567
588
1002
1850
3559
4463
4550
4905
1499
859
154
2542
1591
2933
432
3579
1200
866
3392
1478
1898
4718
977
1148
3449
1882
1834
4698
406
1738
2576
2501
4058
154
1592
1686
4044
1255
3091
4642
3471
2408
2890
517
3054
3145
2948
3911
1221
1996
2690
2508
1810
3739
3430
3208
46
710
3460
425
2702
2727
3062
594
3931
654
4942
4123
4567
1586
1932
2128
3383
103
3412
706
1205
1199
4093
1459
1240
894
3568
3288
2006
3789
3994
255
1718
4168
447
2228
3029
3371
1120
3518
1471
3934
1524
4023
2747
1678
432
959
4033
415
3129
3224
3643
1586
2478
1398
566
3768
1538
3308
1203
2023
422
190
1431
3934
4121
3727
2114
1993
1983
1298
982
1604
2660
4633
2897
637
4184
1572
2326
3031
3178
3319
2433
13
1330
2357
1949
3143
2016
634
3429
145
3261
2670
1377
993
2733
2294
2881
1995
2420
2262
2601
2073
2065
521
2015
3254
3095
41
4095
1551
3104
2970
3106
1128
4607
3211
3425
4369
1873
702
192
4516
3302
1827
3583
2067
2981
4055
1654
572
392
1313
297
2719
526
869
2291
2370
253
1034
806
2711
2287
4702
3007
4488
1088
1025
875
2402
1715
1540
1999
2953
1737
2398
3818
3571
1636
2067
2287
366
843
4484
2451
919
491
4816
3196
1792
2246
1741
2005
1085
3022
58
2429
1591
4459
4149
3460
4787
3919
2387
3377
3753
347
1022
3649
1374
3511
1505
2355
2885
2721
340
1809
3880
3569
2336
2290
611
378
1621
4030
239
1603
1277
3676
3960
1418
3544
3091
2478
1854
3528
3768
2009
3412
940
2924
1085
873
1624
4074
2218
1024
3695
2011
4397
1665
622
3460
680
1991
3519
3458
1526
1719
1492
2600
20
99
283
4035
1847
273
3986
1699
4404
2196
1414
3682
3410
4150
2592
3921
285
2966
3521
24
1601
3506
3854
2064
3370
3380
1643
1258
2611
734
3300
4214
2602
2740
4164
3829
2049
3015
633
3546
2834
3485
721
1484
3624
1491
2164
2064
1681
519
3599
1975
592
3089
1940
3834
876
3612
1079
2335
1404
1514
3296
360
435
3627
153
3807
4299
1833
2683
2481
3311
2756
279
1491
1974
1577
1966
1960
599
1872
1301
4734
1936
268
3890
3583
695
953
1824
2820
3182
1912
2817
3721
1189
4833
3070
1826
3899
311
4470
2870
2132
2984
1890
1468
2048
3024
1351
4200
4381
1170
4817
2933
1066
2375
3458
3421
1662
4012
1988
1513
1716
1617
1207
941
1690
588
2544
722
1923
4555
1361
2571
2077
232
3681
2258
2011
1983
4252
663
170
2894
4692
4686
3348
4411
3453
1891
2409
3622
1689
2690
3857
4594
1592
1147
3853
3060
1903
860
4080
4304
202
517
3533
4290
3248
171
1136
1690
3319
2645
2437
442
2447
306
1024
4196
4436
208
3202
2190
3747
196
4117
4922
466
4724
1852
1515
1154
4294
2835
2668
2461
3114
524
332
2256
1147
3064
933
539
297
254
438
2788
3150
285
4192
518
2939
1107
1243
1013
2819
2888
2511
4249
3754
3442
4469
3951
2587
941
2837
2426
1021
3278
1826
4324
904
997
697
3513
3773
2937
2364
3564
2265
2975
2430
3086
3316
2725
1245
3352
315
28
2574
369
299
832
1535
2177
2037
750
4138
470
4855
629
2590
67
2283
4017
682
1508
312
952
1264
1588
2637
3701
3334
1954
1922
1142
1325
3915
1893
409
3935
3243
4744
2334
759
3491
1087
1764
2397
4072
1653
1763
666
1809
1640
4455
273
2311
1853
2478
2253
1367
4455
3200
1024
4831
2410
4156
299
2662
932
2539
937
1133
3180
709
167
1709
3159
4340
4557
1153
1825
2277
3731
2268
2294
3256
1928
381
345
394
4436
2417
4101
3321
4064
3302
1428
117
3072
3823
2953
3121
2752
4022
719
497
3962
777
2755
2003
1837
1919
1351
1974
645
2469
468
2359
2075
3123
3902
2941
2298
2462
4696
1616
2222
2666
252
2785
14
1394
3178
3824
3687
520
3434
2869
2143
1555
1124
613
4482
1632
1818
3035
4234
3906
934
2538
3836
1106
137
3309
2801
4497
668
715
3655
3054
3447
50
1012
3850
4567
466
367
2574
2210
430
4254
311
1634
1602
3424
580
3945
3745
4057
1941
3539
1008
1091
3134
2427
1953
796
3369
601
1210
1843
3467
2138
2007
1372
1891
1346
3889
2377
4188
2322
2985
3404
589
4563
52
836
459
55
507
4377
4234
1560
3601
3372
1748
3950
890
2780
2967
3958
1824
213
1855
1060
2789
2050
1916
1275
208
3378
846
3914
3500
1961
3681
4306
1894
656
2237
3389
3840
1113
3468
1102
1460
4608
231
3725
655
1659
1675
478
1088
91
4830
4648
2226
1672
3622
335
1735
1595
3562
3737
3145
3192
4008
954
491
3771
249
771
1405
1803
1
1297
1880
2405
2764
2244
1871
4502
1130
3351
1317
625
1292
1082
1563
2593
2009
367
3320
370
1458
2222
744
2845
2067
3417
2673
1274
4130
772
1503
2420
647
4208
611
4054
1119
25
1544
680
2167
3190
2685
2167
3043
229
2810
2527
3523
537
3710
1350
3310
1979
1019
4929
3360
3712
4731
727
4534
2876
2416
3687
3836
3512
4099
4188
2364
1724
1536
1105
2282
1223
3377
262
454
357
2926
2094
3747
3079
604
3558
2099
552
3171
3164
4453
2370
5
1050
2623
2708
4063
3678
1068
2631
2081
2471
4486
2526
1224
324
3158
3757
4717
3367
2273
2377
2296
2701
2944
3205
1458
1048
3981
193
1803
3745
3841
1394
1541
312
581
2636
888
3051
2398
3275
320
1668
700
2575
471
684
3074
2767
2780
1895
1633
1522
473
909
3508
2777
145
1482
2550
2440
2869
3491
1032
3532
1029
3028
595
2622
3135
1652
1788
3921
3432
2624
2667
3121
2157
1058
2634
3527
2693
1501
1277
3933
2162
3444
2881
1652
856
34
2106
621
3096
1880
201
874
734
4775
149
863
4440
974
2815
2037
172
4238
2919
1799
792
397
953
4017
49
135
106
3507
487
3497
1277
3459
1206
255
2920
3496
4897
587
3199
2690
2999
2943
85
4112
728
2685
398
3644
135
937
2726
2739
50
847
3511
1677
752
2459
3774
4265
4347
1683
681
4352
1310
602
3567
3638
1228
1256
4136
3495
1961
124
3483
2273
1612
164
3037
3067
2911
3295
1437
2325
2096
3384
1465
2389
1652
2728
2576
131
1927
610
1040
1548
2235
2765
2055
1003
2665
3790
1089
612
4659
1409
3301
1092
4186
893
2210
3861
3216
934
1355
2794
3412
279
2107
2700
4472
3186
4322
1898
4381
3132
147
3895
1608
1593
2485
2898
1642
1775
1165
659
2105
3447
2882
3255
63
4318
4619
2578
2442
1500
2416
4174
4517
1196
531
4548
536
2798
3135
3868
3552
3260
1762
1091
2145
2529
639
2611
3019
400
4253
2215
1362
214
3639
4129
2757
2174
326
3416
2882
4725
3426
1647
1732
2725
435
3613
3238
2437
2676
233
4865
3450
3470
1201
2096
1780
983
1265
1164
1258
1769
915
2061
893
815
4662
2229
3135
4236
1101
1127
612
1150
3271
1064
3634
3433
3620
1688
4410
2714
1306
344
2087
4513
865
99
2147
3726
442
1742
3815
2144
1555
3380
1679
2063
549
4045
2167
1296
4496
3540
1587
3054
3642
3621
2495
1388
1098
2993
982
3842
2975
4596
2117
2567
239
2470
3258
4843
3504
2928
740
2303
65
867
3408
898
2516
2589
4109
1495
1298
4191
354
1494
1937
1429
2253
3111
2036
3019
4850
814
3186
3551
1435
407
2592
4393
4767
789
1061
4734
1073
624
3297
353
76
690
2035
4746
2741
4295
3044
1363
1542
136
784
3854
3867
1869
2267
3616
1048
2533
4143
3170
2146
3246
129
686
3300
2867
2081
2776
2945
553
313
2389
1501
162
391
1574
3103
1438
1375
2031
2813
1330
388
36
1754
3074
1396
1670
105
1287
1138
1475
692
3795
3154
459
4560
461
1384
1138
3621
1848
1724
2746
3786
1794
1570
2847
4387
2644
2450
3659
2734
2092
4614
3998
3787
687
1820
2709
3011
4688
3688
1276
2889
486
974
2856
269
1775
3927
3104
4773
1774
651
3672
1654
4297
4504
1821
2899
3045
2911
3145
1039
2063
1660
1281
4104
3677
1814
1267
4471
2861
3141
1758
2369
1513
4806
242
632
957
2910
4793
943
797
3599
1284
3054
491
591
1667
786
954
3093
3548
2989
3396
3897
2155
573
1993
2449
3820
224
4114
950
3673
3192
2469
1213
3049
2598
3212
2484
4488
4015
2956
4135
1430
3434
974
4647
1738
3410
2818
4548
1628
3338
4077
1440
2255
939
1266
1888
4279
3815
1910
341
3981
498
4170
4533
2578
591
3121
2506
1230
3389
1504
3196
545
2344
751
296
3051
3321
3146
1676
535
864
1255
1106
3756
1447
2488
4124
2508
533
2244
4146
3960
812
2640
2559
3739
2629
3395
621
3658
1739
4052
1003
4235
2932
1455
2493
4427
2472
1573
3044
1578
1158
4431
1442
2011
4544
3589
2379
762
3805
1328
4176
1679
4638
3940
1110
890
2338
3976
99
3290
3038
2816
3492
1491
2248
547
3494
3499
4632
2543
1694
4167
4175
142
1467
2906
1006
3244
2310
164
3352
833
97
2434
525
548
2053
1437
3589
1392
3945
4558
3744
3774
3420
692
3140
1148
3187
1781
1096
3153
2669
4932
1388
1567
3469
3943
166
1580
4010
1591
1001
1058
1152
3896
4286
3431
902
265
2499
2540
1577
2203
1695
2481
2921
1188
517
4167
3026
1821
1874
1165
933
2580
2625
648
115
1277
985
252
778
2968
3499
2134
2053
925
276
4311
2077
1345
872
2137
3617
3020
2026
2198
4424
325
4276
1731
1723
2578
2513
2449
2742
808
3346
4560
1646
4011
3401
2581
475
4075
3172
4154
4277
2850
2071
2190
3343
3798
856
610
4018
3453
723
1296
3734
4650
568
4526
3720
1983
2379
884
2753
1571
3631
3630
3761
3276
4089
1886
972
3667
2906
532
3212
537
569
3757
4509
947
3457
3005
2818
2166
1242
1516
974
3172
1335
2946
2413
3618
48
1937
1479
4382
1364
2481
3431
3863
2138
1537
1542
1500
683
201
3065
446
57
4058
3796
2484
2339
190
1697
2527
1293
3213
525
1774
1725
4467
3493
612
3796
1024
2003
3750
488
2221
2197
4163
1315
2110
1159
3648
1277
3931
2604
2185
1522
3318
2139
4287
3163
570
1228
2489
3562
1083
3168
2292
232
2627
1616
3503
266
1887
2539
1568
1263
1258
3531
1464
1620
1156
97
3384
506
3801
1281
4326
1992
4022
4169
4387
4281
3172
4046
3124
3012
837
3002
3455
496
2143
2236
959
1793
1986
794
4343
1106
4169
810
354
1694
1212
3949
2736
1144
517
4211
3585
284
1325
2271
1053
1671
4714
838
1746
1977
622
3117
1264
3198
3192
1026
3384
1867
1337
1035
2813
2996
150
2242
938
490
2014
3335
1313
4031
2233
788
1647
1469
784
618
754
4316
2808
2425
3039
2158
2169
3508
1627
2823
3931
32
2417
398
71
1541
1465
1605
3582
1342
2182
3172
2843
4207
559
666
2862
4621
2968
3509
1571
2280
418
791
217
2307
3656
572
2244
3671
3650
1845
4866
3692
3269
3800
3611
3185
2830
1350
2944
1991
1581
2452
3250
1639
2799
3808
3813
2103
2116
3751
591
3398
4416
631
3671
4120
431
4666
3395
46
4045
4492
1669
231
3994
2740
1574
724
289
1673
1829
983
4082
1412
1384
3952
2405
4328
1983
2045
1571
4311
395
3079
3405
2392
3459
796
1159
1550
3702
4597
2714
595
4254
909
1510
4008
159
965
2176
1422
3804
155
3233
876
4404
955
425
1421
3625
4421
755
363
2806
3728
3420
3384
4643
2779
3154
1980
990
74
282
3828
4178
2564
1488
432
3176
2802
241
1815
4584
664
570
4655
2
135
2258
1463
1453
1205
425
4203
978
3680
708
4123
3169
1603
3411
1772
3269
1660
4290
3314
4321
104
2010
2780
1320
473
3043
996
581
1041
3987
2463
3966
3959
956
4771
2397
3222
3277
2207
3744
368
665
1882
1353
710
242
2222
915
458
2569
2356
3325
3396
307
2579
1883
1871
1241
4217
105
3126
2877
3970
1623
1976
2482
3278
3506
4684
4703
644
3161
3155
2095
3785
3034
1820
4306
2398
2454
17
4210
3291
3096
1631
2648
3544
570
3119
2293
3319
1480
2381
1020
215
2084
1245
2852
3645
3278
1612
4477
3860
3672
4464
3871
3422
90
4756
4375
1205
2989
4380
178
3940
980
2669
695
968
2358
298
487
1327
168
4515
925
3721
1514
4745
3870
954
864
4127
3629
1920
1183
484
3609
3826
4651
4385
2941
3184
2782
3773
3863
4202
1572
2157
4688
2035
2444
2048
2984
18
769
2222
3208
969
2232
2277
1529
4096
4172
1411
2314
622
593
2725
3566
3731
2196
105
1122
1079
2271
1543
4201
2997
190
2467
4782
2580
4029
4830
2182
1225
2670
642
2716
1538
3940
938
2457
1393
177
2606
724
134
1303
3628
1132
3448
2068
4743
355
2471
3177
284
3971
2127
2817
1547
1245
1344
4636
4040
3886
2702
1687
551
4256
3969
3114
3667
2314
2367
1144
161
532
3435
1128
557
2718
3223
2635
1886
1697
4298
1724
1848
2352
2831
4772
678
3198
95
795
3442
507
1212
2053
3755
3606
393
3122
1818
1018
247
1825
3718
3101
1357
3440
534
2069
58
883
2291
1431
2937
2365
3588
794
1841
2191
1354
3369
3865
2944
2289
4889
1406
2554
4279
1858
2924
4364
231
289
4136
738
3190
3335
2484
492
3424
1008
2117
4968
3207
4146
444
2496
3145
4747
592
3432
3866
648
3252
1967
1428
4772
44
2920
111
3678
325
3021
2361
1573
4515
924
657
4332
1543
1434
3978
2181
659
2068
584
3823
1457
1497
976
2384
1306
2638
1421
3620
777
4203
2862
2643
883
3093
802
3871
637
980
2454
1922
4361
4216
2690
1109
2325
1945
2960
3411
2183
1152
2572
374
3890
2871
810
2146
841
3276
3160
1839
754
925
2277
2605
2949
1735
1322
3651
358
28
2622
2324
834
21
4694
2653
936
4134
512
1917
1677
337
1827
4478
1967
4476
937
2959
4262
96
4403
2976
1307
600
1279
2385
370
1223
1683
4021
3401
1254
620
4163
2551
1753
4189
1277
3717
3692
4899
3371
3827
2880
2218
4355
1556
2104
3335
1119
4538
2095
2306
1475
1207
4577
1895
2945
663
1948
160
4226
798
3041
681
2057
2905
3254
1696
2428
1175
649
1876
1799
2519
2470
1044
4815
3813
172
1322
1198
1173
3461
1208
1031
2336
2103
3712
2338
2471
659
3750
370
2404
3763
2570
1613
2327
2087
1399
4908
3764
3418
569
3405
525
849
239
1927
408
1092
4499
2315
3235
1399
59
573
3005
656
2326
1076
1984
1808
3930
1644
2477
1452
2293
568
2382
2996
1687
4394
2183
1310
3638
3775
3438
7
1098
2751
464
2553
4716
4470
129
2683
1629
1575
525
2
4606
3148
3166
4105
3296
3086
136
750
4685
2610
1187
399
523
2733
3599
3834
911
4154
4168
4804
3402
3410
4452
1064
530
1080
2139
2708
3368
1277
2261
2121
3793
284
434
1016
1949
2819
4367
4614
3015
43
2155
4487
461
2025
2914
491
943
4571
3392
1433
957
2062
2182
3399
410
1027
2880
1917
798
528
1620
3223
4645
3209
3817
979
3186
4840
959
865
2981
3895
3513
2442
855
4555
191
1796
3502
1371
4333
2835
4023
3655
2808
4471
3044
1041
1868
1125
1347
3725
679
3171
2722
1349
3559
2406
3878
2842
2924
2598
2488
2618
4122
4352
1272
1137
1722
1881
1419
3014
451
2697
552
2125
706
3709
4088
3110
4776
1666
4612
3769
1189
1024
329
153
3893
488
2855
906
2545
2407
3825
4137
2717
1361
1440
1999
116
492
1517
2615
1006
4383
435
345
1976
1952
1386
2409
3627
4541
4013
2726
146
1304
3277
2900
4912
1899
4181
3453
1295
498
3935
1007
1117
882
3136
4518
1562
1619
1990
2790
2748
4451
4167
1587
258
1397
2173
2442
4520
3191
4416
942
52
454
1331
120
1989
1615
2693
3448
3645
585
1324
1801
4431
2708
303
4509
3815
163
2602
1935
1324
3582
3172
3582
3210
3451
1459
2780
3758
576
94
3935
486
3287
1052
2186
1878
2553
4302
170
1727
2384
4293
4447
3011
199
1198
3750
2642
2503
309
2154
915
2182
145
2210
2967
282
1857
3402
223
2081
601
1621
1018
1171
3101
2955
2911
3871
4277
1550
2355
557
2316
754
73
1406
2714
2157
3895
185
2716
3873
2156
2419
3
4582
2846
3844
3487
717
1176
3494
3435
2378
1847
2141
3254
205
1094
1579
381
3965
3538
2506
574
4530
3468
1584
4426
4801
37
3224
1646
1178
1882
3284
3492
2218
2144
3890
2048
3749
4562
2333
2868
230
3704
1941
3790
4217
4135
278
2879
948
1441
3437
399
1326
1276
2425
3023
2545
4767
340
906
4388
921
2026
4913
373
924
209
31
4274
3675
1427
2705
3317
2173
3325
2285
399
37
2512
740
2597
1592
1095
689
585
4088
1883
4509
2786
1716
2928
856
3323
3588
144
1636
1089
3104
4431
661
2061
2254
354
1675
1692
2502
1162
3938
580
763
979
3024
3847
1672
3166
466
792
4259
1973
570
1432
3520
2803
4434
1971
303
3700
2401
3488
293
3256
3850
2337
1424
838
1125
4245
381
107
4157
325
2458
964
4220
2824
4194
4134
2665
2125
1519
693
4621
2954
2465
3001
1018
1250
1137
827
3351
2506
13
2758
1715
418
1352
730
1189
3996
2472
1891
3600
2931
2127
4705
3263
2851
2300
3109
2405
327
660
3274
1346
2138
935
834
3181
3238
2829
4405
2776
986
1350
399
2494
124
844
257
4294
1847
3552
4141
3654
1844
2153
1881
3149
595
247
2633
762
1925
3763
1934
2668
4081
1589
2244
3373
3853
4938
2381
309
20
865
3218
2732
3181
2424
956
3149
3740
767
4272
4191
3490
1654
3644
2054
693
2797
273
1514
4576
3799
2685
2148
4047
3339
4250
2156
3205
469
2943
3102
4349
4527
3824
3571
92
1432
4740
1978
2355
954
3176
3075
857
2867
2127
3123
1821
641
1418
2697
64
4637
2776
936
1158
643
2492
2721
627
1758
5
132
4468
678
2502
2509
4639
3055
3047
4239
2316
4119
2706
4512
1108
53
1692
3635
3672
1330
362
2858
2505
654
838
3235
1534
1095
3534
1725
2708
3657
3264
3049
978
823
968
928
1265
3163
3075
778
780
2651
2332
3314
2198
2453
3991
669
2324
725
2144
2565
304
3105
2794
3128
2734
3601
4562
4602
2739
278
2693
2520
3195
3980
442
3990
140
2378
3838
2976
1269
1121
3783
4279
4674
4194
3027
3278
1520
2417
3085
4534
2588
482
1527
3084
2167
3113
3076
3579
2203
1107
485
352
60
4008
3951
3098
2536
2471
4024
3222
1369
2403
2902
3051
4139
2584
4482
3847
2813
2534
3048
3229
1807
2548
2999
2902
3795
2317
412
3884
71
1973
2990
3200
677
1626
4084
4033
2007
1702
3286
3855
1530
3815
264
3854
1928
854
3571
3974
1663
1424
986
777
950
4202
1514
116
1998
3075
4591
4798
2090
2476
3015
1084
3197
3220
1661
2135
3087
1893
2992
2185
774
1227
775
1693
853
2727
1933
197
4118
1660
3467
1157
2419
655
2945
517
1028
3219
941
868
1649
3211
42
680
1502
640
2472
717
622
4583
4045
2807
3143
4606
1683
376
1208
136
3066
307
4596
8
3987
2322
2352
4478
3848
3713
3256
1510
4399
3437
3447
853
4352
1600
654
1643
2336
351
346
3386
2479
363
3285
3168
4107
1175
2253
1860
2805
3476
4159
2294
3438
2309
3581
2651
4121
4634
2878
2064
3777
4419
2744
3003
3395
4117
2611
4740
3311
4301
256
217
1634
2062
1095
2818
745
2321
1490
4312
963
4188
1980
834
1334
1615
2404
1512
3546
1142
2534
4642
632
632
1714
159
1766
2649
703
2238
4727
3403
1415
1169
4325
454
4404
1433
1933
1086
1136
144
4404
3097
4758
3830
277
2421
4309
4213
1072
1233
486
4337
584
1067
2380
3148
1002
2328
609
3568
1122
3423
2432
2644
2681
539
2273
4150
2462
2115
2847
2755
3647
340
2477
839
1166
3376
2386
1319
467
1807
1617
1662
4187
4854
2016
3719
1396
3822
3080
1002
3876
2654
2506
1395
4116
91
4487
3065
2384
1701
673
4222
276
4349
1352
2733
740
331
2787
3337
3537
2966
3945
3164
2724
89
2648
3740
2268
4208
2402
3156
3084
3717
3163
3559
2458
4110
3372
3352
3288
3891
3673
1485
711
1916
4472
3611
3770
2520
1828
1160
3376
2025
1188
101
2533
3804
1303
497
1384
44
2420
2946
4299
2151
1288
997
164
2336
2209
3632
2209
1760
2826
1686
3691
1105
1149
3925
3484
1044
1654
1534
1724
3480
2349
3458
1841
1712
2994
940
2060
3152
3119
3753
872
3528
2611
1389
57
1646
4216
2760
1820
3145
611
902
4556
3106
3999
3061
4499
198
1578
2255
1188
1421
1027
1379
2973
2395
826
2988
41
3259
2254
2324
4396
570
2038
2459
3061
2685
1965
4152
2677
4334
59
2963
3858
2102
4181
1938
2923
3511
3932
669
4399
3580
2121
612
1012
2847
4094
3389
1544
3140
3099
1482
147
229
1670
3267
4827
127
4333
2980
1174
1409
1244
3195
4021
1468
296
3013
2838
26
3608
1813
974
1118
2340
3980
3204
173
3150
4151
636
1598
1150
1800
1207
4599
3833
3975
1683
4352
207
3846
708
2349
3777
128
1924
960
483
3602
3169
3326
4203
3359
2376
3493
2697
807
2427
4209
3760
2752
3112
4118
1458
728
2421
2266
4483
1288
546
1964
1884
1390
2988
375
3872
1864
1854
1461
961
2977
1464
819
671
1766
389
1697
3141
4628
2503
2561
1743
3990
2824
4210
62
2531
2346
463
1605
3845
1964
3873
1805
3197
2108
2388
2452
938
3159
1549
2957
2583
127
651
1724
4824
208
4519
4013
4528
101
847
1284
2398
3064
304
2624
3568
2204
1870
2142
520
2050
547
2753
485
4578
3734
4329
2956
1997
3923
2912
2912
916
3860
3091
3662
634
205
3512
1544
1128
2241
581
3400
4146
3110
952
4059
3577
1893
1806
1099
521
465
1287
3322
2005
1413
3260
2807
1639
4643
2036
378
1186
3617
2248
4674
1295
1187
2946
2640
3065
3543
4594
2055
4287
3067
4594
2772
4765
646
3702
1999
509
3822
2349
1293
1650
4221
145
1819
3984
3129
2888
3187
3135
3077
3326
1242
3488
3386
812
1187
3691
231
3430
3188
3452
2905
365
410
3868
3068
2933
3590
2460
2593
1223
4853
2438
4056
3319
2865
3229
3200
1023
2172
809
2054
1146
2884
3156
1580
3338
4822
4
4463
651
4961
2441
851
890
3632
2514
2957
3598
694
2765
2080
619
3077
1798
3143
2052
344
2070
299
709
2233
1848
710
3790
4700
4926
88
1754
3541
1373
4321
3653
2522
2193
3227
4434
3398
3303
512
3781
2542
773
4577
4318
10
2350
3333
2909
3981
1982
4316
675
3227
2635
3675
3264
2714
545
3984
650
763
541
675
3752
3205
1456
1441
950
1071
4217
952
2251
2047
978
2908
2406
1393
3768
1099
1660
3060
3498
2816
2434
2074
688
1442
3847
2067
3298
4066
1937
2774
4332
4318
2577
3107
4812
922
3914
1149
3109
2388
3238
1119
4458
2392
3864
3150
3175
2844
1306
2388
1008
2950
209
3343
763
1277
4070
1892
2083
2804
1392
1867
2599
4278
1038
3984
970
3463
728
1108
399
1952
565
276
2749
4085
2352
479
1062
3389
2110
1194
1450
3371
2704
3264
2652
2400
4091
2638
1275
3477
3074
3980
1020
1935
2667
4322
3543
3702
3936
3719
4636
2810
2705
1350
1559
3170
1105
3140
2750
2336
1609
172
2315
628
3401
2951
2209
1125
2500
2434
746
2895
4009
3139
2350
870
339
2166
2382
4298
724
3947
1068
1572
1809
4142
1597
3208
1760
2185
597
1910
4113
641
2163
4714
4089
1113
2263
2848
2082
1534
2652
1133
2409
3185
2261
1273
1835
2818
334
2252
3571
2065
835
790
974
3183
3393
2445
2008
3860
3025
2979
473
1787
3983
528
1152
4709
1584
2347
1190
3469
3814
1071
1540
3869
2026
2821
2018
4420
4529
222
3154
3635
86
438
4163
1953
4305
279
1023
2728
2877
2379
83
3857
3216
861
4226
3202
1317
403
1077
3974
4679
1313
371
1943
1062
2960
2119
3137
989
120
3176
2541
622
4206
3474
1403
1699
2296
904
4012
1851
3551
3799
2721
4218
889
4088
921
655
1576
1162
3923
1819
4116
172
1267
4129
1881
195
2541
4706
3509
660
22
316
2830
409
81
3329
