1842
1339
4321
2052
721
1474
2846
824
1375
329
2944
3076
2944
994
379
2197
461
1093
4345
2068
1116
203
3509
2530
874
2268
4144
1628
692
2318
1414
1008
1513
2772
474
448
4
165
2982
2223
2522
3161
1525
2004
1286
1367
3521
1900
3773
2640
3151
4275
4320
3103
1978
4146
180
2376
700
3767
3807
3082
3298
722
760
1452
966
3511
2736
1866
3191
3155
4364
564
2861
901
835
2176
2402
4002
1403
2130
2927
292
2604
565
1168
321
1615
2297
1247
442
1625
1439
528
1890
875
383
2505
2597
1104
1903
2955
466
2966
2240
3483
601
4386
1445
2128
3458
962
2441
2597
620
1066
56
1182
3480
3002
2005
4250
2352
2292
2390
4302
1293
366
401
2923
790
811
1467
2917
2391
865
3349
4466
70
645
2414
1974
4528
49
3356
3678
3242
608
2359
1108
3198
2088
4248
131
2409
1290
1656
4239
211
2292
1880
3380
733
720
4004
2955
2790
2610
89
1189
310
1654
1557
4301
1775
1871
1787
1459
394
2212
3169
3140
3711
632
1606
3634
1350
1640
193
1006
529
212
3827
777
3216
4124
4253
564
1694
3386
3511
2463
1023
2469
1303
1675
3227
185
659
1362
2737
1181
999
3272
1946
1014
2777
4213
1241
4479
3120
1162
2005
4033
3755
1194
925
3997
2507
1795
2506
2074
1559
2170
805
1445
3318
520
1571
3351
640
1259
2105
1752
1549
897
246
3274
703
4372
2879
2149
3879
2132
1620
3470
3267
1693
853
422
4521
1656
2068
3091
1271
277
3862
2430
93
1872
660
3943
3039
1513
474
4519
3917
2017
1377
2044
2851
1737
1738
4152
4237
1396
2355
1238
305
4259
1937
4160
396
419
3619
923
3607
1033
4492
1155
1657
2079
2492
58
3722
1822
2526
1192
1530
2850
4535
3147
825
3929
1813
2878
3076
1232
1654
1567
1508
4226
1736
4134
2340
1971
2608
2007
968
2836
2226
3432
1724
2467
1310
3782
2115
616
2408
4283
2093
481
1054
3819
551
491
415
4144
566
1842
2096
423
4312
1480
4244
2846
59
3855
1921
2404
3887
1817
3140
844
2468
2350
1459
2119
241
50
1796
842
3431
132
3162
3800
2431
1067
2851
3439
3893
482
2353
4163
2187
1686
1200
577
1452
1163
1706
4489
3591
2675
182
2946
1660
25
188
1846
4070
1165
1170
1149
4420
4363
4224
361
3868
2562
2232
2792
2587
194
4441
3096
2913
1909
235
3666
3668
12
702
3313
1646
3068
2407
1265
1947
3043
1732
2535
4081
4476
229
2365
3642
136
234
2069
2805
1305
3161
100
1060
3261
2928
1265
3891
2516
2827
3807
199
4114
2478
536
2981
874
2016
3737
2129
3900
1112
2964
467
1446
3885
2127
1014
2283
3209
621
564
146
3622
2219
217
132
847
1396
3899
1740
2205
3101
3128
3377
518
1161
3166
1165
558
2994
3
2720
3644
2608
3854
4252
3828
2726
1992
2243
1810
2164
3469
3207
1298
3703
2271
574
2790
2561
3263
1401
333
1389
198
3374
3863
1667
3783
229
4519
2033
3080
1323
1282
2430
4194
2909
4503
1437
2322
4013
1202
4331
4440
1536
315
2482
208
3563
869
819
366
3094
3937
2649
1964
3829
3422
2325
536
1154
2978
686
3095
4302
2744
2331
1447
1092
690
975
547
3280
1051
2197
2976
2610
721
3020
1077
1823
3127
3086
1678
2275
2187
2181
1438
1906
622
3332
2935
2007
1232
797
1992
2437
2904
391
3789
536
1657
3446
1299
1376
2697
1150
3764
1619
516
1376
3473
2730
3209
3941
321
3937
4394
1288
3559
2067
3406
721
1880
1126
135
1422
1620
2926
7
956
4214
2792
660
1059
501
2830
3498
3963
3795
511
1341
1508
2204
2092
2018
2200
167
3008
4040
750
228
1752
77
4098
1060
2520
3422
1999
1410
1624
3896
3399
2856
2277
3287
1936
3183
344
1055
1144
959
424
1179
2102
3492
1932
7
1292
231
3875
2625
773
1633
3410
2605
4017
289
4196
1723
2399
2667
2294
3887
556
936
992
3212
3133
3261
1589
3970
1690
4538
4141
1239
518
3780
198
4195
1008
1008
425
2228
4548
1710
4033
1457
2337
1432
1445
1547
3917
2720
582
2386
432
3296
258
1903
3912
3480
3615
4357
1490
617
2107
2829
3413
1989
1565
2163
1734
2265
788
1580
996
128
1988
1258
136
2591
3360
1036
3082
2827
4072
2746
2686
2185
1471
3663
3991
810
2874
13
2657
754
696
2325
4010
278
2003
1610
3589
218
790
3314
839
2742
3075
2403
1373
2465
1986
1208
9
3498
2860
3095
3013
1922
2129
864
351
968
223
3386
2742
903
1076
2366
1878
1266
1964
68
3657
2240
2564
2502
3247
3342
2133
1908
160
2411
1869
3586
414
2260
2294
3868
4180
2036
2077
3464
3484
433
2480
1038
4169
2113
1662
1379
3783
3537
4212
3516
2426
1230
921
4381
2073
1257
2921
818
1775
60
3067
1390
3506
3982
3004
295
2505
2962
2427
2655
3733
3086
2738
2436
773
417
2467
2993
3767
2640
1389
3062
3725
722
889
1267
3896
4437
131
3892
1557
3882
3803
1179
2740
3592
2875
1267
4056
2305
664
1310
1147
466
630
3699
188
1717
140
3708
2449
255
597
1597
2861
3376
1447
2826
1235
3758
1269
2983
3994
3773
495
309
1490
1380
2036
1941
723
1807
415
3871
56
3294
962
4010
2784
3437
3847
2269
2234
1969
1975
1641
1546
251
483
987
1219
3624
1875
2389
3615
2813
3103
2409
3305
748
4157
2957
1863
2044
1907
451
3518
1730
1441
2482
891
2863
3796
3891
943
123
1483
1899
4077
3817
2038
97
3509
202
2286
717
49
2387
925
3508
4465
3879
4032
3152
1562
717
506
3125
2427
3717
2172
1760
886
3789
428
475
2699
3517
8
409
3295
1563
1517
1077
3646
2490
2033
1196
236
3270
4431
3920
450
3403
3061
4060
1839
1561
2126
3601
206
1361
1756
2194
3717
1533
2133
4028
4385
4507
2926
2440
218
3232
2084
1600
371
20
4082
4165
984
1055
2705
1973
4167
4242
1288
126
3086
3474
2498
4469
1399
779
425
425
1003
3356
2216
504
1674
2590
2003
1875
350
3399
1234
3913
2722
621
4319
2908
458
2919
2790
4387
3895
1162
1008
2444
1817
1107
2303
2788
748
67
1855
2028
1402
3778
2349
611
730
2680
4016
440
26
297
1697
1616
2035
1578
2781
4288
3494
4547
195
2701
1865
377
3428
1340
3786
3588
181
3408
1704
4363
2699
2532
1104
268
431
4067
2174
1020
2514
2585
3427
1373
565
3305
1428
3201
1764
2248
2636
2899
461
1289
2111
3133
4055
3316
1532
2535
3776
666
480
3
3445
2915
3244
321
3574
4219
1773
3512
1871
884
3772
2266
2082
1108
804
560
491
2582
4436
3406
2613
3098
4031
3226
3903
2124
472
3142
2892
4212
3233
1918
2587
1994
2230
2392
3304
143
2253
1336
1746
3670
531
2792
2528
2200
827
1471
1623
830
1063
773
2004
3970
705
3884
4065
1680
677
831
3497
3545
1517
3828
3056
3792
4414
511
4102
1455
851
1365
3020
8
2092
711
2831
1638
192
732
3042
1987
3960
2143
1521
3325
272
3340
1248
2
4158
1331
32
3347
3857
1041
85
553
1510
21
3889
3985
399
740
456
3781
483
3129
3466
1384
2910
1712
2871
2692
3095
1954
1369
3565
2503
2152
3678
1341
207
3900
2420
3549
2404
2880
2308
2107
334
4203
3593
580
2874
819
3105
1377
1542
4441
2686
3891
686
3087
2460
1347
3142
1142
1310
3706
3336
134
2578
4404
4096
3657
1012
1850
1070
4019
1239
4032
2904
1054
3112
461
2636
2779
1602
3021
998
2544
1552
1321
570
685
3985
3445
58
1307
502
3976
3296
3135
1879
2039
4134
1329
3956
4467
1440
2902
2033
752
193
2822
404
1882
3933
376
2689
2840
3903
294
3594
802
2399
635
189
3194
4544
1891
1300
295
3190
3069
1638
3012
4382
2747
3639
1280
223
1448
1853
700
1439
832
2097
2113
873
1306
1812
1765
354
1382
879
2082
3589
4007
1026
4228
3411
553
1612
3906
1382
2607
2879
809
3601
650
3667
763
2527
1542
152
2910
2248
1836
123
2781
3506
349
1135
1695
1338
4263
898
3803
1551
2494
1421
953
1260
2315
718
1313
1315
865
4364
2379
1574
4237
3882
3412
726
1025
3531
1725
3771
4005
1682
172
2919
1431
1605
3243
1058
3418
1552
442
1420
3371
122
293
2779
3354
2569
2490
2383
2102
1737
3122
3918
1125
2488
3989
1788
1635
935
2155
2527
3148
2855
378
644
1315
4130
4365
1566
1658
80
2096
2490
771
10
3280
1380
2812
1336
1270
615
475
474
1109
4220
1806
2092
2980
4006
3905
683
2933
3496
3742
3131
1974
2326
4238
2827
1195
21
4552
3917
2434
1981
1573
4215
147
2690
1700
2684
3066
3845
1429
766
1062
3040
1027
2410
2980
1815
1196
2328
3419
3840
2351
638
317
1154
3546
957
2776
1965
4496
4161
2150
1215
1046
2353
3378
1498
1779
198
583
242
2286
1031
2535
1922
1722
1874
3235
2294
1406
3596
2386
1232
385
434
2820
2588
1349
804
3575
1976
158
3941
1904
420
3863
770
3284
3955
3446
2251
3658
3680
3661
3410
4340
2837
1013
1622
2931
931
1332
549
4171
3827
287
1732
1110
4047
1605
1751
3043
1203
3561
2888
3368
279
1217
1826
2059
453
248
2431
666
4336
3483
1660
841
2830
3599
364
3033
1170
237
3703
4061
2388
1555
2306
3226
3961
4410
3675
4168
405
2938
65
857
408
3627
2633
3894
816
4461
3280
3787
242
916
2551
2711
2293
3380
4449
8
867
484
3187
168
1853
3151
2339
1062
2678
861
232
2564
2317
1286
3690
1187
1371
324
3364
852
2011
2795
2815
2313
2782
2777
1698
1931
1050
3275
438
915
3236
1156
2857
1510
3573
3001
540
4156
1287
2896
1969
2907
1860
701
3700
3808
3949
2447
3558
3646
1292
1046
2077
155
1601
2539
3278
1733
4503
3015
4027
764
1029
3819
175
1185
1956
2322
3392
3585
3834
967
1241
3576
4239
223
37
3236
167
1122
3233
249
3366
2562
1688
3120
2551
3232
4356
378
1970
4093
683
1257
3857
1134
901
2600
751
2995
673
1836
4124
3531
3889
3508
681
2129
4513
1063
4339
3029
1665
700
1877
2733
182
4311
2814
3925
2590
3389
3417
3879
449
1059
4377
1615
709
2891
3820
1807
1951
2390
3344
3343
810
4244
2086
4547
2371
2354
4346
1284
1987
2307
2219
3192
2647
3889
2746
3871
2369
2505
127
1173
4149
4064
435
3378
3813
22
414
360
2433
1558
3321
3662
362
4161
2017
2714
1927
710
2602
2090
2459
2200
282
3493
840
3837
3466
3219
104
405
1871
3731
1629
3536
4087
4006
1779
1909
1677
1133
2199
2233
1850
2491
598
2158
4548
2425
4581
1884
37
2232
4136
3182
3790
3252
2079
384
1405
399
1882
2660
1857
4161
1791
1781
933
1068
1047
377
325
674
1361
639
3193
2979
1760
2360
1772
1472
1451
1937
1126
1671
3997
2911
1878
1854
4563
2503
2846
3451
578
730
3374
1259
1773
392
881
3079
4207
127
50
4485
3842
4085
1693
2413
994
1267
2867
4335
2236
404
1036
2556
1007
2363
3496
2770
3202
586
1714
3145
2639
2648
482
3777
647
1182
257
4126
1687
2581
2516
3154
3649
4279
2340
1059
533
1484
2052
1512
839
3146
4100
3704
3323
4105
1149
1782
1373
3696
1052
3091
863
378
835
3156
262
4084
1814
899
2741
388
3251
1344
3185
1159
3492
3103
2588
2450
855
423
1630
1028
2768
1550
3912
380
2433
2029
2193
1558
2052
1161
3010
2302
3387
3427
589
1667
943
4099
2753
2171
4475
2193
4444
3506
4183
71
2223
377
1289
3081
1907
1372
3278
1704
843
2205
3451
3153
934
1953
818
3801
314
4281
907
1835
1932
1798
741
1435
2967
4405
1684
3334
1307
69
610
2867
2435
1290
3759
1901
1385
176
2082
1476
3164
599
489
1009
600
1467
2592
1796
1958
2425
2991
1387
3430
1222
3719
2666
269
2023
2897
3482
1782
1274
2456
2583
2215
2401
3764
3093
2317
2383
2965
3186
3194
1607
3279
2258
176
2812
620
608
1144
1978
1456
691
2947
3160
3034
2337
2360
2787
1017
3790
125
875
597
3902
1409
485
2781
4481
763
102
1889
1433
22
3225
2375
1864
1200
2964
416
1147
776
2287
768
2192
3915
3891
4357
201
2226
1049
1976
1722
1107
1494
1478
197
529
2397
4049
4469
2097
3145
2509
1157
3336
3448
1449
4387
2967
2082
118
1410
2006
2890
2072
377
3567
292
395
4004
304
4114
426
1753
4156
4254
949
1732
2307
2979
205
1744
275
2677
659
2425
2311
3402
1294
3828
4045
3093
3038
2638
1585
701
2095
1174
3351
2310
1936
3234
3287
3518
2347
3699
702
2183
3226
3766
2931
2439
17
990
3261
1770
410
208
2775
1639
4120
1035
2374
655
330
4523
3143
2889
647
1982
3776
900
2784
96
3233
429
2452
2847
3950
614
918
701
150
431
2616
84
4344
4112
3478
119
3558
4017
2202
10
242
1126
2120
533
24
1980
2157
345
3620
3675
4103
251
837
2044
1108
2925
2859
2674
1910
3250
405
2112
4361
4420
236
75
1196
1500
1756
4475
1321
3319
3820
2990
701
3460
1434
227
668
3174
3082
3694
3008
4300
3893
3796
349
50
1132
3645
2272
2687
572
3784
4260
3391
3402
1347
751
753
2883
4165
1327
3641
4003
3712
1745
1651
429
1152
2706
341
19
1697
3389
187
1684
1090
3157
4470
2918
1089
1943
111
2119
3489
1345
945
111
3047
4309
2336
3823
2823
3833
1294
181
1511
57
2214
845
2881
3562
2042
1160
2407
36
210
3125
2724
4148
1308
2538
3197
333
2831
2187
818
3269
1200
4088
2418
532
2537
4162
3482
3637
452
280
2532
946
4465
4105
2335
2400
1060
2662
2764
3455
1090
1937
3290
2135
3924
3494
1421
1015
760
2222
4127
3536
2309
1200
2048
1660
2710
1342
188
1783
3674
2616
3323
2349
3740
3331
1032
1835
3047
1461
1959
1121
2227
3209
654
832
2377
3016
2752
1245
3851
1493
137
3510
1658
1305
4244
1523
916
2278
961
4399
2750
1467
3990
1365
2601
1290
1186
1525
2975
167
2654
863
2715
1586
3034
2897
2236
1329
2209
1816
1895
3053
2683
2021
4144
2534
3249
2341
3279
3043
1831
2162
3910
3436
598
2505
1138
2597
960
1699
2666
2325
597
2433
2214
2821
2276
3968
2336
152
2922
134
1106
2885
3280
2581
2111
1059
3179
2579
3614
2060
1402
4139
1097
2871
3257
606
1951
3204
2531
3071
1155
4172
2172
3370
835
2297
262
541
1977
1186
386
649
952
3690
3128
582
2382
3924
3268
2174
477
4457
731
959
390
1902
1333
1407
1589
3866
2869
475
296
3489
2653
129
202
3479
222
2363
2023
3899
4072
1649
1588
54
3579
393
2422
3564
4148
199
3185
971
3349
1146
503
3097
3461
3987
4370
3062
2345
2304
2128
2583
3773
3515
3567
3949
3525
1352
2200
1656
4541
393
191
1855
1000
2724
4148
4111
787
1614
1013
3433
1190
4061
651
1793
3922
1413
4424
2695
782
2790
669
1101
1623
599
1589
2658
421
3139
411
20
3535
2924
833
1006
2521
3107
2648
1575
2187
2536
1502
3884
1170
4409
3069
1513
4458
3111
2013
2878
1039
3336
31
339
2026
2354
337
532
247
4564
4581
2272
40
125
3802
3971
2159
1583
1142
2316
1704
3620
1397
1987
2230
1775
375
2890
2234
2291
2529
4318
1754
662
1713
1831
1405
3142
3365
2014
1289
3118
1382
1413
1930
1353
1860
2368
3787
94
1535
2659
4130
2763
3811
4337
2781
4302
944
2429
3808
870
1471
2132
1413
3147
3849
3675
1564
3626
2635
4183
2109
803
1677
3596
3150
348
395
172
4103
4248
3159
2916
3048
1586
2606
2040
3773
3441
1571
1697
2477
237
405
4404
1673
1319
1136
629
2391
3039
1269
3086
2168
947
1518
1711
2513
2825
1695
2992
1511
1079
1668
1934
2977
3054
1691
73
4086
3640
4077
2637
1725
2677
195
2055
4235
1570
3868
4257
862
2901
748
3213
4207
4151
2881
2183
1069
515
1709
1822
3937
2623
4189
2474
2968
2261
1440
1640
3765
3803
602
1251
4115
3334
2819
452
2838
1535
997
4088
1291
4131
3510
4309
3643
2814
1028
3034
3286
2786
2903
701
1967
1275
724
167
3263
1485
3271
1658
3201
3710
3768
289
861
1987
696
4068
3402
165
2435
927
1861
3590
2606
216
578
1811
2721
4207
2717
2022
1936
2510
1953
1950
1951
2184
800
3810
202
2723
1094
864
2600
723
1934
3583
590
3779
17
2916
1255
1124
116
3133
4066
2816
170
1425
3855
1842
1806
720
3503
2825
2635
3201
1848
3633
2860
4188
837
46
1230
590
1025
1169
2997
3991
1154
2718
3612
4172
2376
3339
2711
25
3969
3117
4335
3542
3670
1755
3171
2028
2846
3160
263
3399
4102
1077
1284
746
1741
2539
4441
607
3768
1843
353
3226
3145
4068
2488
177
3978
1668
1019
3404
4372
1468
3422
1499
339
3579
2108
655
2872
2359
416
2829
2149
4295
2448
2807
1426
2261
4001
2293
469
2730
93
913
2412
3572
3083
720
490
1451
4270
1569
3309
4443
2822
3010
219
4452
1938
1066
2894
2683
535
2004
2534
3315
3964
1978
2845
1657
598
980
1917
3486
940
3134
3411
2847
690
819
2537
2925
1789
791
4508
47
2868
2500
4513
1252
3122
43
2437
1448
1401
2410
752
17
1607
1004
679
4091
2803
2980
2059
1472
2276
2541
2583
1476
2447
1059
3405
2197
2832
474
817
2745
52
2672
4349
3313
4138
672
993
3981
406
3993
840
3341
2034
3082
4133
874
3755
2609
2549
859
4022
723
1110
4216
587
653
720
989
1717
2589
601
2088
2946
955
3130
4156
3836
3314
633
4135
1858
3218
2445
563
2344
3036
3919
1260
3705
1630
3886
3644
3729
1173
2023
2251
1197
1436
3130
2545
1952
4133
2863
1797
466
3921
1542
1127
2382
978
3239
1656
2155
154
1010
1139
2539
1197
493
927
4150
3928
4343
64
328
1171
4143
4567
157
1363
2031
3844
1230
3286
1374
4488
1044
1081
860
3439
3888
3556
3638
2541
706
4535
1558
2033
3316
2184
1278
3991
703
1622
3627
3750
4084
192
1014
2920
1511
2121
3145
348
635
768
3251
1010
798
2309
580
2317
2434
394
4350
1577
796
422
4508
1180
4145
452
1638
172
3084
2790
3087
3469
1000
1794
622
1293
4010
1893
4423
2145
886
187
1881
2477
1673
3783
4542
1864
4351
2784
141
3686
913
2577
3819
1662
11
2083
3404
2580
2513
154
2585
622
4274
2679
1410
2497
2565
2903
3560
213
549
2688
2325
4105
1753
326
2204
1914
1312
302
3092
3486
3878
2929
2554
107
4340
4150
2675
933
2813
2574
309
3220
1400
3749
528
2187
2574
111
1465
3963
4550
3018
4010
1431
1896
2639
114
3366
1981
329
3947
3942
394
2700
3678
4106
2197
3900
3597
3356
1031
1692
2824
4205
3060
1595
4318
3136
662
4285
3616
490
1424
2781
1432
1662
2046
4557
253
4025
16
1433
1969
2126
2609
1742
1455
934
3772
2183
617
1028
2965
1117
3610
3857
4189
956
3921
1539
4383
3697
2434
1210
322
1483
503
3501
357
2605
1210
3085
29
4207
3013
408
3844
140
2761
1950
2326
3691
3845
654
2996
3024
1690
1494
4261
2021
504
2214
1074
4227
612
301
3877
1521
329
1451
4383
2094
1623
2918
4326
1869
3941
2673
684
695
4235
4398
3385
371
918
1958
1490
1222
2158
375
267
3468
2039
1801
919
2365
182
1702
1259
3354
1588
1664
977
2839
2087
3401
4440
2213
1226
3366
2368
2639
1585
1678
382
732
2078
1904
811
4113
364
4271
187
2900
1594
2795
852
4143
870
1079
3895
1018
2815
882
3559
712
2537
1012
3633
2184
1733
815
953
4128
358
2475
1101
2429
1427
945
2138
4220
3409
3240
3618
4512
4551
408
244
3539
2928
1681
637
4386
579
525
2884
452
1484
3939
3970
2519
2038
148
936
1787
1614
2161
2927
2659
3854
4059
4513
2885
1990
3263
1689
3853
316
3774
448
1912
1200
2528
2716
3172
1939
4401
3391
4128
2675
546
4141
3643
3509
284
2284
2844
1467
277
4200
2122
2662
880
642
458
1388
3335
2761
1798
1506
418
67
1930
1238
2354
517
1155
2775
1558
1978
153
1116
4368
3060
532
375
3524
2420
3967
3721
2440
127
3479
2138
3436
237
4090
2580
1558
4118
4513
4401
2082
4131
71
1374
1393
952
3220
712
1262
4245
2440
2063
3925
320
714
1703
3548
1043
1884
753
1661
1073
741
3295
1146
1583
417
2044
4339
802
3740
463
1910
1299
1987
1886
450
1089
2402
2463
2844
1946
283
3324
4044
2399
1287
2732
1565
4
4024
1141
2206
1246
4038
2707
1348
1541
4096
3501
811
3962
1770
567
1730
3011
3839
3374
1646
1754
1646
3639
3525
1478
3392
2425
108
2122
2583
523
639
1966
2573
2679
3321
2425
3839
320
3663
353
4138
2260
45
35
2061
1395
2747
1310
66
2180
950
108
4240
2931
2713
3492
1158
561
1813
1312
799
4167
2094
2800
3067
1123
1791
3909
1731
1788
3613
1795
1958
3649
2673
2049
3950
1374
3674
3845
1155
1481
306
3069
1988
2334
4009
3007
2684
4218
3581
2743
1624
1524
686
2466
3752
788
3166
62
669
2209
2424
2671
497
2118
3396
1491
2103
1753
735
1200
565
1442
3466
2147
1347
2477
2256
492
3223
1070
3140
2217
4498
574
849
4284
3090
3890
3082
444
957
3294
575
2558
4199
1798
3658
3374
3726
2760
818
1157
1719
1096
2987
816
771
2425
2888
3696
3300
1944
2148
3905
1400
2000
2758
4111
3922
3473
1511
1317
4387
2517
1228
1000
3369
944
673
4104
2423
1137
1300
4207
4476
4173
3110
4215
1415
3198
3248
2539
1930
2109
3805
3503
1431
2659
2903
79
2230
827
2220
744
4333
3135
2951
3338
457
4001
295
2647
2521
3186
2225
3090
4085
1000
4194
4288
3591
3195
1202
3926
1573
3749
2811
4561
1315
376
3303
1816
2257
2204
4319
4132
1793
2780
3523
455
1876
978
886
2638
1642
162
1646
1488
1766
250
728
995
1962
3769
1507
973
4490
2862
130
1326
2591
4025
3062
609
1525
1509
3030
151
3084
3823
3709
2998
706
1209
1182
2272
2752
4582
3963
2871
754
2109
81
235
4256
1275
1176
3102
4407
1051
4424
3238
1500
2881
2621
2070
3494
135
224
2967
505
1201
3414
1684
427
3081
254
3832
1192
71
1598
918
2044
1635
2516
2815
4175
2932
3277
763
3508
1886
3747
812
2812
469
4074
2500
3056
878
3185
2523
2669
2729
3099
3657
155
3468
2480
24
167
1461
1730
90
3090
1822
2792
2948
3495
670
3881
1433
1031
3606
247
1106
1447
1363
3930
1130
2504
1085
1871
3299
1870
3203
1823
953
1581
3468
2814
2310
1565
829
3052
1651
460
3322
1774
2816
454
2465
4039
1711
3096
4205
2277
1546
2254
4005
706
4047
349
2606
2367
837
1973
404
3775
598
1373
577
1319
470
1474
3460
1526
1740
2750
4171
1640
4352
1708
2362
998
2481
320
1892
4104
1034
147
378
2243
1213
3790
1936
3140
3429
4221
3802
3270
4046
3423
2898
2401
2058
38
3479
3131
2583
218
1783
89
1534
513
743
1895
3845
3893
3949
2990
4064
3690
1805
1623
4273
2089
2143
2596
4126
2352
441
4184
1969
369
286
2207
3587
2394
1178
2403
1973
77
241
3072
3743
1500
3062
2987
2963
362
3422
17
3087
2595
781
2274
2537
2940
2160
2437
2304
1401
1992
153
65
2422
419
1235
4160
3976
2010
1061
1554
588
2315
1678
2550
1177
366
2656
2795
243
2797
671
537
201
2858
597
1712
2634
3634
2627
59
2664
4063
1421
2718
1447
319
49
2327
1529
1854
2556
1591
2495
1900
1305
4357
3874
3875
3180
1561
2098
1123
3687
4269
1257
3703
3650
4305
331
4406
1602
3195
954
2017
3181
1958
4459
1931
2061
3277
1386
2129
2721
592
808
754
2123
2009
1880
1485
3975
3137
2494
1124
371
2795
2750
2691
4136
1018
1344
2243
2722
2515
1389
445
3067
3623
1647
4438
1107
3038
1382
1734
3344
4393
178
2026
600
4186
2709
3169
1416
1007
3504
3800
1056
3962
2385
286
3979
303
2907
814
289
2985
2179
657
1650
2436
3723
1311
1458
2341
2287
1585
4071
1469
3973
712
1273
1593
2288
709
1011
1037
1960
3135
4301
675
2246
1528
2840
1331
393
3689
2037
1967
469
4472
4388
3127
3053
900
2667
901
242
381
1974
3609
3568
2251
2800
1479
2649
4015
4107
3568
3184
2917
3723
2831
3789
2210
507
1489
1770
3797
3477
1114
2617
1209
1797
521
2641
3121
1864
2493
3710
767
428
115
355
2682
896
367
2520
390
247
1912
1896
3327
858
768
4111
2568
3255
2907
4225
2262
3306
1877
4113
2154
1492
2420
3351
2836
315
940
114
3084
1850
1542
988
730
4395
3412
2774
2291
2720
2949
1453
68
1669
4536
2388
3386
1992
923
518
269
1411
1316
86
8
1479
1760
3799
2476
2049
2776
1042
632
1183
327
3058
2671
1963
3224
4544
1406
3108
4033
619
2127
3186
4262
396
2471
3800
1379
2984
539
2341
1335
4457
175
1258
832
1146
1701
4266
1260
2779
2417
240
3968
1626
3399
1144
2573
2542
3737
233
3668
187
3463
3440
2977
759
3812
83
3878
4190
2316
3002
70
2145
268
4035
3624
4015
1954
1530
4224
349
930
2217
4222
1586
1808
1915
4577
1255
455
1946
1421
268
1544
1784
3321
3443
916
2465
170
2298
4457
2873
3256
2023
3929
2819
1520
4075
4288
4036
3429
2231
1237
1928
4286
3216
754
1682
1521
127
115
285
2362
2954
2522
2301
2352
3251
636
2296
4188
1411
340
2902
2187
729
818
3404
4049
3060
151
2289
229
71
1943
847
3711
1463
2477
2703
573
3628
3208
1330
4135
141
3385
2104
2339
348
1962
3685
2358
1955
915
1044
1274
399
3996
1704
875
3548
3538
722
2458
225
2300
1200
4498
1026
4169
4262
2598
533
1902
2429
1378
4198
445
1370
3443
316
90
3582
85
1820
901
3954
1240
2252
3152
492
4042
2689
4079
2003
1789
1439
2037
4187
3495
4069
518
3123
2536
3622
1381
947
3396
960
1985
3031
4044
3908
3053
2983
2670
1486
538
2090
1501
883
1196
3139
1334
2687
2962
1606
3197
4554
134
1173
1433
1696
1540
763
3561
1694
4423
950
2910
882
1574
2719
3020
2844
786
323
2385
381
4063
1039
3184
1223
9
3224
3820
1743
3
3198
1458
1969
2174
1155
556
1066
986
1944
3136
4340
2725
1501
657
2245
293
128
2010
1542
1168
1797
1751
1886
577
2003
1605
3996
4392
2183
2003
3314
3242
1552
1555
824
2258
3270
2375
3566
4211
43
3321
212
3083
120
1376
267
3569
3234
2686
3193
3327
35
3097
139
423
4312
2376
1689
2576
1827
139
4149
2327
1873
402
1564
2042
2598
3581
1782
1895
3355
329
2274
2127
2128
2033
2754
1101
954
3965
3568
1389
3815
854
427
1345
4454
3945
1116
1213
2902
1127
3030
3858
3108
883
2445
981
1376
2171
3382
106
1268
2259
2297
783
840
2197
2943
2541
999
2785
3162
2480
1160
2006
216
4007
614
1793
2843
1022
729
2732
1727
2432
2623
1891
3805
551
3153
575
2142
902
3979
2350
2520
28
2730
898
3408
1602
122
2597
1073
616
1507
3746
281
2817
1242
2487
2440
28
970
391
3962
2502
658
1822
1505
1997
1325
3938
2468
3982
1945
3705
1811
982
3245
2016
1141
2913
572
637
2725
3675
1357
1295
3251
1292
282
2912
1715
1277
1798
3064
1620
67
162
3085
2213
225
2136
3924
4017
2096
261
1941
4275
1144
1526
1553
1975
3137
974
3472
4260
3346
1435
2165
3365
1210
2034
511
3295
1863
1941
1521
444
3335
159
2275
3538
247
1745
2001
772
4380
3200
1228
4318
3031
1908
4173
1340
2200
3308
4458
2924
1976
832
4004
3345
1560
3211
226
495
1497
3700
2834
341
1692
2299
1519
1667
2421
3298
145
1128
473
1237
1985
1989
3848
152
4266
3670
188
4510
3088
1847
2585
3810
3059
4373
2430
1941
12
649
366
3813
2471
4378
2530
3574
368
5
2305
1695
372
3008
588
3411
3076
2246
758
3002
132
3889
4072
993
571
1633
1365
2139
2462
3064
3778
3562
965
2674
4341
2068
2381
633
2154
2919
4239
1269
3132
1645
134
3921
3940
1616
4296
1606
3076
3380
2989
2267
3063
72
4171
2888
3886
3423
663
2859
2148
10
4393
708
2705
4395
1950
3916
2651
657
2152
2455
2455
2885
350
1190
3518
31
3843
828
796
873
2284
2510
3568
1159
764
162
3663
1509
2079
2468
2956
888
3822
290
3969
132
488
3705
1809
2575
1833
1468
2420
604
1571
2163
3609
3927
601
290
3172
1170
1197
1598
513
2887
2382
2201
2608
348
2379
2553
1204
731
1598
433
1062
4321
3890
