9949
5 116
5 195
6 242
9 236
8 283
3 196
8 501
6 469
7 945
3 847
7 313
7 402
8 899
7 868
3 4
4 883
2 14
3 982
3 3
8 868
3 913
2 568
5 997
9 266
10 525
3 762
10 392
7 101
6 121
6 682
5 165
3 803
1 578
8 445
9 590
6 659
4 475
4 35
3 289
9 430
9 123
3 399
8 690
2 131
9 279
6 80
1 867
10 38
9 576
6 235
1 810
6 741
1 23
9 985
9 433
3 608
9 687
2 603
7 489
8 591
5 679
5 234
8 262
2 458
4 160
8 160
2 462
7 254
1 959
8 451
2 363
1 324
6 152
10 775
3 833
10 321
4 633
8 124
6 716
5 198
4 852
7 348
8 344
3 882
4 642
2 323
3 961
6 547
10 841
1 266
5 293
1 221
1 368
1 876
7 884
1 89
4 864
4 448
8 387
3 448
10 598
7 643
1 123
3 848
8 346
7 60
3 173
7 848
3 46
3 722
8 674
5 972
3 900
3 766
9 494
5 810
8 403
4 32
8 572
5 667
1 881
10 532
4 696
8 657
4 771
3 255
2 713
10 145
2 617
7 102
7 590
7 608
4 448
3 947
7 31
4 361
9 588
9 28
6 202
4 442
7 126
4 99
10 541
9 646
2 309
4 880
10 297
5 963
2 240
1 455
3 995
6 8
2 852
4 841
8 351
4 909
5 902
2 128
8 115
5 3
4 612
3 415
9 22
10 135
7 839
10 853
5 668
1 491
2 210
1 33
9 842
9 456
7 34
9 834
9 92
3 345
5 817
2 678
3 2
7 455
4 913
10 26
9 551
7 758
6 375
3 246
1 365
9 527
2 354
3 984
10 649
10 191
1 236
3 329
5 54
10 695
1 747
2 90
8 467
5 98
2 923
3 82
2 577
7 979
4 193
10 22
7 303
1 313
7 932
8 360
6 819
7 234
3 867
1 726
10 398
5 939
8 758
7 903
6 864
6 42
10 851
6 57
10 882
6 120
9 72
2 290
4 457
7 627
7 181
4 731
3 296
1 761
9 19
4 379
7 181
1 908
4 38
3 206
7 298
9 710
3 442
6 38
2 324
2 673
1 192
3 144
1 24
5 394
9 268
8 274
7 266
9 943
3 8
3 229
1 58
5 831
8 967
3 100
8 706
9 30
5 86
6 439
7 173
9 997
1 573
10 745
6 154
10 412
4 967
3 320
8 994
5 944
6 834
9 743
6 215
6 72
4 264
5 804
1 219
8 64
6 859
8 666
9 560
8 855
5 979
4 104
5 632
6 513
5 367
8 472
7 636
5 314
3 293
9 49
8 917
4 72
2 297
2 248
7 483
3 763
10 212
5 440
2 959
8 282
7 924
3 378
1 63
9 102
3 923
8 615
6 185
5 682
10 159
2 138
4 823
6 854
1 467
2 829
8 75
6 259
8 232
2 857
5 12
7 694
8 838
8 998
10 148
9 141
3 350
1 762
9 9
5 309
6 645
8 183
10 823
5 122
10 672
4 963
4 553
5 896
2 657
8 879
10 747
8 120
1 581
1 730
6 567
2 207
2 159
5 497
4 160
9 358
2 436
6 955
2 286
10 873
1 513
5 924
3 954
8 768
3 969
9 186
10 284
10 546
9 806
3 179
10 483
9 193
1 500
10 694
9 889
1 440
9 268
10 209
6 642
10 847
9 843
2 586
8 773
7 415
9 78
4 940
1 541
8 626
8 330
5 113
1 540
8 97
2 244
10 338
9 211
8 241
3 282
7 827
6 402
1 796
8 451
10 185
4 336
3 627
9 797
10 929
5 508
4 597
6 608
2 738
2 595
6 418
9 310
4 928
10 859
9 866
8 583
8 543
10 385
2 90
5 960
7 858
4 740
1 979
4 698
2 866
2 477
8 298
3 383
10 169
4 534
6 459
10 170
2 622
2 465
8 915
1 518
7 991
8 683
2 992
1 621
9 84
3 914
6 515
3 795
4 73
4 611
5 248
7 415
2 395
2 568
2 168
4 497
7 284
6 969
9 749
1 57
9 629
4 86
4 100
9 508
7 516
2 960
8 57
1 250
4 651
6 23
9 325
7 391
6 43
8 47
5 106
8 5
2 623
3 715
9 494
1 482
3 716
1 384
1 805
10 37
7 675
7 808
9 96
1 367
2 560
1 494
3 231
2 127
7 342
3 664
6 759
2 149
7 371
2 534
2 864
8 668
8 608
6 959
3 728
4 432
10 602
2 901
2 449
9 286
5 171
5 959
6 292
9 713
3 702
1 726
4 81
9 935
3 883
2 224
1 567
2 737
7 419
9 200
10 575
7 894
1 954
8 707
5 410
10 339
4 803
2 630
3 771
4 707
6 925
9 531
5 41
3 100
6 523
9 19
9 111
6 64
4 146
1 54
8 143
1 419
4 917
8 149
1 705
9 714
5 233
9 637
7 819
10 554
4 519
5 608
8 855
10 10
2 127
8 581
1 204
6 515
2 633
9 397
7 758
2 327
10 920
5 820
9 69
5 804
6 816
3 750
1 340
9 683
8 905
9 142
2 528
9 372
6 678
9 36
7 184
7 731
6 785
9 191
5 230
6 744
5 913
6 40
9 409
6 326
10 674
4 367
5 924
7 994
6 53
1 181
4 429
10 155
7 598
9 907
2 907
5 92
4 73
2 433
6 211
10 275
5 732
1 849
6 598
4 285
6 673
7 724
9 851
7 623
4 899
9 820
2 869
10 758
6 583
10 985
2 253
3 982
8 446
1 739
8 662
3 986
1 928
1 994
1 907
1 571
6 126
8 960
3 594
4 451
9 348
7 920
9 379
9 907
5 262
1 811
1 104
9 865
10 616
2 810
9 402
3 321
3 857
4 80
5 690
9 445
5 332
1 640
3 543
6 969
6 678
3 608
8 352
2 532
8 1
9 118
6 85
5 842
9 318
6 535
7 450
3 413
7 80
7 498
10 203
8 791
2 737
10 16
3 188
6 104
7 386
2 141
3 358
1 324
6 858
10 861
9 693
5 544
4 660
2 85
6 268
3 38
5 884
1 170
3 868
5 467
5 991
1 844
1 378
1 234
2 819
4 823
6 782
8 457
1 62
6 431
8 782
7 104
10 988
6 686
8 141
8 650
2 902
5 843
2 686
2 844
9 347
1 28
6 863
2 34
8 9
7 644
4 64
9 251
9 428
7 152
4 589
3 978
1 931
2 89
4 90
3 687
7 564
2 129
2 813
6 329
9 427
10 497
8 348
5 63
2 616
6 588
4 12
1 442
7 986
4 340
10 534
3 644
7 148
10 329
2 4
3 375
8 54
8 126
5 121
6 975
6 93
9 121
7 134
1 152
4 936
8 439
5 941
2 455
5 951
8 961
8 299
10 615
7 462
6 206
3 19
9 882
6 530
1 536
2 813
10 801
5 71
9 848
5 352
6 900
8 877
3 610
5 287
9 429
5 452
4 19
6 193
7 829
9 63
8 595
9 488
9 173
7 725
6 521
4 778
6 14
3 677
2 738
10 772
5 696
5 878
2 566
1 180
8 481
10 514
10 59
6 596
2 348
4 50
10 175
7 247
4 400
6 59
9 381
1 461
9 821
3 800
1 710
9 685
3 254
3 883
7 978
9 37
3 124
3 906
3 304
7 457
2 898
8 505
2 448
4 251
5 948
5 102
6 21
4 871
8 708
4 871
1 755
4 624
1 941
4 844
8 504
10 613
1 740
6 291
3 502
7 581
2 616
8 957
5 555
3 194
2 220
9 981
10 542
2 147
5 76
8 246
9 612
10 642
4 418
6 783
6 866
5 875
2 733
9 144
6 865
7 450
9 653
8 696
1 209
1 546
9 956
5 296
6 713
6 169
1 563
10 17
10 239
10 950
1 759
1 389
1 496
5 495
4 188
10 977
10 497
10 949
1 2
8 101
6 858
2 178
10 650
2 933
6 160
7 860
9 547
8 147
1 560
1 447
2 108
5 697
4 426
10 505
9 790
6 638
7 653
5 693
9 460
8 859
9 469
5 661
4 409
8 166
1 583
4 732
1 963
2 61
7 980
9 622
9 660
5 59
10 158
2 545
2 421
4 426
10 357
7 146
9 846
8 472
2 431
2 227
5 742
9 354
9 167
5 774
5 255
1 175
5 905
9 596
4 753
2 330
2 890
10 549
1 522
7 594
2 234
4 129
6 740
6 764
7 46
4 797
9 370
6 280
8 603
7 3
10 275
9 225
7 86
9 204
10 776
7 101
3 2
4 344
3 379
3 450
8 855
6 859
10 81
7 696
6 414
8 857
8 332
7 861
8 111
1 932
2 285
2 118
6 409
3 302
2 235
10 916
2 123
7 362
2 564
2 846
10 951
3 85
3 178
4 376
3 921
9 314
4 694
2 799
10 880
10 801
2 464
10 910
2 102
2 726
7 985
6 758
7 578
6 435
9 585
1 736
8 351
2 730
6 933
7 620
1 996
10 36
2 579
6 291
7 688
9 534
7 484
5 974
6 624
9 284
8 355
7 66
2 489
4 608
9 693
7 271
2 392
9 437
6 933
4 708
5 332
10 755
10 400
7 944
4 997
4 108
2 217
3 872
3 128
4 622
5 977
6 456
4 307
6 465
8 658
8 513
1 295
7 133
1 38
5 92
4 428
6 520
6 67
9 631
7 26
9 160
5 320
1 719
5 750
8 856
2 145
7 108
5 155
1 270
4 825
8 438
2 993
8 825
9 485
6 581
9 759
1 200
5 386
2 755
5 660
6 866
7 306
6 775
4 1000
2 135
3 123
3 244
10 426
9 6
6 837
5 568
1 329
7 632
1 627
1 643
5 154
6 914
10 512
3 501
2 564
10 784
7 800
7 217
9 561
9 270
1 99
3 983
8 514
2 956
4 118
10 10
1 355
1 18
8 369
8 264
7 601
9 723
7 553
7 77
9 173
6 640
8 149
10 728
1 383
9 624
2 456
3 108
5 840
8 646
9 580
6 267
3 168
10 831
6 754
6 391
8 31
1 428
7 677
8 300
6 483
1 615
4 69
3 399
5 169
3 955
5 141
10 959
2 427
3 505
4 761
8 128
6 562
9 930
8 494
6 973
6 485
3 946
8 956
6 50
6 405
2 571
3 838
3 348
6 431
9 706
8 896
4 616
2 632
5 573
2 122
4 463
10 301
8 238
8 851
8 970
9 395
3 456
9 157
2 924
7 893
3 158
1 454
7 896
8 87
6 73
10 356
3 912
8 176
6 162
3 981
8 693
5 841
6 885
8 392
3 155
2 755
5 561
8 462
7 130
8 793
7 856
10 421
10 382
6 196
6 418
10 465
1 307
3 374
9 850
1 468
5 277
4 27
3 163
8 726
7 451
7 167
2 371
3 941
2 179
5 988
4 983
7 726
7 670
3 207
5 413
7 726
9 69
8 319
10 877
1 959
6 888
1 536
1 645
4 173
9 635
8 522
9 155
10 466
8 957
8 654
8 186
5 682
6 301
8 349
6 601
2 805
4 70
6 31
9 506
7 959
8 759
4 322
3 254
10 35
3 663
6 467
2 979
3 679
3 371
10 33
1 157
6 820
2 107
2 568
2 383
8 879
8 943
5 246
8 124
8 864
2 909
9 67
10 42
7 808
2 615
2 347
8 897
9 513
3 366
8 338
6 615
7 966
3 656
3 884
9 537
8 535
6 177
8 183
5 901
6 167
7 611
10 825
4 946
8 589
6 178
10 215
7 953
4 359
3 822
9 285
1 967
1 276
5 208
1 425
6 264
8 202
9 723
3 434
1 184
7 348
8 437
9 174
7 493
6 199
4 708
4 151
7 136
1 86
5 613
4 247
5 556
9 783
1 382
9 31
8 403
2 183
9 527
1 744
8 34
10 259
4 853
1 780
9 426
7 314
4 376
7 981
4 265
1 21
4 107
5 379
5 734
1 489
10 986
3 848
3 784
3 548
7 5
5 99
7 478
7 841
10 643
7 184
9 371
5 295
6 999
1 794
6 391
6 540
2 60
2 767
1 52
8 617
5 891
1 84
2 738
5 644
6 27
1 217
6 898
5 849
1 895
3 20
9 213
9 317
3 389
2 29
6 130
6 893
4 593
10 110
5 966
1 88
4 423
4 828
4 475
7 764
5 499
8 40
3 150
5 965
1 326
1 422
8 395
10 185
8 431
8 303
9 265
10 292
7 49
9 660
1 558
1 409
8 187
8 351
8 335
2 443
1 842
9 501
3 95
7 561
6 777
9 433
7 949
7 937
10 400
6 733
8 622
7 638
10 504
8 607
2 470
6 604
8 607
8 950
7 298
1 428
10 233
8 559
6 128
6 902
8 203
8 868
9 181
2 114
9 677
1 674
10 383
7 308
6 79
8 860
3 409
6 651
9 481
7 434
4 902
2 394
6 813
9 942
6 783
7 778
6 479
8 763
5 736
4 911
10 755
4 328
4 431
10 333
5 6
1 508
6 771
7 368
3 331
2 418
1 828
6 260
9 349
6 154
7 123
4 665
6 83
1 353
5 226
7 985
4 614
6 839
7 341
5 739
8 47
5 202
8 221
2 738
9 48
7 488
3 857
2 823
3 845
8 200
1 3
6 789
3 570
3 791
7 477
6 28
6 257
10 67
2 469
1 371
4 970
5 941
2 907
2 157
2 851
5 354
1 965
1 856
9 624
2 670
6 257
5 965
9 990
3 201
10 744
9 168
7 302
8 794
7 216
5 1
7 503
9 326
4 396
8 388
5 2
2 735
7 497
4 936
6 454
10 603
4 352
10 440
2 892
1 49
10 166
7 651
3 698
2 750
4 852
2 910
5 302
3 641
2 758
8 64
6 363
8 661
5 330
5 747
2 896
6 655
10 503
10 932
8 346
9 335
1 485
10 699
5 625
8 946
1 299
6 523
10 454
10 884
5 164
10 494
7 870
8 295
5 852
5 287
6 294
3 170
9 871
2 496
10 914
5 603
6 267
9 457
2 354
3 571
6 355
9 210
10 607
6 144
2 419
5 144
5 995
5 232
6 785
6 551
10 172
1 63
6 643
5 481
4 847
5 348
2 773
8 461
3 774
3 109
4 481
3 661
3 936
8 769
3 663
2 597
7 956
6 129
10 274
7 2
3 869
5 807
5 875
6 878
8 798
6 352
3 572
6 64
2 176
8 234
4 490
8 612
9 751
8 93
8 444
9 225
10 367
6 752
6 611
7 646
6 646
8 188
10 749
5 864
8 368
2 205
10 181
3 804
9 218
8 126
7 84
1 834
2 496
10 768
9 919
10 774
2 611
2 30
9 260
7 164
6 997
5 874
10 984
4 822
10 744
3 65
1 364
2 630
5 855
3 324
5 823
10 577
7 146
9 155
4 113
9 487
2 528
10 875
1 212
9 191
3 371
4 238
5 570
6 322
5 277
6 814
7 492
5 654
6 745
5 96
3 19
10 539
10 459
2 484
3 726
10 523
8 484
4 860
8 950
3 338
4 341
1 375
2 901
4 658
6 902
1 866
1 211
7 575
3 926
9 942
5 514
6 996
4 661
7 756
7 381
3 131
8 308
3 334
8 467
2 808
1 136
3 248
1 460
9 169
8 519
8 66
9 508
3 434
3 62
4 349
8 850
6 69
7 122
7 854
7 933
6 170
2 112
9 837
6 911
5 421
5 528
9 628
4 966
9 654
9 974
3 685
6 617
1 736
9 605
3 846
2 995
8 910
4 268
7 401
8 367
6 713
7 194
5 712
4 839
6 155
1 318
1 841
9 319
8 70
10 946
6 139
8 505
3 245
9 989
10 183
3 88
5 964
2 649
5 397
4 539
7 734
7 141
6 512
2 285
7 350
6 484
2 482
3 207
6 417
7 175
5 400
5 378
6 977
1 375
6 768
1 699
3 559
1 194
2 817
2 881
1 197
4 127
8 214
8 736
6 728
4 277
5 891
5 130
5 722
9 206
1 825
9 523
3 869
5 304
6 823
5 174
8 445
4 835
5 529
9 146
1 585
9 437
3 654
7 463
4 824
3 725
2 10
6 448
5 545
2 248
2 652
2 393
3 111
7 729
6 357
9 799
1 600
3 382
4 668
6 793
10 517
6 932
8 965
2 753
9 345
4 704
9 327
5 923
5 557
4 389
6 177
8 938
1 58
1 565
1 265
10 750
9 446
3 608
2 714
7 730
3 110
10 685
7 290
2 769
2 143
8 529
8 190
1 784
7 27
5 966
5 51
8 814
3 982
10 717
9 405
5 187
6 424
2 8
7 175
6 272
3 969
6 571
10 945
6 258
9 946
10 405
8 820
3 20
2 128
4 467
3 259
1 784
10 201
4 233
1 903
10 210
1 779
7 661
4 869
8 363
1 950
9 820
4 739
3 548
9 684
5 967
2 206
1 303
8 882
1 337
4 799
6 431
3 966
10 614
6 197
7 420
9 589
4 801
3 58
4 116
3 966
7 401
3 562
2 299
2 499
9 206
7 494
7 321
2 379
9 418
5 642
3 864
5 234
9 717
3 884
3 162
8 341
10 22
2 167
4 577
4 512
9 867
3 659
10 189
9 577
1 168
5 64
1 921
5 262
2 23
8 932
5 863
10 193
4 280
6 909
8 476
3 95
3 267
5 835
4 482
3 970
6 149
1 233
7 954
7 950
1 599
5 899
10 434
7 625
2 180
5 148
4 682
1 31
1 477
1 525
2 43
2 826
6 70
7 605
4 813
8 271
10 983
6 82
6 304
1 860
6 761
7 177
8 864
6 942
5 245
6 844
8 887
4 974
3 650
6 522
3 352
4 648
3 255
10 18
3 815
1 700
3 843
10 345
2 593
5 666
3 934
1 154
1 997
10 936
7 888
7 944
9 384
8 146
1 832
3 194
9 905
2 755
4 355
2 633
2 277
4 41
2 719
4 475
1 979
8 827
7 173
4 918
5 270
3 256
7 746
8 521
7 348
4 408
1 192
4 678
6 369
1 138
10 313
9 98
8 576
1 891
4 227
7 623
5 389
6 794
3 40
8 796
7 865
5 809
5 576
5 772
10 156
10 798
2 125
7 868
10 942
6 583
5 294
9 853
6 625
2 2
5 889
5 555
3 885
2 824
2 355
4 222
9 657
10 583
1 800
3 625
10 828
2 957
10 28
9 297
5 210
10 530
4 520
7 511
4 372
1 153
3 870
5 822
10 581
6 580
6 567
1 851
1 122
8 983
7 518
8 883
5 179
7 745
1 515
4 491
4 56
5 133
9 954
5 853
5 397
2 811
5 423
9 173
6 488
9 718
4 532
6 270
3 722
9 719
10 5
5 537
7 943
9 176
9 820
2 447
10 49
7 6
9 865
9 830
4 196
7 873
6 794
8 519
9 497
1 670
2 88
10 722
2 263
1 676
4 657
3 604
8 131
9 178
4 748
7 120
7 270
3 659
8 807
6 566
6 209
7 949
3 674
1 872
1 653
3 913
6 531
1 859
9 59
1 378
6 758
10 838
2 391
4 229
3 845
6 68
8 867
1 929
2 91
7 325
4 438
9 310
10 885
6 111
5 104
5 536
9 17
6 103
8 776
2 979
7 995
8 266
9 341
2 207
3 944
2 951
4 78
4 688
4 328
5 493
5 592
2 65
8 838
5 645
1 479
6 628
5 809
3 619
9 464
2 625
3 453
10 864
7 938
1 421
10 194
1 317
5 742
4 284
6 181
9 592
7 405
4 707
4 692
8 793
1 205
10 670
2 925
2 181
9 491
2 619
1 536
7 219
1 83
7 125
9 793
4 924
6 291
7 56
8 669
8 900
7 147
1 205
6 128
8 3
10 373
4 194
4 73
3 704
6 681
4 99
6 624
10 437
9 461
10 84
10 728
7 32
6 896
9 978
5 491
3 239
1 626
10 66
6 117
7 30
4 937
8 323
3 165
9 147
3 166
7 497
10 478
3 893
9 812
3 349
4 164
6 194
6 352
1 456
4 673
9 824
10 382
5 855
1 586
7 889
8 179
9 907
9 445
5 389
4 927
3 238
7 703
1 577
10 312
5 541
7 272
4 354
10 794
3 76
2 536
3 966
9 929
8 110
6 364
4 677
10 770
10 425
8 145
3 296
7 912
5 189
6 385
3 798
10 88
7 516
7 739
7 944
7 270
6 524
6 95
3 752
6 385
9 999
8 438
6 140
1 799
10 46
6 147
1 810
2 438
5 536
8 57
4 418
3 305
8 180
8 370
9 333
5 565
6 301
3 363
9 359
4 718
9 49
8 561
4 804
5 234
4 156
2 369
7 772
2 367
8 742
9 843
10 970
1 232
1 676
9 313
3 778
5 962
1 116
4 658
5 813
6 242
2 431
2 251
2 141
4 330
4 697
1 906
1 931
9 802
4 775
8 358
4 781
10 289
5 392
1 790
1 605
3 433
5 235
3 240
3 833
9 109
1 243
5 104
1 747
3 633
3 607
9 236
8 7
6 20
10 8
6 847
4 865
4 826
1 249
9 963
4 241
4 17
3 288
8 68
10 492
10 314
7 547
5 356
7 467
5 518
4 570
2 26
10 75
10 772
8 869
4 13
6 520
6 660
2 885
7 945
1 800
5 135
6 344
6 426
10 538
5 326
10 376
1 550
1 542
8 840
2 592
10 709
8 274
3 160
8 606
3 745
10 850
1 383
4 736
7 267
4 494
4 340
6 191
9 132
1 64
4 406
9 638
7 895
6 883
6 695
6 116
6 839
3 385
8 930
7 445
5 632
2 688
9 423
3 108
10 952
4 675
10 606
2 843
1 747
2 136
4 253
10 17
10 960
7 968
7 59
8 624
4 945
6 837
9 745
7 483
2 651
2 304
1 546
9 612
6 548
10 287
5 342
7 312
3 915
6 825
7 175
5 447
7 436
10 742
7 940
3 848
7 466
8 425
10 235
10 615
7 163
6 471
6 551
1 852
6 739
4 307
7 187
1 616
9 67
7 771
1 134
3 418
5 965
3 617
8 118
4 759
4 5
9 48
8 119
8 965
10 99
4 84
4 462
2 409
6 506
3 610
7 947
9 638
4 135
10 889
4 966
2 606
4 201
5 451
10 128
1 182
5 936
6 129
6 390
3 484
7 691
6 743
6 66
7 513
7 207
2 643
5 419
10 74
10 774
10 956
9 195
3 828
2 129
8 542
9 482
7 59
9 977
3 223
4 407
8 637
8 787
7 712
8 722
6 607
9 57
10 552
3 543
7 816
7 208
10 282
10 403
5 139
5 637
9 195
7 99
2 790
2 874
4 292
6 514
4 359
10 456
8 874
9 639
5 349
6 274
1 452
2 854
1 642
2 814
4 689
4 888
3 444
7 923
2 232
6 959
5 974
10 73
6 993
3 524
3 632
8 527
3 163
2 906
6 957
6 54
4 83
4 497
2 657
8 586
2 403
6 930
10 793
8 667
4 417
6 527
8 696
4 292
4 738
5 463
3 691
4 107
1 883
8 131
1 469
8 908
5 919
3 947
1 359
1 210
2 784
7 891
1 670
10 110
6 520
6 663
6 148
2 912
3 80
8 941
10 305
2 276
9 728
2 501
4 803
8 173
9 428
7 78
8 431
5 990
1 263
2 8
10 958
7 500
10 204
3 981
8 460
3 686
9 752
9 134
7 990
7 642
4 749
4 738
3 803
6 991
2 545
6 175
7 638
1 475
10 439
2 591
10 950
6 867
1 289
7 850
3 11
7 246
1 192
8 274
4 356
9 511
1 935
9 688
8 58
1 628
3 652
6 697
1 167
10 474
6 433
10 811
1 629
1 415
5 2
7 678
6 360
3 103
9 913
5 92
8 493
3 162
4 304
2 66
3 868
6 353
9 953
3 168
1 238
9 645
8 454
2 28
3 461
3 744
6 944
7 303
5 825
8 244
7 718
10 342
9 225
1 40
2 21
3 424
9 115
10 944
7 574
7 808
2 699
9 511
2 234
3 488
9 485
5 947
2 551
9 137
1 836
6 743
1 53
5 60
7 395
10 998
2 941
9 374
9 859
5 578
5 92
5 870
7 26
6 956
5 494
8 555
1 248
7 502
2 19
5 352
7 709
3 637
3 176
3 33
8 454
8 274
1 278
1 346
9 195
8 488
5 114
6 20
9 514
6 679
7 629
9 910
2 793
4 183
7 360
4 605
1 175
2 120
1 693
7 430
5 342
3 204
2 471
8 786
8 86
9 721
8 824
7 371
10 308
9 435
1 360
2 234
4 526
2 470
8 604
10 376
9 411
5 901
6 124
10 772
3 385
4 113
8 453
9 90
9 183
5 138
2 949
1 73
6 702
4 837
1 327
1 149
1 211
10 96
7 795
6 758
7 909
6 103
2 37
3 428
3 762
4 966
2 725
7 60
10 236
10 47
8 655
3 601
10 503
1 724
6 884
6 810
4 164
1 500
3 401
4 255
7 140
7 89
4 515
8 838
3 21
6 24
7 981
1 804
4 784
2 272
6 436
7 741
3 321
1 130
2 632
5 261
5 479
1 325
9 861
8 572
5 732
4 717
5 142
6 748
10 924
7 417
4 80
4 255
4 682
8 248
7 171
5 506
9 5
9 434
10 233
4 582
4 20
4 711
6 56
5 140
3 964
6 208
8 491
9 610
2 266
4 470
7 867
2 623
8 805
4 878
5 773
1 290
4 981
6 902
2 215
3 347
8 681
4 742
5 786
10 837
7 731
3 15
1 760
1 962
8 386
6 674
3 547
2 552
3 385
1 113
2 353
6 591
8 91
3 514
9 572
10 360
3 424
9 718
6 81
3 328
1 595
7 524
3 56
5 26
10 152
3 545
5 251
8 829
4 734
5 853
4 577
9 88
2 959
1 574
4 209
6 604
4 745
10 903
8 97
8 977
10 282
7 885
4 362
5 986
5 704
6 699
8 822
3 143
4 451
3 559
2 813
5 701
10 940
5 207
4 730
6 694
9 884
7 111
4 767
3 363
9 242
6 276
5 464
8 159
4 86
10 771
1 414
6 841
4 660
7 447
7 451
7 470
10 51
4 330
7 59
10 80
1 665
3 308
5 18
10 688
5 935
6 717
2 937
2 847
5 8
8 824
5 759
1 967
3 790
4 785
4 61
9 428
1 263
10 641
9 428
8 396
5 670
8 471
5 725
4 898
10 368
1 365
6 881
9 952
7 28
4 991
9 923
5 522
10 173
6 252
1 762
8 835
2 827
4 154
2 338
5 743
5 444
2 85
10 160
5 9
9 515
6 900
6 484
3 347
1 960
7 371
4 292
3 694
5 430
7 542
9 508
8 16
5 96
5 387
8 423
9 238
10 549
5 102
4 520
10 393
10 1000
5 830
3 473
1 494
5 290
9 210
1 256
7 548
10 795
8 55
7 147
2 909
6 790
3 178
10 614
8 746
8 898
9 755
9 375
4 459
6 709
10 538
6 491
2 143
8 575
8 670
7 360
10 167
8 568
7 885
10 387
7 946
2 125
1 545
9 707
7 64
4 568
4 664
8 41
1 10
6 210
7 350
4 204
10 336
5 27
8 906
7 314
3 104
8 170
5 381
10 651
8 322
9 431
1 588
10 275
7 738
3 549
5 332
8 118
1 683
10 899
9 656
5 351
1 821
1 654
8 626
8 490
4 717
8 398
6 442
10 798
5 619
6 813
9 945
7 878
9 922
4 219
4 851
7 840
4 909
9 896
6 560
1 318
3 376
5 410
1 965
7 75
7 296
1 945
5 602
10 227
5 265
3 145
6 351
3 536
4 271
3 547
1 309
2 318
6 576
6 750
9 533
3 929
6 381
3 862
8 543
2 744
4 712
2 821
10 631
7 509
6 902
1 870
3 646
9 973
10 695
3 106
3 402
2 478
4 344
1 823
2 679
10 66
8 617
6 716
9 132
2 319
10 542
6 706
5 524
7 227
6 374
4 48
5 715
2 679
1 78
9 11
10 424
1 299
10 393
10 787
8 747
2 741
7 430
5 463
1 389
7 122
1 82
8 296
3 321
4 363
1 774
5 355
6 873
7 867
5 346
4 255
4 690
10 725
3 890
8 925
5 477
8 127
8 654
4 900
10 250
2 156
10 809
1 458
1 893
3 816
10 205
4 760
5 671
6 296
4 303
10 923
9 269
3 736
7 232
4 332
10 552
9 770
4 531
3 475
7 985
7 586
2 938
8 158
6 353
8 147
6 102
5 610
6 651
9 968
9 594
10 456
7 814
5 223
1 629
4 264
4 748
7 812
7 933
2 917
7 967
4 610
1 491
4 52
9 553
3 329
8 223
8 260
6 540
9 260
3 115
7 748
6 995
5 354
5 631
3 527
4 670
1 700
8 338
4 644
2 873
3 837
8 172
9 304
3 855
7 614
6 965
1 303
4 60
8 153
8 911
2 145
2 561
1 442
6 282
3 649
1 411
3 247
6 392
9 252
4 988
6 787
7 742
6 652
5 960
10 837
8 43
8 751
9 241
10 343
1 70
7 215
5 1
4 771
3 70
7 427
6 54
5 904
8 913
3 490
5 638
5 690
10 99
10 608
9 389
8 994
5 380
2 896
1 203
2 928
2 147
2 559
2 297
5 418
6 563
3 318
4 800
2 191
8 964
2 678
8 778
3 255
9 894
3 783
10 780
7 601
10 776
10 506
4 729
3 425
10 196
9 79
5 626
5 304
6 165
8 658
1 931
3 807
6 623
7 278
5 197
5 271
8 706
1 82
1 918
4 310
10 852
5 680
6 110
7 194
8 599
4 817
3 992
5 546
4 337
4 457
8 546
4 655
8 422
10 182
10 501
5 476
7 788
8 25
10 528
4 452
1 742
8 618
9 155
5 695
6 240
7 403
1 186
5 144
6 568
1 949
5 785
4 463
4 716
8 366
1 934
1 270
3 38
10 141
9 871
10 800
9 589
6 521
8 833
6 936
2 703
5 943
2 297
2 574
4 411
9 796
6 301
1 375
6 425
7 968
4 858
2 546
4 95
5 541
8 903
10 582
6 772
8 91
2 681
7 697
2 238
4 305
10 189
2 449
1 894
4 856
7 10
9 205
10 591
10 565
2 593
5 711
4 946
4 177
10 364
2 50
8 858
9 475
4 500
6 829
2 982
6 628
10 342
4 492
9 658
5 286
10 471
1 996
5 635
6 712
1 413
10 885
7 239
2 589
4 157
10 510
6 86
2 448
7 17
1 128
10 540
10 773
7 569
10 528
3 913
10 845
7 49
7 654
8 899
8 732
2 214
3 842
8 195
3 642
3 867
6 851
7 189
4 736
1 522
5 787
3 530
4 452
10 486
3 546
10 555
2 241
6 475
10 501
6 77
10 511
2 707
3 295
3 488
10 793
2 680
4 892
6 919
5 945
8 959
2 106
6 638
3 332
3 325
7 349
1 666
6 692
10 822
3 8
9 164
1 596
4 478
10 186
5 552
9 707
3 942
9 479
1 81
3 776
2 586
4 375
2 200
4 211
7 961
8 965
3 935
7 905
3 460
3 511
8 162
4 248
8 385
3 265
2 552
10 645
9 325
5 835
1 527
6 256
6 910
8 86
10 399
10 483
4 703
6 913
8 220
3 848
4 83
3 222
2 628
9 60
4 756
1 926
7 972
8 654
7 976
10 122
8 506
9 764
1 339
10 614
3 601
8 943
6 113
2 69
1 211
9 268
9 158
10 802
10 29
2 150
6 743
1 409
3 614
2 259
9 821
6 464
7 932
3 537
9 973
3 289
1 513
5 581
4 941
3 736
10 164
3 7
8 329
10 320
10 3
5 904
7 707
1 928
7 115
1 171
1 832
4 468
3 613
10 221
6 474
1 494
5 342
1 507
8 764
5 543
1 489
9 632
6 38
1 417
10 47
2 125
6 840
5 519
2 913
5 834
5 463
2 36
9 441
1 960
3 974
4 627
2 85
4 413
6 519
6 17
9 529
5 201
3 676
4 982
8 586
7 764
2 116
7 774
5 95
8 151
3 349
5 282
3 95
10 973
10 486
10 903
10 389
8 841
7 415
3 1
3 775
6 841
2 780
1 23
1 978
8 983
8 969
2 582
1 124
5 242
4 144
1 469
7 446
9 149
8 730
8 666
3 578
6 627
1 31
9 267
2 390
2 628
3 180
2 48
9 323
1 10
4 494
10 103
8 805
3 103
9 525
9 188
5 631
3 970
8 123
8 432
3 533
6 598
5 217
8 995
9 607
2 154
10 272
6 285
1 432
1 97
7 862
1 992
1 239
4 854
7 388
1 748
7 431
10 189
4 964
4 964
9 637
8 303
7 91
10 252
6 770
8 182
4 26
10 707
2 169
10 185
2 393
2 102
8 561
2 498
6 59
3 187
7 92
1 390
10 782
1 292
9 540
6 956
1 228
5 513
1 41
7 746
3 240
7 350
10 306
5 569
4 829
10 43
3 719
3 856
1 981
3 393
5 769
1 444
3 139
9 602
5 29
9 992
5 279
6 76
8 589
7 817
6 918
6 280
9 986
8 554
10 744
4 520
3 415
10 544
9 249
4 936
10 997
3 223
10 933
4 601
6 956
10 884
3 233
10 855
6 672
2 327
2 217
1 622
9 157
1 497
1 944
3 18
2 739
9 901
6 691
9 34
9 687
10 510
2 508
7 928
6 153
2 987
3 751
8 709
7 244
7 862
2 885
6 638
6 511
3 877
5 659
3 879
4 492
1 482
8 537
1 665
9 407
6 808
9 841
1 328
8 309
7 765
2 219
10 460
2 44
2 830
9 648
1 126
7 645
2 348
7 98
3 845
3 745
2 749
2 344
6 555
5 46
1 951
9 221
5 241
10 952
7 602
8 751
2 903
3 113
7 828
6 139
9 396
4 292
1 420
6 572
9 690
10 639
8 860
8 105
9 891
4 296
5 262
4 393
9 39
4 195
6 498
1 361
8 943
3 132
10 822
1 655
9 145
8 263
5 978
1 8
1 141
1 645
7 412
4 57
10 41
9 693
3 663
8 496
5 808
4 182
1 292
5 703
7 202
10 943
7 228
2 623
1 832
9 458
2 868
4 531
6 703
2 208
5 798
9 1000
7 20
5 826
6 880
7 878
8 919
8 75
9 784
7 26
4 257
2 410
5 262
5 159
7 629
3 193
7 14
7 858
2 270
1 950
1 19
2 109
7 223
1 886
3 40
7 41
6 114
5 344
7 939
3 26
5 890
7 375
10 443
7 888
10 140
3 554
8 760
6 776
10 966
3 453
5 356
9 282
6 617
2 655
1 81
6 385
5 427
9 28
5 854
3 574
2 710
5 619
3 307
3 810
10 758
3 726
3 654
1 258
9 645
6 964
5 353
7 169
7 812
8 367
5 283
8 171
4 821
6 714
3 148
10 407
5 695
10 575
9 561
8 813
5 863
2 286
8 7
1 660
8 887
7 179
10 683
1 466
10 888
7 894
6 925
7 96
1 151
8 132
9 772
4 951
8 366
8 772
1 241
6 951
3 845
2 799
2 776
8 739
2 440
1 490
3 824
1 888
10 952
10 165
4 84
2 212
3 57
3 964
4 700
6 174
6 946
8 232
10 652
2 754
6 476
7 404
4 869
7 972
4 974
7 562
4 365
9 439
6 291
5 84
3 501
8 348
7 45
10 809
8 140
5 288
7 943
7 915
4 947
1 861
10 999
8 156
4 68
10 503
2 903
2 891
6 307
1 979
8 572
4 979
4 23
4 610
4 26
3 840
10 505
2 46
1 151
6 872
3 35
6 4
6 976
1 194
4 417
1 809
1 658
9 697
10 506
3 725
6 200
8 37
9 788
8 798
6 966
3 130
5 892
6 734
8 686
8 660
3 969
5 385
3 375
4 12
2 296
9 971
7 876
7 26
2 49
6 988
3 617
4 546
5 823
4 811
4 908
4 558
3 128
3 845
8 834
10 836
9 862
4 965
9 355
1 288
6 936
4 532
10 842
4 324
4 218
4 359
10 203
10 429
7 34
10 955
6 846
6 140
5 453
8 21
5 810
2 881
10 651
5 373
2 210
3 474
10 876
5 550
4 548
2 747
7 666
9 540
7 895
3 872
4 264
10 742
6 387
6 237
5 467
5 569
5 764
9 639
7 722
1 965
7 382
7 80
3 790
7 468
4 556
4 418
4 726
10 149
4 982
4 715
8 440
3 729
2 361
5 64
10 466
2 457
7 310
6 839
3 701
8 490
4 951
4 848
3 63
1 607
2 167
6 867
7 305
9 915
5 30
4 776
3 865
9 219
8 415
6 13
7 301
1 265
8 119
4 972
9 942
1 515
6 721
4 415
9 514
10 79
6 927
7 562
1 391
3 82
7 721
1 630
4 760
6 251
10 476
6 544
10 18
1 831
10 317
3 900
8 598
6 644
2 457
1 276
9 504
9 854
4 911
10 75
5 328
6 847
10 731
10 730
6 829
8 23
2 957
6 311
4 386
8 405
9 899
9 224
5 310
9 32
3 865
6 46
2 713
2 198
4 615
9 514
2 809
4 197
6 749
5 952
10 559
4 4
1 385
2 92
8 257
7 630
8 842
7 412
6 62
10 185
6 317
5 328
7 410
3 581
1 630
6 413
8 700
3 885
10 537
8 956
8 172
3 147
9 816
1 481
6 494
9 737
7 691
2 273
4 352
8 245
6 17
8 550
10 541
4 214
4 966
4 443
5 412
9 355
7 37
5 938
5 689
6 397
8 552
3 746
10 617
4 838
6 134
9 256
3 124
10 194
10 622
4 478
9 102
2 147
9 736
6 186
2 130
2 297
8 386
6 841
9 119
4 732
2 133
2 793
7 311
6 977
3 688
1 252
3 541
5 825
4 958
4 849
8 824
1 709
4 94
1 486
1 459
7 872
10 303
8 656
2 73
9 849
9 210
9 615
6 920
1 24
9 723
2 466
1 850
1 747
3 886
1 333
9 710
2 947
4 434
5 667
8 204
4 171
7 994
7 641
8 918
4 657
10 449
7 429
10 27
8 293
7 562
6 970
9 440
1 420
4 767
9 243
8 248
6 976
6 608
10 313
8 859
3 751
3 451
6 671
2 28
7 467
9 159
5 188
10 412
3 614
7 719
8 222
4 943
4 314
4 434
4 366
8 279
2 156
2 964
9 560
3 159
4 103
2 304
8 227
8 768
2 855
9 627
10 43
4 665
7 710
7 946
8 664
1 840
4 606
8 975
5 752
2 215
2 465
4 280
3 266
7 688
2 146
5 946
5 787
6 363
4 544
6 908
2 209
3 514
6 527
3 46
8 468
10 407
6 313
4 702
4 689
5 532
4 14
2 150
9 205
4 573
8 209
2 831
9 710
9 795
2 35
10 385
2 195
8 298
10 590
5 896
1 833
2 606
10 918
1 868
6 428
1 44
6 791
8 721
5 853
9 316
2 602
9 990
5 968
9 649
4 596
1 961
5 726
4 107
2 621
2 447
8 904
8 11
6 145
6 593
7 343
9 497
6 416
3 121
2 461
3 183
8 801
2 226
3 11
6 227
4 478
5 479
5 691
6 122
8 16
4 490
10 104
8 540
2 344
9 301
10 858
4 899
2 265
6 781
8 496
7 27
6 987
7 434
2 634
4 483
6 420
3 82
5 516
4 179
10 928
3 410
5 494
9 808
8 26
9 896
2 247
8 542
7 917
4 63
6 100
7 447
2 177
4 495
6 723
3 422
3 17
10 117
3 61
1 777
9 793
1 537
3 557
8 897
4 624
2 359
6 334
10 880
6 377
8 133
8 31
10 680
9 807
8 787
6 809
2 979
6 373
1 16
2 188
6 154
7 507
3 947
9 935
1 958
5 279
9 267
3 760
6 721
1 983
7 915
3 987
5 118
3 305
10 650
10 321
9 496
3 447
4 930
7 739
8 134
4 631
5 537
6 666
1 910
3 727
4 767
1 3
5 265
4 879
10 811
2 511
3 190
10 539
8 727
3 204
7 657
2 800
3 553
1 57
6 834
3 959
10 219
1 247
2 435
3 189
6 396
7 996
9 79
3 457
8 897
6 125
5 18
4 542
10 907
7 886
2 337
2 858
7 531
9 935
5 54
7 146
8 649
8 622
6 677
7 784
5 483
9 567
8 994
9 644
9 413
9 111
1 843
5 576
4 81
8 632
9 731
9 582
9 550
3 185
6 614
10 739
10 970
1 488
9 524
4 994
9 335
4 612
5 64
7 816
9 169
5 57
5 579
4 778
7 247
6 735
6 868
10 246
10 802
4 733
8 836
8 810
8 973
7 370
7 823
8 886
9 78
8 619
10 825
2 9
9 237
7 211
9 530
2 178
8 520
3 73
7 991
7 482
5 212
5 539
9 602
7 147
2 821
6 721
4 316
1 20
5 315
6 652
3 61
2 207
5 847
2 37
6 300
5 342
8 356
6 405
10 579
1 535
7 397
3 556
4 714
4 500
10 145
3 854
6 976
1 513
9 459
3 40
2 432
4 457
1 725
3 262
1 986
5 262
8 605
6 958
7 66
8 664
4 760
1 720
8 459
7 38
3 776
6 674
3 152
4 65
7 998
6 201
4 645
3 32
2 415
10 871
10 644
9 758
5 811
5 803
4 405
10 300
8 691
9 264
6 495
2 771
5 383
6 961
8 784
2 797
2 918
2 655
8 108
3 395
6 610
9 977
3 613
9 214
5 761
5 703
4 362
7 207
1 885
3 174
4 166
4 455
1 631
10 52
3 192
9 64
6 1000
10 904
5 620
9 864
5 125
4 617
8 677
4 25
10 627
3 42
4 119
6 682
1 286
1 858
8 322
8 768
3 663
1 259
8 450
7 326
1 282
6 304
3 515
8 620
7 474
4 846
9 347
5 75
10 463
9 115
3 811
8 484
8 747
8 756
7 644
9 67
5 392
3 526
10 704
9 52
5 630
2 492
2 380
1 744
7 632
6 100
1 70
5 176
4 386
2 990
4 967
9 504
2 66
4 323
9 363
1 487
9 938
1 578
4 917
8 814
6 756
9 382
2 724
2 903
3 18
4 156
8 717
7 945
4 433
8 183
9 329
4 332
1 592
10 1000
9 346
7 592
9 392
3 649
7 908
5 24
10 113
2 498
9 838
1 821
10 354
6 999
4 680
2 48
1 638
5 890
9 536
7 10
1 398
7 642
5 443
2 833
6 593
6 968
8 819
7 584
3 87
5 417
2 710
8 5
4 586
8 932
7 869
6 525
1 17
2 19
9 151
5 705
4 657
5 84
8 866
3 350
10 376
9 309
9 392
9 245
7 580
6 882
2 687
6 335
1 48
6 589
9 483
1 378
6 215
3 727
9 12
7 751
2 117
8 79
2 139
3 59
5 608
10 397
6 466
6 674
3 874
3 355
3 237
2 423
6 149
3 387
8 154
9 843
2 388
9 172
7 323
10 854
3 680
4 225
4 223
5 244
5 558
5 414
2 675
7 963
9 553
2 584
8 326
8 483
2 517
9 243
10 695
9 433
8 476
7 535
6 797
8 669
3 446
8 480
9 837
7 538
7 90
10 237
10 975
1 923
2 185
3 735
1 394
4 795
5 199
3 279
9 634
2 995
9 973
2 503
4 533
7 429
5 417
6 899
3 90
2 500
3 744
6 1000
10 859
2 42
9 731
5 81
3 67
3 991
2 358
4 786
4 836
5 358
7 466
8 63
6 59
3 391
1 321
1 453
3 515
4 345
5 716
5 576
9 18
7 935
8 998
2 536
6 765
2 543
4 777
7 448
6 894
2 192
5 887
5 342
8 241
3 418
7 810
7 9
7 496
10 54
7 450
7 746
10 384
3 470
8 13
7 442
9 998
4 441
4 153
8 266
8 230
3 17
2 677
2 861
10 426
1 952
5 124
8 467
9 908
1 355
1 677
9 903
7 696
7 485
2 388
2 221
8 917
2 70
1 535
4 590
10 956
3 855
4 965
4 594
9 864
3 838
2 338
9 814
9 105
10 995
4 16
9 798
3 243
3 837
3 157
3 702
7 967
8 492
7 942
9 276
9 552
3 227
2 233
10 646
10 488
5 324
3 950
9 741
8 911
1 665
5 285
7 777
1 189
8 261
3 418
7 529
8 262
8 938
6 546
10 885
10 514
3 213
5 391
7 186
8 856
7 722
6 698
1 952
9 121
10 23
1 176
10 300
4 338
6 674
9 139
6 28
10 341
3 99
8 20
2 777
4 974
10 965
5 544
1 117
6 146
3 866
2 709
9 885
10 541
4 840
3 289
7 102
8 918
3 288
2 27
1 181
10 1000
5 320
10 321
5 878
6 990
5 402
5 316
2 358
1 701
4 586
10 659
9 760
9 434
5 211
3 650
6 686
10 717
6 520
4 135
2 824
7 826
4 242
5 894
4 896
6 996
7 706
8 161
4 856
7 860
10 416
2 248
8 929
3 174
9 238
9 228
5 185
3 619
5 631
3 403
8 618
6 805
3 323
5 714
4 481
7 497
6 413
6 792
7 132
4 554
9 661
1 83
3 109
5 730
7 826
7 399
8 334
3 444
4 847
4 341
2 650
3 503
3 866
1 713
3 999
7 157
10 403
4 433
5 101
10 219
3 862
10 132
4 930
4 856
1 609
6 627
3 851
4 333
9 627
6 274
3 332
5 637
4 241
2 121
1 763
8 462
5 111
8 961
8 919
8 79
2 311
3 413
2 9
8 497
7 338
4 681
10 891
8 890
1 832
4 277
5 700
3 371
6 536
6 98
7 837
5 626
5 601
8 738
3 576
9 70
2 335
6 499
6 887
1 839
3 475
8 207
4 559
1 643
3 691
3 262
2 776
2 665
9 9
10 354
2 509
7 662
5 818
5 222
6 354
2 487
8 681
5 751
7 210
5 944
4 207
3 396
6 215
10 750
4 333
5 473
4 972
3 909
10 740
5 873
2 158
5 767
7 291
6 686
7 423
2 875
9 541
1 613
1 348
7 904
1 866
2 982
7 646
8 527
7 633
3 890
3 28
9 847
6 669
1 101
8 954
5 220
10 585
10 805
2 723
6 82
5 929
7 31
3 652
1 218
1 680
7 713
2 956
8 863
2 614
8 514
5 377
4 628
5 166
3 725
9 532
3 120
6 788
9 428
7 802
8 751
3 788
3 466
4 605
10 412
4 143
5 824
10 429
4 114
9 841
8 369
6 492
2 665
9 632
8 701
5 258
4 723
3 637
2 368
7 398
1 120
8 425
8 976
1 202
2 465
4 520
8 798
7 500
7 722
9 185
7 779
1 109
8 939
1 143
8 876
2 557
5 426
4 728
7 59
5 87
2 34
2 22
8 905
1 515
2 417
3 964
2 52
5 646
8 619
7 656
1 488
8 348
8 63
10 905
3 800
8 109
2 63
1 390
4 340
5 448
5 470
9 33
1 410
4 339
10 624
8 110
3 443
8 308
1 605
8 152
7 894
1 120
2 447
9 80
10 789
1 696
1 187
5 273
3 3
3 525
7 12
5 534
4 200
3 159
10 394
3 718
8 949
4 889
4 593
1 766
5 446
5 454
7 444
2 444
8 547
6 673
7 178
1 752
1 624
5 477
3 425
9 332
6 830
4 572
4 672
7 379
1 97
2 503
4 104
1 487
4 336
7 462
10 940
8 200
8 592
4 985
4 189
7 615
1 418
8 520
8 269
1 288
9 580
1 816
10 62
7 285
8 871
6 947
4 83
1 362
7 895
1 632
6 807
8 265
1 451
6 614
9 530
10 356
10 655
1 414
2 26
8 773
6 101
1 655
3 992
9 869
9 212
8 755
2 577
5 50
4 452
4 376
4 610
7 652
10 974
6 788
1 620
9 860
2 976
9 742
6 72
9 873
6 412
10 21
3 351
1 108
7 541
6 253
8 822
5 729
1 276
1 454
3 299
9 254
7 445
2 786
8 868
4 354
8 788
1 418
7 626
1 350
10 114
4 830
5 624
5 87
7 46
7 204
7 492
3 56
8 951
1 566
7 148
9 941
8 499
5 274
6 783
3 764
3 389
3 345
3 599
4 204
9 128
3 138
7 546
3 267
1 948
2 925
1 865
10 733
2 516
1 558
5 45
2 842
1 753
1 421
8 805
4 676
6 604
6 51
1 343
3 802
9 120
1 89
7 621
6 407
5 307
5 904
6 410
9 49
4 160
8 46
4 803
1 986
4 716
8 682
1 614
8 402
8 820
3 259
10 213
2 950
2 645
10 414
10 802
9 196
10 233
3 259
10 166
6 169
5 47
6 607
1 911
7 65
10 279
5 119
3 200
5 87
3 208
7 355
10 853
3 30
10 266
1 288
2 781
8 113
3 990
1 320
6 302
10 338
10 912
9 836
4 19
1 344
6 635
3 505
3 657
10 281
6 793
6 382
6 785
3 526
7 235
10 610
8 987
3 436
9 262
6 636
7 968
9 875
5 654
3 971
5 827
3 809
10 858
1 94
7 295
1 766
2 863
3 427
9 397
1 830
10 579
6 463
1 429
5 301
1 877
3 24
7 714
9 742
3 532
6 263
9 886
2 484
7 681
7 560
9 656
9 53
6 819
8 359
8 309
8 550
5 379
6 942
10 187
8 729
7 616
10 284
8 94
10 521
6 821
10 207
5 893
4 585
2 355
7 236
4 999
4 315
3 238
3 636
1 25
8 97
7 367
2 116
8 355
8 503
9 862
2 549
8 754
3 407
10 514
10 697
8 148
4 121
5 932
2 48
1 563
10 956
8 534
9 896
10 5
6 147
9 768
3 342
5 948
1 490
4 253
7 972
3 516
1 201
7 909
10 981
4 928
9 642
2 415
2 68
5 929
6 255
3 441
3 452
7 548
7 878
3 717
3 796
4 904
2 66
6 150
9 307
7 241
9 41
9 447
3 101
4 639
7 368
10 46
10 826
1 71
9 156
8 475
1 531
8 726
1 304
2 33
6 624
10 349
2 406
7 610
4 311
5 223
3 553
4 178
2 232
3 256
3 960
4 247
8 500
1 319
3 186
4 533
4 488
4 947
8 352
9 280
5 625
1 641
3 923
4 466
9 899
8 291
9 206
6 278
7 479
4 144
8 870
1 526
1 264
4 474
8 223
2 911
6 948
10 77
6 202
4 362
9 60
1 638
5 123
6 617
3 858
6 732
2 747
7 499
6 29
10 657
1 488
6 88
10 98
2 184
5 422
10 127
10 617
10 284
5 879
8 10
5 548
4 506
7 224
5 526
8 535
4 602
8 506
7 514
4 309
4 470
2 361
2 250
6 832
4 826
8 580
6 267
6 856
1 903
5 766
1 476
9 296
10 961
4 710
1 152
8 363
8 216
7 170
1 835
8 765
8 315
10 490
4 49
10 984
7 677
4 972
8 269
4 774
1 509
10 303
6 782
2 44
10 419
6 953
5 499
3 200
7 906
8 621
6 971
3 68
6 859
6 907
7 573
8 280
8 463
2 499
8 719
6 195
6 642
1 605
7 436
6 401
6 383
6 873
7 223
4 184
2 359
6 320
1 799
1 430
2 245
5 361
7 142
6 202
9 565
2 984
3 130
10 30
9 209
1 45
4 557
2 950
7 695
5 648
1 827
4 119
9 396
5 962
5 727
9 768
6 151
6 289
7 594
8 628
7 329
1 545
4 670
4 644
5 307
8 666
3 352
9 273
3 505
6 918
9 867
4 331
3 667
4 29
6 210
1 777
1 719
2 126
9 577
4 223
7 24
6 711
4 90
2 52
2 693
7 687
8 598
10 780
9 12
4 247
10 568
5 420
4 941
3 518
10 624
7 135
10 951
8 57
4 568
3 354
7 296
1 645
7 43
4 990
7 72
2 28
10 663
4 296
8 417
1 27
8 166
6 222
3 260
7 900
1 994
10 364
8 137
3 898
8 100
10 166
8 284
1 287
10 798
1 284
2 655
4 815
8 531
5 429
8 51
8 101
9 19
5 803
5 661
8 439
7 610
2 124
5 304
6 470
1 67
7 603
1 946
8 851
7 596
4 579
9 634
6 986
10 394
3 720
10 427
4 28
5 865
5 399
7 364
1 204
3 919
6 501
7 537
6 582
10 417
5 255
1 504
5 626
9 727
9 155
3 61
4 145
2 612
1 343
8 945
8 608
4 795
10 756
6 516
2 617
5 473
7 963
7 639
2 915
1 391
3 316
6 931
5 342
5 426
5 228
5 439
4 612
3 901
5 184
9 933
10 245
10 829
3 409
1 620
7 825
3 215
5 135
2 124
3 203
9 45
8 891
7 913
4 201
4 647
4 842
5 289
4 961
5 5
2 413
5 762
8 485
2 524
3 141
4 424
6 191
8 747
10 592
6 126
5 472
9 875
8 696
9 759
10 948
9 312
10 430
3 680
5 737
7 591
2 967
2 791
1 302
9 254
1 588
10 327
8 99
2 697
3 286
1 80
3 475
8 685
7 93
2 115
8 819
8 211
5 435
1 43
3 450
7 355
1 193
4 595
4 760
7 50
2 562
3 773
7 237
8 376
9 307
7 773
6 449
1 582
8 524
10 265
10 383
5 305
8 762
6 963
4 85
7 203
9 474
8 27
8 214
1 179
9 747
8 897
4 369
9 488
10 673
7 352
7 110
1 619
5 251
3 214
5 782
7 635
2 441
4 787
2 630
3 426
3 247
4 777
3 993
8 412
3 99
8 598
5 865
8 784
7 807
3 578
3 312
2 936
7 117
8 789
7 578
10 255
10 347
7 178
2 709
8 91
8 708
7 2
7 673
9 737
7 215
8 961
5 226
8 355
10 258
10 394
8 623
1 668
9 928
2 500
2 232
9 877
5 408
1 661
4 175
6 658
3 18
6 681
3 713
7 3
5 23
9 773
3 87
8 751
1 26
7 128
1 897
2 150
8 422
10 916
8 551
9 470
2 925
4 437
8 442
3 299
6 978
9 110
8 337
5 495
4 936
9 812
1 700
4 925
4 69
8 876
1 645
1 490
5 818
7 906
10 556
4 615
3 568
2 965
6 15
3 14
8 311
7 929
8 448
2 541
10 684
10 143
9 874
1 974
5 990
4 910
9 1
9 157
8 463
10 295
1 894
4 222
9 883
9 769
10 358
8 592
2 476
5 781
6 792
6 130
5 530
3 429
6 557
10 736
7 792
2 362
3 804
5 235
10 59
10 972
4 848
4 139
7 861
1 909
1 744
1 686
7 187
6 388
10 832
6 579
2 621
1 727
4 963
3 812
10 216
5 237
5 943
10 903
1 755
7 701
2 507
3 346
5 947
3 907
8 934
8 483
6 831
5 981
4 488
2 186
4 201
3 146
1 473
8 863
2 646
4 24
5 835
4 243
4 271
9 353
7 226
8 747
6 100
5 202
8 703
9 253
6 112
6 284
5 302
8 298
9 404
3 280
7 223
9 354
5 610
1 334
1 46
3 630
9 695
4 974
3 592
1 562
4 678
10 523
9 231
1 906
10 658
5 94
2 658
6 426
3 213
3 838
9 897
6 73
6 150
6 397
6 885
6 988
8 209
5 664
2 56
6 51
10 451
2 568
10 750
5 953
4 107
3 443
9 251
4 45
5 479
4 247
5 795
4 79
7 673
7 222
10 590
10 2
8 662
6 387
6 946
7 919
2 800
1 715
2 255
6 524
3 384
3 585
4 34
10 230
1 834
5 876
5 391
8 792
7 751
8 502
3 298
5 659
10 54
4 4
4 595
6 725
2 545
9 520
1 844
1 963
10 364
7 188
3 682
5 936
6 225
10 516
10 321
2 729
3 883
10 782
9 966
8 82
2 106
6 114
5 134
4 162
7 433
8 232
5 798
1 566
9 327
4 441
7 993
3 863
2 851
7 267
1 409
7 126
7 8
9 826
3 920
4 812
5 361
4 270
8 9
7 907
8 868
7 655
1 650
9 49
1 76
7 810
6 69
2 394
8 259
3 284
5 717
10 859
10 342
2 152
1 504
5 643
9 386
7 124
9 320
1 747
4 467
8 648
8 46
10 930
8 156
2 775
2 283
9 475
2 655
5 16
1 171
10 287
3 843
6 978
2 688
3 858
1 516
9 464
6 185
8 975
6 807
4 373
7 596
1 955
2 751
2 359
8 778
5 605
9 629
8 773
1 866
2 386
8 582
3 665
4 217
8 533
9 787
1 324
2 982
1 428
3 4
5 510
3 486
5 667
2 197
5 282
9 107
7 163
3 525
2 268
9 954
3 407
10 243
1 767
4 251
3 763
3 179
9 684
5 930
1 676
9 263
3 951
5 751
4 255
6 954
2 845
6 134
9 728
5 461
6 411
4 903
6 787
3 690
2 703
9 929
5 757
4 110
6 305
6 9
10 902
9 260
2 920
4 786
4 996
8 537
6 538
1 623
6 780
1 175
7 115
5 942
2 796
8 673
9 235
3 718
2 785
4 688
6 692
2 137
5 463
10 944
3 749
1 95
4 626
1 357
3 90
8 756
1 525
7 20
6 400
1 957
1 117
2 76
4 247
5 647
6 217
3 754
10 673
7 164
6 956
4 951
7 638
1 692
5 636
7 745
2 727
1 633
3 919
8 482
3 120
4 238
4 41
1 676
8 93
2 709
9 484
8 394
1 344
7 706
10 360
3 550
9 331
10 674
4 224
6 538
2 994
4 691
5 16
7 816
5 761
2 394
1 124
8 303
3 988
5 374
4 624
10 52
4 199
8 19
8 244
9 540
1 985
4 538
1 343
4 891
4 436
2 3
4 422
2 311
7 879
7 496
4 724
8 645
6 346
8 687
5 635
6 511
5 638
2 342
4 871
6 946
1 22
6 211
6 787
10 988
6 269
3 427
1 710
5 974
2 265
3 672
7 37
1 370
3 240
7 622
7 564
4 298
9 136
5 305
7 934
10 331
6 14
1 903
9 87
3 351
8 585
9 844
8 394
3 561
2 964
4 297
1 703
2 767
10 235
7 382
2 700
4 190
2 894
6 330
7 907
6 225
9 831
8 872
6 479
6 754
2 861
5 467
3 351
4 761
7 837
2 285
7 754
3 950
4 70
9 27
10 220
8 578
1 442
6 16
10 318
3 536
1 511
2 920
10 599
5 126
3 226
3 230
10 870
2 34
10 181
5 889
7 172
9 869
10 749
8 453
4 888
9 935
8 110
2 474
6 576
7 645
3 508
4 491
8 55
8 423
6 603
8 748
10 280
4 854
4 597
9 456
1 477
10 589
6 64
3 333
5 616
10 869
4 611
10 28
7 751
8 477
1 325
10 543
1 488
2 492
6 74
9 343
1 505
10 279
2 881
6 751
7 764
9 4
4 653
10 506
1 526
9 4
8 974
5 222
1 662
3 309
7 752
3 165
4 446
2 962
3 866
1 544
8 577
2 730
2 588
7 829
3 694
10 757
1 960
10 853
5 27
5 657
3 571
1 751
5 176
9 212
7 434
4 971
9 465
3 852
9 585
7 153
5 486
9 829
2 761
3 661
3 198
2 944
9 409
9 321
8 587
5 886
2 218
1 321
10 771
2 852
6 347
8 802
7 354
3 725
9 491
8 511
4 823
5 812
8 227
6 241
9 490
4 94
8 226
10 358
7 105
4 836
3 139
2 474
3 244
6 892
6 7
10 633
6 459
9 340
10 931
1 384
2 949
9 450
3 252
10 707
7 905
4 723
1 70
8 364
1 669
10 546
3 749
9 407
5 92
7 105
4 814
10 226
6 745
6 708
10 435
1 634
8 123
3 537
4 114
7 851
9 675
9 621
5 384
6 352
1 140
7 530
8 442
10 857
8 249
8 913
5 774
8 400
2 602
6 317
7 170
1 696
8 279
6 661
2 599
9 963
8 362
5 643
1 348
5 53
3 417
4 565
8 675
5 427
9 679
3 991
8 905
2 97
6 97
2 638
5 735
6 234
8 577
9 577
10 173
8 192
7 120
10 676
9 906
6 260
7 968
8 240
10 87
8 148
2 696
6 983
6 247
7 245
10 217
1 35
4 743
3 310
9 20
10 47
7 566
3 202
2 438
2 547
1 174
8 277
7 828
1 621
1 945
4 956
10 475
8 112
1 148
2 650
4 740
1 397
5 478
1 441
9 612
10 634
2 143
7 195
1 237
10 794
6 63
1 349
5 312
4 316
9 998
2 985
7 68
9 392
2 519
3 947
3 531
8 390
2 233
1 137
8 777
2 632
4 39
10 606
6 167
10 717
9 229
5 849
3 377
9 623
3 185
10 569
9 256
10 859
1 629
2 657
10 180
1 942
1 126
3 680
4 658
1 108
4 989
1 465
1 168
4 468
6 509
8 415
2 868
1 247
1 23
2 328
10 265
2 570
9 105
7 179
8 290
8 882
10 981
8 344
6 392
6 610
7 780
10 287
9 141
5 985
5 858
4 312
10 58
10 425
4 872
2 390
4 634
4 359
10 106
4 431
7 455
5 271
8 366
6 954
8 825
4 308
6 768
8 747
6 138
2 852
1 519
5 467
3 80
1 186
4 658
8 677
2 97
6 926
10 71
1 756
7 932
1 925
8 109
7 303
6 291
7 627
5 432
8 690
1 177
1 691
6 154
5 506
9 626
7 535
8 394
9 294
9 811
3 654
2 338
7 332
5 633
1 897
3 660
7 283
10 397
5 230
10 610
2 415
2 238
9 319
9 874
5 223
10 678
6 188
5 93
3 834
2 522
8 36
2 489
6 966
8 445
8 419
10 97
8 742
8 706
8 328
4 802
4 676
8 382
9 768
4 997
8 16
3 224
5 774
2 445
3 362
7 841
3 39
10 327
3 163
4 865
1 284
2 456
10 472
10 297
7 76
1 918
4 524
9 168
9 911
5 650
7 573
10 49
5 964
5 821
1 975
6 380
7 373
5 871
3 929
2 852
4 466
10 978
7 407
2 925
5 736
6 634
1 267
9 560
6 910
2 614
5 84
6 671
4 772
2 177
6 121
1 992
7 623
4 935
2 535
8 200
8 17
10 968
10 220
8 40
4 23
8 689
3 367
8 847
5 694
10 548
5 748
8 254
4 601
8 702
1 101
1 508
1 775
5 844
4 465
6 750
8 101
4 36
10 623
8 337
10 873
5 835
3 784
7 806
4 560
1 192
8 659
8 329
7 279
8 273
1 729
6 120
2 747
1 517
5 70
4 329
6 482
6 50
2 79
1 714
7 564
2 407
8 799
4 107
7 78
6 624
7 794
7 668
2 227
2 627
2 187
10 174
8 503
1 5
3 137
8 770
1 270
4 956
6 148
7 444
7 878
3 376
2 442
8 132
9 324
8 205
9 348
10 320
8 716
9 531
5 340
4 447
4 222
5 976
7 903
10 33
9 32
9 557
5 974
10 90
9 111
10 251
10 510
1 330
2 712
2 832
6 651
9 722
6 278
4 149
9 758
8 812
1 987
1 864
5 464
9 736
2 874
2 724
8 977
1 579
9 762
5 897
7 742
1 865
9 749
1 23
1 727
10 962
3 265
1 787
5 240
6 29
4 976
3 831
10 979
6 350
1 943
7 92
2 839
8 165
7 19
10 160
10 540
1 267
9 70
5 341
10 515
4 773
6 416
3 186
2 932
6 284
2 270
3 223
1 681
2 699
8 125
2 428
4 464
9 626
7 866
10 817
7 932
5 314
4 486
4 586
10 961
4 686
5 910
3 286
9 841
5 58
5 302
10 775
1 545
1 464
10 907
3 366
2 997
3 611
7 854
4 987
9 930
6 192
1 863
6 818
9 733
8 126
9 645
5 296
8 617
8 357
1 304
6 541
9 688
9 520
1 11
9 453
9 242
5 73
1 676
10 948
9 913
9 131
4 675
10 55
6 782
7 551
6 737
4 481
3 264
6 540
4 886
3 822
5 897
1 733
9 189
6 586
8 545
1 58
9 805
10 51
2 570
7 506
1 405
4 153
9 899
10 285
1 722
5 392
10 904
2 486
1 42
7 629
5 744
10 307
1 687
6 536
3 256
2 126
6 401
2 35
4 385
3 93
10 802
10 902
8 34
8 178
3 761
9 661
3 32
8 136
6 51
3 411
1 550
7 517
3 177
7 250
10 85
6 302
9 947
10 140
9 611
2 242
9 102
5 366
9 60
6 786
8 371
7 98
3 454
1 448
3 375
8 205
3 893
3 517
5 203
2 818
5 397
7 136
9 576
3 454
5 621
2 705
5 446
9 78
3 820
2 279
7 366
1 816
7 725
7 946
6 374
10 836
10 975
5 574
7 887
5 993
3 401
8 363
2 519
10 97
3 875
3 35
2 385
1 523
4 669
7 857
3 420
5 193
9 208
5 235
5 648
7 32
10 409
9 614
2 3
7 824
3 755
1 76
10 113
4 303
8 373
8 858
4 801
1 497
9 137
8 718
10 230
1 707
7 843
1 336
6 705
9 556
7 405
10 82
3 689
9 984
2 300
2 819
10 361
8 921
4 791
2 764
8 411
8 89
1 879
2 367
8 869
4 464
7 65
7 202
4 15
8 785
7 425
9 509
8 408
5 125
9 588
6 237
5 415
3 442
3 955
8 34
9 708
9 253
6 267
9 229
7 477
8 433
2 199
6 193
6 91
6 291
9 800
10 182
4 205
1 118
9 538
2 224
9 858
8 617
6 725
8 202
4 365
5 93
10 909
1 94
1 430
3 681
10 493
6 624
6 803
4 491
3 863
6 792
8 976
10 469
8 676
2 82
9 108
10 412
10 761
6 235
4 442
10 835
4 878
3 430
7 182
3 543
6 61
8 379
6 186
1 800
10 10
4 787
1 629
2 802
6 865
2 881
3 853
5 115
9 967
6 220
2 451
7 48
6 298
1 960
1 376
4 166
7 913
9 535
8 544
4 482
2 932
2 90
9 132
3 746
4 816
4 191
9 654
8 168
9 857
10 699
10 923
6 142
4 477
3 200
1 700
3 920
4 831
3 917
2 261
8 26
1 480
7 749
2 83
10 595
1 537
7 621
7 536
1 780
2 682
8 446
10 93
6 356
5 878
2 309
2 59
8 201
8 986
3 206
2 479
5 385
3 567
9 207
2 603
10 688
7 144
7 907
5 771
1 995
9 233
5 651
4 776
4 395
2 710
8 211
2 901
7 723
8 634
2 700
2 538
1 661
2 547
5 536
9 503
4 197
7 103
9 537
7 730
8 652
3 66
4 315
5 840
1 893
8 196
3 847
8 780
4 836
2 81
1 383
1 51
9 49
8 177
5 283
2 852
2 31
3 769
1 615
5 160
6 547
5 885
3 31
8 685
3 112
2 200
6 893
5 981
4 680
4 120
2 228
1 597
8 861
10 431
8 716
4 752
9 986
5 414
8 343
6 388
10 277
10 734
10 743
9 228
1 17
7 786
6 117
8 828
2 170
8 399
10 966
9 885
8 404
9 293
4 652
7 690
5 788
8 442
3 320
10 528
10 872
10 751
3 130
4 746
9 851
9 120
1 401
10 326
9 697
4 34
4 353
1 665
10 190
10 878
5 590
2 720
4 991
7 418
5 471
8 403
8 904
4 359
9 543
3 870
5 196
6 983
1 926
4 941
7 227
8 628
2 603
1 800
4 295
9 338
3 69
6 863
6 921
2 839
6 31
8 559
10 432
10 31
3 799
10 641
10 19
4 973
10 58
2 935
1 489
7 217
3 672
3 713
6 94
10 356
2 589
9 185
5 466
1 565
6 344
9 505
7 784
6 180
8 150
3 649
9 532
6 380
6 498
9 998
4 749
8 245
6 914
6 699
10 148
4 995
6 996
4 688
2 385
10 797
5 229
1 14
6 640
1 451
1 292
3 719
6 650
5 738
6 323
3 1000
2 846
8 900
2 886
7 322
9 908
2 399
5 242
10 491
8 719
3 991
2 532
10 3
3 907
6 577
4 819
6 750
4 677
9 376
6 598
4 141
9 525
5 335
6 941
8 366
3 781
3 196
6 512
4 418
2 128
10 452
3 968
1 44
2 460
10 722
6 399
1 110
8 502
5 331
10 246
7 584
5 812
5 199
7 448
4 326
3 84
6 131
1 97
9 660
10 647
7 262
9 437
2 384
4 461
3 924
6 530
6 304
6 277
3 509
9 973
3 581
7 86
7 477
10 316
9 554
2 910
10 869
10 547
9 49
7 203
10 951
10 684
10 879
3 201
4 986
9 398
9 731
1 865
5 385
9 434
7 640
6 625
7 667
5 815
7 190
3 314
7 374
1 682
9 491
4 497
9 429
4 963
9 498
9 547
7 441
7 538
8 809
5 311
1 270
8 205
1 930
7 665
9 37
10 589
2 171
2 256
10 556
10 518
5 332
7 662
5 887
1 829
4 876
3 231
10 164
4 534
8 897
6 334
10 353
8 196
5 204
9 843
10 147
2 237
9 69
3 536
5 894
10 363
4 35
9 96
1 828
10 443
9 779
6 195
7 265
7 593
3 386
3 673
9 996
10 627
3 279
4 469
3 205
10 459
9 560
7 180
4 164
7 978
1 996
3 579
7 614
6 945
4 686
7 587
2 577
3 874
1 43
6 990
1 86
2 989
1 515
7 97
5 558
3 962
5 109
3 927
7 848
8 886
1 880
1 435
9 844
1 275
7 463
7 920
5 659
7 770
3 991
4 35
10 930
2 357
8 23
4 956
7 207
7 823
10 199
1 362
10 897
6 169
3 939
1 42
6 693
4 662
9 558
6 677
6 65
9 612
5 969
10 583
5 151
4 326
9 422
6 518
9 907
5 840
2 641
6 392
3 866
5 870
8 48
10 163
9 146
9 688
4 429
4 211
7 390
7 783
3 334
2 479
2 643
10 689
7 262
2 665
10 364
5 713
5 495
6 830
5 726
3 661
10 637
5 915
8 555
7 915
7 761
2 965
2 975
2 177
8 794
5 893
4 715
8 177
2 937
1 535
9 724
2 463
4 438
1 399
8 604
9 1
9 104
5 820
1 60
2 84
2 440
3 49
10 759
10 68
1 287
8 419
7 328
1 499
4 213
9 82
3 929
6 557
10 346
3 858
5 111
8 791
1 351
8 588
5 708
1 845
1 233
4 63
7 758
7 838
9 142
9 775
5 72
8 895
7 429
7 886
10 569
9 559
6 363
2 590
6 277
7 741
5 551
5 329
5 267
3 954
7 770
5 922
9 516
8 727
2 160
3 498
6 806
4 94
5 612
6 543
9 600
6 986
10 293
6 497
10 768
5 349
2 958
3 157
10 831
3 665
3 858
10 982
3 57
2 911
9 912
6 495
1 47
4 503
7 336
3 884
1 83
3 874
7 953
1 568
5 406
4 669
10 935
10 377
5 465
4 412
3 492
5 141
9 366
2 527
6 942
1 532
3 628
10 77
3 463
10 325
4 244
4 520
8 342
7 818
1 292
4 717
9 856
10 502
7 43
7 807
10 506
8 526
7 807
1 127
10 959
9 825
1 419
9 419
4 198
4 836
10 560
10 425
7 965
10 64
1 571
1 970
8 75
4 982
10 984
6 884
10 263
3 975
7 252
1 84
4 75
8 929
3 212
1 385
1 905
2 55
5 125
6 965
6 179
6 467
4 596
9 94
7 146
4 462
6 172
9 139
2 40
1 814
4 692
2 343
4 974
1 981
1 934
8 238
2 372
7 102
2 533
9 290
6 782
3 148
5 74
5 422
1 596
6 388
10 753
1 930
9 98
10 488
10 514
2 884
3 681
2 309
7 236
10 581
5 113
2 717
6 563
4 424
2 124
3 581
7 730
9 852
8 83
9 42
7 810
8 58
5 400
8 271
4 122
4 642
6 866
5 581
10 896
3 185
6 132
2 559
2 126
9 6
8 246
1 656
3 474
4 532
9 329
6 239
7 348
7 179
7 904
9 341
9 440
4 715
3 398
4 242
7 787
1 643
5 788
5 911
2 263
4 650
3 666
8 483
5 57
7 109
1 615
3 920
8 125
7 270
9 908
8 845
2 406
8 258
4 464
7 921
3 70
7 978
8 702
5 336
7 425
4 435
5 443
3 73
3 711
5 318
5 851
4 501
7 208
6 206
5 209
7 608
8 286
8 933
1 245
10 421
5 880
1 104
10 542
9 389
9 363
4 648
1 436
1 764
7 422
1 625
2 681
2 914
6 729
7 32
1 128
6 309
3 233
1 164
1 628
9 594
6 877
1 722
10 475
3 473
4 857
10 996
9 751
10 747
7 294
7 831
2 105
4 265
10 496
6 587
2 332
1 475
5 820
1 286
8 896
2 998
7 952
1 163
4 202
2 158
9 723
6 668
4 564
8 733
6 808
10 725
7 467
1 417
7 823
5 71
5 602
2 756
10 189
9 177
10 49
9 599
4 143
1 964
10 430
6 395
3 428
5 90
3 424
5 918
7 485
3 559
1 512
10 528
3 308
3 472
2 366
8 669
8 886
5 764
9 146
5 236
10 206
4 665
7 736
8 824
6 47
5 315
3 3
5 629
8 6
9 636
3 620
3 950
8 142
4 936
4 556
10 566
8 267
6 670
3 286
1 569
6 374
7 178
6 924
5 874
8 694
4 663
5 841
6 616
4 211
1 507
9 76
9 237
1 759
3 253
1 244
4 553
2 300
2 677
2 535
6 540
5 522
5 48
9 217
8 324
7 618
9 147
5 83
4 223
9 209
9 981
3 179
5 164
5 120
5 604
10 862
1 382
9 59
2 362
8 851
10 248
3 615
8 443
7 293
3 833
1 558
8 370
5 628
8 660
4 136
1 558
2 272
10 927
9 465
5 164
7 145
9 568
6 479
3 857
6 324
1 255
7 855
10 255
2 149
10 289
10 931
6 133
2 882
8 315
9 168
1 103
1 505
6 219
5 844
3 155
3 639
3 595
4 132
7 661
2 284
2 324
1 32
3 947
4 246
5 725
7 420
6 310
5 320
9 874
6 531
2 995
7 863
5 618
3 565
7 216
7 192
5 57
3 407
8 531
10 490
6 102
4 883
10 855
2 228
4 516
10 619
10 909
3 627
8 56
6 451
6 433
3 52
4 542
1 625
9 304
10 718
3 380
10 512
10 543
8 810
10 471
3 945
6 80
10 158
10 808
2 540
7 418
5 104
3 981
1 817
8 971
5 848
4 868
2 663
4 849
10 998
5 623
2 778
1 438
6 920
10 365
8 941
8 784
3 789
1 228
4 22
7 812
3 243
5 699
7 808
3 640
2 440
5 67
5 8
9 700
7 562
4 975
6 696
4 784
4 295
10 381
9 223
3 5
7 331
6 333
3 469
5 247
6 60
9 547
3 360
3 752
8 38
1 68
3 767
3 25
4 680
6 567
7 566
2 884
2 584
9 994
5 26
3 91
9 925
1 949
4 577
10 584
4 903
9 699
9 202
3 500
7 788
2 757
5 81
9 758
5 360
2 171
6 186
2 41
3 697
3 790
5 52
7 528
6 788
3 387
9 667
9 395
1 668
9 888
4 751
6 917
10 532
4 974
1 215
1 694
6 235
8 464
4 658
4 607
10 540
1 113
7 798
1 369
1 74
3 288
6 567
3 609
1 167
10 575
6 786
3 334
5 837
2 587
9 314
5 269
9 278
2 440
4 466
6 513
6 892
4 632
7 312
3 510
5 414
5 230
1 325
7 294
4 112
2 250
5 885
5 422
3 601
6 959
2 745
5 433
10 36
3 908
1 976
7 486
7 337
2 913
1 654
10 147
9 690
4 706
5 334
2 262
2 345
4 207
2 50
4 663
10 212
4 916
6 413
7 157
8 658
5 104
7 265
8 139
2 643
4 817
6 596
5 365
8 808
8 353
6 658
6 681
1 327
10 632
2 478
7 6
1 580
2 886
8 349
2 826
7 112
7 53
5 382
1 13
1 250
5 138
10 520
7 677
9 573
7 731
5 728
10 72
3 187
2 464
3 727
5 608
7 705
4 561
4 936
4 916
8 333
9 994
7 1000
6 240
7 3
9 506
5 14
8 901
9 424
8 138
9 574
5 387
10 896
10 460
1 105
7 448
3 364
5 173
3 902
3 541
10 193
6 335
2 18
10 1
7 819
7 798
5 407
7 42
4 230
7 966
8 161
3 257
6 496
8 809
3 565
10 292
9 931
3 957
4 516
6 365
2 990
7 513
7 264
3 381
5 912
9 675
2 477
2 325
2 784
10 598
6 422
10 634
9 429
1 85
3 169
2 540
7 742
4 476
4 62
4 309
5 326
10 707
6 889
9 482
8 937
3 188
2 15
2 914
4 828
3 614
2 398
6 531
5 615
6 720
4 681
1 980
10 235
8 184
8 847
3 713
4 679
3 284
6 909
7 849
2 819
1 162
5 863
1 929
6 379
6 694
10 899
8 765
4 987
1 405
6 70
9 295
9 910
3 890
8 350
1 392
2 360
4 447
1 942
1 276
2 577
10 379
9 627
10 59
7 209
9 38
7 279
3 566
7 990
5 607
10 475
6 380
5 928
9 95
9 239
9 824
9 571
8 400
4 5
9 954
1 648
2 902
9 659
4 272
7 797
9 849
10 794
9 624
9 630
8 777
2 35
5 833
7 481
4 295
2 76
3 303
4 493
6 660
6 264
10 864
7 409
9 125
10 171
1 175
10 112
1 566
5 133
9 49
8 3
7 434
10 620
1 229
1 68
4 778
2 998
1 419
1 744
10 542
5 564
8 42
7 548
5 730
3 721
6 691
7 666
6 847
5 598
2 246
6 333
5 494
6 178
6 889
8 254
5 415
10 362
4 934
8 91
6 907
10 153
5 779
9 699
7 10
4 464
1 711
6 438
4 781
8 530
6 16
7 139
1 609
6 452
2 683
3 148
6 641
9 127
4 830
6 526
3 387
9 926
2 266
2 823
2 327
10 46
9 630
3 362
7 40
7 213
10 268
10 381
9 704
8 265
4 744
6 664
1 508
1 81
1 59
9 551
5 525
2 199
2 957
2 583
8 24
7 733
8 21
2 649
5 774
6 530
2 510
7 95
5 927
3 611
9 921
9 522
5 330
5 794
8 368
4 714
4 729
6 770
3 964
1 69
6 71
9 846
3 221
5 844
9 977
7 801
10 405
8 118
1 808
8 77
8 83
5 880
4 433
6 624
10 582
5 289
6 427
7 439
4 937
1 399
1 497
4 726
4 845
5 723
8 590
1 877
4 204
10 137
2 534
4 195
10 463
10 379
1 950
7 753
1 908
9 644
10 818
4 678
8 671
9 599
9 702
7 176
8 861
3 803
10 979
6 241
4 526
10 710
1 641
5 3
5 598
8 556
9 664
8 706
9 922
3 268
5 346
6 722
1 867
1 169
4 60
2 618
4 434
2 403
9 57
5 411
3 804
2 12
7 411
10 592
4 661
1 143
4 647
6 668
5 771
4 172
6 393
10 809
6 825
2 964
10 216
9 711
3 236
8 466
9 49
1 595
5 566
9 753
9 982
3 446
10 353
1 33
5 528
1 567
5 818
6 573
10 797
5 999
7 638
6 728
8 852
10 85
7 275
8 39
6 145
6 741
4 332
6 268
7 967
6 731
7 767
3 540
3 792
4 697
1 468
1 52
5 352
9 371
2 523
6 429
5 226
2 208
9 19
7 839
5 68
9 956
1 439
5 513
5 874
4 464
1 332
3 15
5 445
4 527
8 804
7 100
8 758
7 158
5 840
1 656
9 453
6 102
1 96
9 669
8 714
4 860
10 640
7 383
3 694
1 314
2 165
1 238
8 365
10 971
1 484
10 393
3 716
4 437
2 795
10 662
3 64
3 68
5 515
2 989
9 693
7 982
1 907
2 884
3 718
1 262
7 995
1 636
8 703
2 162
10 543
7 123
7 396
10 286
1 133
1 540
2 971
5 671
8 831
2 829
1 716
3 682
8 239
6 891
8 947
5 164
2 382
9 545
8 641
5 949
8 245
6 552
4 176
9 141
8 205
10 225
4 28
7 34
9 522
1 555
7 49
4 906
9 200
2 468
5 993
5 645
3 571
1 70
7 453
1 924
3 522
3 585
7 592
5 78
9 30
3 328
2 615
7 982
7 246
6 415
8 374
3 372
1 730
9 567
6 751
8 587
8 748
1 637
5 151
8 790
9 585
10 605
4 253
5 201
7 714
4 386
9 354
7 810
9 913
3 710
3 344
9 145
2 976
5 475
3 305
7 495
8 294
9 563
1 224
5 903
5 51
10 165
4 259
6 651
4 927
5 526
4 707
4 358
7 127
7 136
7 96
10 149
3 473
1 182
6 944
9 137
7 174
8 241
5 21
8 814
10 906
7 738
2 328
7 116
8 838
3 557
6 716
9 290
1 339
9 682
3 885
9 497
4 597
7 246
10 61
2 147
1 45
6 788
10 947
5 347
9 425
4 656
1 834
1 808
2 971
10 295
5 212
5 228
9 717
5 71
10 741
4 36
10 779
10 520
2 959
1 466
9 153
2 623
1 654
3 474
4 857
5 260
1 601
7 388
10 932
8 684
3 546
1 333
8 682
6 715
2 540
4 296
5 937
7 593
5 661
1 15
3 473
10 995
8 788
6 639
6 427
3 191
2 359
4 106
2 910
7 28
9 33
3 70
4 347
5 809
9 515
1 82
8 132
5 898
4 59
4 336
10 956
1 35
9 913
6 571
1 927
3 916
4 821
6 844
6 555
10 451
4 979
2 422
7 719
9 601
5 429
4 456
7 963
2 123
5 396
7 673
4 177
1 854
4 610
7 520
3 277
5 771
5 445
1 234
9 614
7 365
9 845
9 315
8 583
9 743
10 981
8 84
1 999
5 785
1 892
4 6
1 369
6 43
7 751
3 92
1 252
7 826
10 1000
1 399
8 532
5 483
10 542
8 124
3 528
7 15
10 727
8 682
4 378
3 400
1 930
10 412
4 607
6 856
7 655
8 782
1 723
1 11
6 886
5 219
7 201
5 653
10 470
6 995
6 147
2 637
1 196
10 161
5 772
5 188
3 442
8 171
1 494
3 753
5 256
9 726
6 668
1 382
9 388
9 791
6 130
8 54
2 793
6 723
2 94
5 522
9 287
8 118
10 904
6 25
9 206
2 267
1 797
8 698
3 666
2 165
2 780
2 792
2 101
2 242
6 215
8 713
5 304
4 287
7 741
3 287
4 928
3 960
4 466
3 694
4 920
7 530
1 233
3 360
8 453
2 798
5 380
1 706
9 185
8 604
10 882
3 642
2 170
8 440
1 143
9 72
7 666
9 303
1 149
8 256
5 603
3 449
9 901
3 579
4 274
4 270
9 368
2 106
8 932
10 865
3 257
1 943
7 215
6 404
2 336
9 97
4 243
6 847
7 231
6 63
4 627
9 91
3 829
2 970
7 903
9 487
5 321
8 371
10 243
9 229
2 361
10 23
9 244
10 100
6 963
1 225
10 981
5 881
8 256
5 217
8 878
7 621
3 479
2 295
7 660
1 407
2 529
5 481
7 576
3 711
4 571
10 183
3 669
8 639
1 928
5 320
4 941
3 344
2 337
10 524
5 367
3 793
8 20
6 480
5 856
3 471
1 134
8 475
1 872
7 312
10 558
8 890
9 972
4 128
10 372
5 472
1 862
9 501
9 11
1 65
3 486
4 772
4 846
1 840
7 243
9 900
5 390
3 834
7 489
4 748
5 585
4 188
6 389
3 511
4 346
5 197
6 317
9 613
10 25
4 615
6 243
8 930
7 771
9 619
4 309
1 966
10 555
9 575
9 535
3 53
3 626
6 626
5 964
6 218
3 399
10 455
4 88
5 560
2 953
10 147
2 968
10 107
10 725
7 324
3 327
4 803
8 777
1 854
5 869
3 942
4 804
4 982
7 468
2 7
1 944
9 358
5 264
3 868
1 708
9 837
1 791
7 947
4 545
1 551
8 314
3 478
5 922
8 201
8 857
7 198
9 877
1 500
2 486
6 877
10 860
8 645
7 794
7 326
1 536
5 87
1 669
4 548
7 266
8 294
6 348
6 614
1 303
6 925
3 111
3 164
4 433
4 47
8 97
7 983
10 172
8 933
9 857
9 745
7 769
7 997
4 163
2 227
4 375
7 639
4 221
10 136
5 589
7 478
3 117
1 425
9 477
3 627
7 551
10 767
9 982
9 15
1 377
10 748
5 988
2 211
8 676
2 925
1 234
9 243
2 630
9 325
6 997
9 785
9 770
10 87
10 57
6 856
5 307
3 576
9 103
5 578
5 675
9 322
7 417
2 979
6 29
4 16
1 462
8 938
5 684
4 445
2 419
7 728
6 383
5 613
9 480
9 127
7 379
8 852
3 909
10 689
9 228
10 536
1 808
8 726
9 663
9 847
10 371
7 973
10 251
3 165
6 84
5 194
7 511
10 27
3 836
5 767
5 36
3 474
2 55
1 694
4 102
9 344
9 184
5 354
4 167
5 720
4 807
6 130
2 992
1 744
2 511
7 526
2 901
10 156
7 90
3 13
2 581
2 746
5 922
10 282
7 12
2 785
10 407
10 283
1 198
3 941
8 345
7 111
10 640
1 647
1 213
7 725
2 956
10 488
1 544
8 442
1 276
5 62
6 567
7 184
8 762
5 911
1 537
9 725
4 955
5 843
2 900
3 652
10 609
2 601
6 602
7 464
5 198
9 649
5 802
4 975
3 873
10 980
1 371
6 530
7 698
4 73
9 152
9 657
4 930
4 613
9 284
6 728
5 940
8 557
2 77
4 840
9 488
4 14
3 92
8 296
10 142
2 456
4 785
1 582
2 473
3 905
3 519
6 366
8 788
4 842
2 828
2 737
8 282
10 135
5 932
9 943
1 476
7 388
5 878
8 789
4 384
5 907
2 339
5 145
10 145
1 931
4 906
3 533
10 229
4 462
7 855
5 814
9 459
6 801
5 337
4 97
5 200
8 260
2 821
1 795
5 13
6 743
1 985
8 152
1 866
1 256
2 753
4 359
6 661
8 509
10 405
1 389
9 260
10 562
6 735
10 920
5 480
4 193
1 304
4 470
5 703
4 146
5 760
4 521
9 199
6 919
1 263
1 585
3 283
10 899
1 843
8 292
10 111
1 688
4 805
5 923
3 852
10 337
8 407
3 569
9 745
4 757
3 703
8 826
5 675
8 800
6 374
3 834
10 858
8 677
2 272
7 794
8 621
8 220
7 402
9 905
7 76
3 801
10 743
6 251
7 398
3 564
6 323
2 459
5 780
7 183
4 547
4 633
1 23
9 688
4 318
7 978
7 922
3 948
5 702
5 821
7 351
5 47
8 242
5 768
9 753
4 78
2 423
7 36
10 95
2 99
8 84
9 773
4 173
3 92
9 124
5 70
10 959
5 605
1 605
10 24
3 952
9 150
4 546
9 85
4 107
2 670
6 529
10 958
6 945
4 539
7 475
9 70
10 285
4 924
1 530
4 423
3 196
6 129
3 383
9 769
5 285
1 850
2 169
1 616
9 158
9 522
9 905
6 277
8 325
4 771
10 440
4 428
8 729
8 529
7 410
7 163
8 954
2 451
7 262
5 663
8 196
4 677
8 793
4 539
5 606
10 956
8 564
5 715
4 778
9 948
1 593
5 275
2 719
3 732
4 492
7 880
9 875
6 277
6 727
8 96
7 725
7 91
5 979
2 749
4 293
1 437
5 917
7 305
8 675
9 153
4 722
9 481
9 332
8 612
6 732
2 838
6 440
5 420
6 657
7 166
6 343
5 241
8 846
8 198
2 284
6 651
1 497
7 916
4 922
8 341
4 269
1 59
3 276
7 454
10 395
8 75
4 633
2 431
10 306
7 919
7 247
2 764
6 146
5 658
7 208
9 669
3 790
9 824
10 986
9 952
3 655
5 404
5 983
5 30
8 271
4 265
8 768
8 992
10 408
7 836
10 698
5 632
7 611
4 248
10 611
8 471
3 649
3 46
6 621
1 703
9 479
8 255
5 530
3 773
9 384
3 410
4 991
9 954
6 459
7 502
9 273
5 654
5 577
6 805
1 354
9 413
8 567
6 22
2 478
10 297
1 938
5 570
10 325
5 257
4 202
1 846
7 779
5 243
8 18
4 765
4 441
7 41
1 472
5 272
6 669
10 107
6 593
1 630
8 388
4 55
2 123
5 204
9 773
10 129
3 542
4 115
9 158
3 611
9 910
6 310
7 296
6 31
4 921
3 499
8 990
4 800
1 65
6 152
7 983
2 875
4 1000
6 794
2 38
10 760
2 322
10 789
7 436
9 881
2 589
10 745
9 999
5 86
10 841
9 685
3 717
3 484
3 256
2 215
1 726
4 898
10 871
3 552
1 355
2 348
9 744
4 534
6 688
3 21
4 471
6 944
4 979
1 294
3 425
3 661
6 494
9 533
2 613
9 744
10 368
6 48
4 252
2 316
6 908
2 869
3 912
2 306
1 643
9 262
10 391
7 559
7 749
2 674
7 861
8 43
9 396
2 215
5 355
2 219
3 825
6 949
5 577
8 835
2 395
10 269
2 33
3 27
10 548
6 935
4 578
10 172
3 511
3 359
10 631
8 736
4 593
2 228
10 924
2 775
6 850
8 137
8 308
1 581
3 397
8 697
4 998
1 997
6 517
6 824
4 715
10 922
2 649
9 757
10 980
6 938
6 437
4 1
3 56
4 851
3 815
9 845
6 92
8 252
5 732
7 711
2 859
6 43
6 798
2 188
10 438
7 256
7 29
4 202
3 614
2 431
8 778
7 720
10 212
10 558
2 2
4 198
5 949
10 687
7 483
4 245
4 455
2 436
4 713
3 923
8 485
2 584
7 488
8 24
1 201
4 458
8 806
