9057
4 35
7 531
2 279
10 511
7 145
3 87
8 398
4 790
2 754
4 192
8 974
1 761
2 703
9 167
4 265
8 171
1 175
7 931
9 390
5 413
5 846
7 81
10 216
10 371
10 695
5 27
6 512
2 97
1 250
7 63
10 508
6 145
2 266
8 193
1 830
4 940
4 18
8 335
5 4
9 295
6 400
8 475
10 178
2 993
1 811
4 110
3 906
2 696
6 690
3 610
6 362
4 948
5 158
2 31
9 802
6 104
6 745
2 48
1 32
4 637
9 535
6 114
9 375
2 846
6 719
7 860
2 375
4 11
9 124
9 407
4 24
2 382
4 281
5 288
2 5
9 651
5 596
2 700
5 212
3 332
4 235
8 162
10 291
3 974
3 98
5 759
8 207
1 660
3 468
3 81
2 318
5 909
6 310
9 201
8 112
5 962
9 282
2 225
2 866
5 707
8 911
3 146
8 621
10 90
4 829
10 382
8 504
3 635
9 753
3 35
10 229
4 800
8 599
2 33
1 571
5 241
7 634
6 227
10 520
4 812
7 449
6 720
1 520
5 73
8 179
10 735
4 688
2 908
5 703
4 873
9 528
7 878
10 913
10 483
8 95
3 684
8 691
8 499
9 942
10 104
4 325
7 394
5 723
8 982
8 807
3 822
10 645
1 584
1 818
1 158
2 900
6 241
6 495
6 900
2 870
4 474
1 190
7 347
4 463
7 646
7 641
7 440
8 757
9 57
7 682
5 161
4 337
4 281
1 330
9 723
3 99
7 950
2 291
9 552
1 426
7 370
9 176
9 694
6 276
3 863
8 662
5 91
7 53
3 996
9 280
2 586
4 774
3 116
5 601
10 547
7 925
10 465
8 521
4 104
5 134
3 794
2 57
2 813
3 117
6 985
8 966
3 226
4 565
10 465
1 742
1 239
2 642
6 635
5 444
4 338
5 861
2 168
2 446
3 453
3 736
6 82
5 726
8 250
2 19
4 213
10 890
7 584
9 452
4 878
5 771
9 209
4 220
10 724
8 166
5 450
2 578
10 958
4 237
7 634
9 795
1 760
10 305
2 468
9 783
9 355
2 464
3 219
7 863
6 20
2 320
2 915
4 860
10 711
3 650
1 846
5 240
9 770
4 274
1 753
10 919
1 143
10 719
4 802
5 972
10 287
9 951
1 644
4 961
2 681
4 367
6 850
6 581
7 371
4 560
7 613
10 563
6 813
4 504
1 236
6 531
8 782
1 162
4 492
6 669
2 192
1 482
6 914
5 852
2 473
9 283
7 168
9 613
4 443
8 151
2 369
2 442
10 132
9 31
6 444
8 15
2 254
3 470
4 986
5 277
6 798
10 590
4 398
3 605
1 910
7 161
3 257
7 840
9 728
9 89
9 945
1 112
10 206
8 226
6 426
10 423
9 112
1 22
1 418
5 928
8 243
4 837
3 403
7 450
4 924
1 949
3 279
7 944
4 861
6 258
6 42
8 512
6 44
5 616
7 933
3 518
10 911
7 695
7 746
7 425
2 963
8 213
1 715
7 8
10 670
3 573
7 128
6 563
10 311
6 471
1 493
2 851
1 199
5 532
4 51
9 772
2 731
7 807
7 834
1 667
8 821
10 132
2 175
4 216
10 988
7 371
1 985
10 481
10 602
3 869
3 30
4 114
5 78
5 273
1 700
3 152
4 765
7 692
1 200
10 417
5 832
3 871
5 371
4 929
4 605
7 773
6 347
2 846
10 404
5 240
1 621
7 181
8 120
4 199
6 736
7 780
9 605
10 537
4 144
9 325
9 20
1 421
6 89
10 538
7 548
9 536
1 605
6 969
9 519
7 199
2 147
6 813
3 721
6 552
3 411
7 28
2 38
8 114
5 722
1 817
8 789
10 434
7 310
2 233
5 173
8 725
1 90
9 906
2 285
10 182
4 6
3 85
10 115
5 87
8 754
3 950
10 234
2 847
8 557
2 217
6 120
10 314
3 819
1 78
2 770
5 924
8 815
10 209
2 568
1 579
4 268
8 126
2 983
9 292
5 470
3 105
8 585
9 293
2 702
10 141
2 957
8 185
4 168
2 288
1 230
2 45
5 81
2 633
9 71
9 782
1 953
8 189
2 566
4 334
10 612
8 999
8 426
7 510
1 412
7 584
7 307
8 217
1 859
6 570
5 15
3 767
6 544
3 792
5 664
6 508
2 403
1 619
4 352
7 547
6 395
8 825
6 210
1 14
5 259
8 580
5 264
4 855
9 226
4 124
9 786
2 634
8 193
4 610
9 377
9 344
9 547
1 579
6 258
6 258
1 562
5 649
7 218
8 488
6 61
1 650
1 135
5 104
10 905
8 150
4 110
8 481
3 36
9 567
7 280
4 409
1 787
6 929
10 807
3 947
7 1000
3 368
2 483
10 624
4 415
4 988
9 96
6 540
7 667
3 852
10 586
1 634
4 702
10 236
3 716
5 27
7 138
7 141
5 577
5 324
1 754
10 443
1 151
6 70
2 249
3 848
5 262
10 244
5 305
4 425
6 590
9 50
4 785
2 739
9 357
2 519
6 642
7 412
4 340
5 358
2 796
4 378
3 163
10 60
2 794
8 844
9 87
4 975
3 484
8 743
4 451
8 866
4 555
5 589
8 973
2 670
1 238
6 42
4 394
1 932
9 440
6 316
5 357
4 1000
1 107
10 818
8 657
4 361
5 111
4 473
10 969
9 534
5 316
10 170
2 366
10 810
7 282
3 513
3 298
9 393
5 679
6 314
8 827
7 970
10 622
10 354
9 760
9 789
9 518
6 256
2 434
2 896
3 38
2 44
5 570
9 799
9 220
9 828
10 864
5 612
1 322
2 798
8 701
4 333
7 495
4 225
3 389
1 630
4 743
7 923
1 708
9 49
2 93
8 426
6 706
8 418
10 668
1 126
2 214
2 879
1 417
10 455
3 260
4 181
10 170
6 456
8 785
6 426
8 285
9 547
8 119
10 826
6 573
7 268
8 993
8 861
4 396
7 83
9 86
5 267
2 393
6 467
8 994
6 656
2 653
10 738
6 403
9 440
4 631
5 185
3 747
6 132
10 763
10 689
9 725
10 605
3 86
1 542
2 164
7 290
1 712
5 416
6 884
8 302
3 372
5 369
5 772
10 855
3 526
6 224
4 220
10 643
8 838
8 639
4 522
8 546
5 12
8 346
8 461
5 256
8 248
3 732
3 225
2 64
9 765
6 703
10 594
6 903
9 331
1 111
6 601
5 3
3 972
3 59
6 846
9 268
7 310
9 184
8 209
3 406
1 83
7 345
5 528
3 829
10 494
3 422
7 823
7 580
9 21
6 91
5 356
6 970
1 969
6 584
2 282
1 992
2 736
6 228
6 437
9 548
3 66
4 423
5 368
4 198
5 93
4 65
6 286
5 248
7 534
9 283
4 937
5 371
10 355
6 560
3 435
9 609
2 720
10 71
2 655
2 702
7 535
1 253
6 78
3 94
6 229
9 148
5 105
3 484
8 471
1 414
2 705
2 142
1 338
10 764
3 871
6 525
4 288
3 342
6 467
6 594
5 241
9 652
7 40
1 831
10 37
7 252
2 49
5 268
7 702
3 829
7 338
5 676
2 613
5 232
9 610
3 801
6 660
7 208
8 701
6 501
5 947
2 877
6 315
8 715
9 667
9 361
2 860
8 685
3 952
7 810
9 977
10 378
6 37
1 269
9 453
2 9
4 21
7 928
4 190
5 419
10 992
9 583
7 277
5 190
6 564
10 323
7 344
10 785
9 250
2 523
8 501
5 982
6 505
2 199
4 816
8 428
2 956
2 736
2 378
10 224
5 663
2 434
3 414
4 718
3 770
7 242
3 120
4 314
10 355
6 949
4 836
1 496
9 722
3 351
4 276
7 374
5 157
2 584
3 349
3 887
3 981
8 472
7 488
10 685
3 737
4 271
6 957
3 476
7 596
9 411
9 331
6 648
1 15
2 737
5 596
4 509
1 346
3 986
1 79
4 663
9 600
9 158
7 240
4 233
2 85
3 450
4 493
4 928
3 798
1 926
2 289
7 273
8 32
6 924
5 737
6 129
5 535
2 847
4 996
10 381
8 137
4 505
4 981
8 545
2 359
1 617
1 384
2 382
2 518
8 290
5 76
10 995
9 477
5 754
3 36
9 761
1 446
9 90
2 399
10 391
8 962
4 879
5 417
10 582
1 609
1 87
9 481
2 566
3 924
6 21
5 558
9 663
1 797
10 239
3 222
4 646
6 311
4 142
3 17
8 803
10 673
5 112
9 518
2 950
8 235
3 828
5 464
8 123
10 652
4 511
2 144
7 525
5 804
4 86
6 697
9 645
9 523
1 851
9 74
2 558
6 350
3 343
2 331
4 809
2 714
6 62
8 591
7 280
3 589
5 824
6 844
2 885
4 239
4 968
3 403
5 531
6 478
4 216
6 848
6 519
9 251
8 800
5 206
4 327
10 146
8 951
8 915
2 300
5 311
10 275
1 520
9 515
7 223
7 34
6 882
2 393
9 905
4 229
3 36
1 791
1 665
5 914
7 932
3 806
5 986
3 460
6 491
7 961
3 619
10 501
6 267
3 678
5 179
6 833
7 753
10 162
5 730
7 536
8 63
10 929
4 639
10 191
8 654
5 380
10 445
10 742
4 712
6 917
2 251
1 23
8 369
3 438
6 244
6 989
6 296
7 290
2 610
4 5
3 194
10 539
1 741
10 448
5 764
4 677
9 302
6 649
2 215
1 928
2 494
4 564
7 460
9 278
2 834
1 519
5 183
5 721
9 828
4 85
7 710
1 912
4 165
2 888
7 809
9 160
2 936
4 772
10 937
4 157
7 92
8 658
3 308
5 859
6 592
8 908
9 411
6 177
7 455
5 387
10 692
6 694
1 435
8 44
8 177
10 799
10 123
3 699
6 480
6 105
1 233
4 900
8 897
3 868
9 89
7 396
4 409
5 460
5 421
6 553
2 990
7 208
1 892
2 166
8 625
7 868
3 730
2 16
10 361
8 106
1 261
6 169
8 774
4 344
4 398
5 316
10 224
8 206
9 825
5 152
7 170
3 800
2 117
8 365
6 524
5 556
3 7
8 145
5 834
3 633
8 424
3 329
4 442
3 124
8 22
8 238
2 891
7 265
10 814
10 568
6 419
6 695
7 977
9 187
6 738
6 102
2 542
1 975
6 795
10 19
6 608
2 494
7 382
3 774
8 842
3 34
2 793
2 537
2 940
6 584
10 378
5 674
7 406
10 930
3 892
9 735
10 978
8 945
4 208
10 215
7 634
8 252
6 154
9 895
10 171
6 814
9 538
5 544
1 596
5 458
10 789
10 630
4 676
8 191
1 768
2 302
4 307
5 323
8 986
9 307
8 716
8 560
4 726
5 386
1 853
4 284
2 150
5 186
7 507
6 331
1 779
10 895
9 380
9 404
6 799
5 771
2 127
8 823
7 310
9 842
8 50
10 124
1 622
9 17
2 301
5 998
1 371
2 879
1 623
2 814
9 934
9 914
5 484
6 977
9 26
10 425
7 839
5 228
9 65
4 755
10 707
10 791
6 155
9 979
7 364
9 710
10 41
5 477
2 929
3 104
6 438
4 613
5 528
6 637
8 133
4 85
6 73
4 736
6 835
8 424
7 817
2 422
8 579
7 590
6 280
4 356
10 829
8 387
3 335
3 143
10 891
10 435
7 869
8 432
9 135
2 827
5 232
1 197
7 496
5 491
3 598
4 932
10 807
7 564
3 453
9 832
5 176
9 779
2 450
1 516
6 392
2 783
8 78
2 89
8 489
8 454
2 560
9 998
3 151
1 435
1 478
8 224
2 664
1 966
3 730
7 706
8 608
3 297
3 667
3 710
5 546
2 426
1 137
5 447
4 203
10 851
9 656
9 260
4 991
1 234
4 129
5 411
7 737
10 582
5 13
10 84
10 119
7 539
3 148
7 585
10 177
7 276
2 598
6 532
2 148
6 594
2 313
4 209
3 315
7 874
4 424
1 517
2 773
1 715
1 118
5 97
3 653
1 997
7 958
8 514
1 843
9 435
3 875
6 379
4 357
2 126
7 938
5 388
9 309
6 537
5 215
6 294
1 572
2 891
2 590
3 935
2 708
2 956
8 433
10 408
6 878
7 562
10 9
5 69
8 183
4 316
1 643
2 955
8 230
5 213
9 712
1 923
9 899
8 79
10 405
1 897
1 421
2 820
3 4
8 781
8 88
4 619
8 466
4 974
4 57
10 197
3 208
5 250
6 918
10 439
10 289
3 506
7 970
5 562
2 691
10 205
1 340
1 533
8 712
7 778
9 559
5 867
2 130
1 950
9 936
7 261
8 201
5 442
7 463
5 17
9 622
10 587
3 170
1 625
6 544
5 818
8 558
3 99
8 122
3 437
7 331
9 779
7 721
1 163
2 452
10 973
4 365
1 504
7 655
8 8
2 113
10 98
9 810
9 794
1 139
7 672
7 950
7 702
4 171
3 217
5 983
2 820
7 84
8 881
8 906
3 94
4 319
9 188
6 107
9 766
3 835
7 989
10 605
2 805
7 155
8 42
6 198
1 646
9 874
9 374
1 648
6 641
2 182
9 987
10 899
7 960
3 723
8 539
10 364
9 968
2 102
2 323
9 231
8 346
9 467
7 993
10 473
10 939
6 862
1 332
2 130
10 116
8 128
7 987
5 843
3 303
3 500
9 236
2 199
4 143
1 810
1 349
2 946
8 582
7 572
1 858
3 819
2 402
1 154
5 405
3 264
3 64
5 145
6 230
7 328
5 518
1 666
3 248
6 151
9 313
8 468
7 756
8 871
8 371
9 76
2 677
4 300
9 696
7 935
4 886
9 6
4 162
3 859
6 575
5 961
1 335
5 550
2 645
10 512
9 4
1 38
7 27
7 645
7 307
10 818
1 577
9 465
9 639
4 547
5 239
9 945
8 797
10 937
5 636
9 204
6 174
2 231
3 739
8 22
6 224
8 745
2 964
5 779
6 983
4 764
9 304
10 897
4 713
4 313
7 205
2 991
8 405
7 827
7 431
1 730
1 253
1 698
5 872
1 187
8 182
7 42
4 299
6 490
8 533
7 134
4 859
10 898
7 95
5 28
6 214
5 512
1 78
7 882
10 132
2 641
10 630
5 762
9 84
6 436
7 12
10 302
2 580
5 867
1 391
1 618
10 71
2 504
1 834
1 517
5 198
9 277
4 576
9 152
9 996
4 468
5 847
2 155
9 294
6 865
9 78
10 747
3 56
6 96
1 480
9 174
8 590
1 335
8 8
9 185
2 445
9 699
6 46
3 236
2 417
6 988
9 111
7 801
7 473
4 635
9 235
8 657
8 672
1 78
5 277
2 434
8 548
5 931
2 86
10 533
5 825
4 864
3 577
4 397
5 705
5 826
5 813
3 469
6 919
2 601
1 365
8 271
6 844
10 319
4 267
1 813
4 993
10 417
6 371
9 361
7 752
6 895
4 226
9 247
1 467
4 570
10 394
2 588
10 231
3 315
2 777
4 546
9 720
2 488
7 269
10 754
1 971
10 458
2 343
2 19
10 908
2 765
4 706
4 781
1 200
4 509
7 715
6 452
7 348
4 25
3 447
3 169
3 266
2 72
5 218
4 405
5 591
2 300
4 476
9 549
7 286
5 477
1 955
8 223
9 140
3 963
9 496
7 779
5 881
6 920
6 562
4 199
6 781
8 862
3 505
6 598
2 523
9 560
5 713
5 605
1 460
1 715
3 728
2 10
1 283
8 222
8 742
5 541
10 784
4 364
7 68
7 807
4 442
4 766
2 95
9 584
8 67
3 192
5 638
2 557
5 989
5 924
5 781
10 461
5 232
7 845
7 741
1 988
3 564
7 294
2 650
6 415
1 857
7 411
2 52
4 200
5 815
10 665
7 145
1 616
7 74
7 341
8 265
7 328
4 348
1 109
6 71
7 723
9 78
8 251
10 903
10 199
8 992
2 636
1 60
7 661
1 247
8 852
5 630
5 140
6 9
2 785
6 951
7 287
1 778
6 734
4 904
5 641
5 408
9 436
4 702
9 832
4 39
7 966
8 55
6 973
2 211
7 475
1 975
8 299
9 994
3 758
1 987
6 965
4 549
5 146
3 9
4 573
1 528
6 861
7 834
8 588
4 190
4 750
9 169
10 522
1 464
9 793
9 788
3 757
6 213
2 428
8 723
1 954
8 425
6 490
4 836
9 855
7 118
1 932
4 918
8 738
1 961
2 189
1 275
9 327
6 847
8 533
5 239
2 752
2 462
2 44
5 152
1 863
3 62
2 745
1 220
5 494
5 814
5 295
7 886
5 29
4 902
8 620
7 93
9 615
1 117
3 26
7 941
8 479
3 267
6 348
9 222
9 839
2 914
5 24
3 2
7 973
9 326
5 782
4 845
1 394
1 732
2 423
6 628
10 385
8 815
8 63
3 293
9 618
9 254
3 341
10 167
9 611
8 794
2 529
8 519
1 334
3 888
7 887
5 783
4 957
3 40
4 817
6 416
10 239
10 628
8 602
9 189
10 424
3 940
10 571
8 518
5 470
2 581
8 944
6 862
7 748
6 987
5 449
7 293
1 822
7 395
9 180
2 629
9 977
7 788
6 729
4 401
6 367
2 884
2 244
7 807
2 267
7 794
3 186
9 595
5 972
5 442
5 371
3 592
4 657
10 47
7 940
5 346
1 842
6 238
3 44
7 597
1 415
8 506
9 155
3 646
8 541
9 374
1 667
5 769
6 275
7 670
10 281
4 65
5 428
6 179
1 346
5 237
10 492
10 927
9 826
9 281
6 998
7 27
1 30
7 129
6 434
8 71
3 812
6 706
9 230
3 349
5 271
9 762
5 389
3 829
5 497
4 965
6 160
9 482
6 479
1 620
3 184
6 402
6 989
4 64
8 870
10 310
10 413
7 118
2 440
7 819
10 701
7 965
2 587
5 570
8 617
3 429
9 422
5 236
5 327
6 389
6 247
6 611
9 251
4 733
8 147
6 833
9 792
5 664
2 155
9 467
4 83
3 191
10 968
10 816
1 765
2 282
6 919
3 307
7 672
6 977
10 98
5 403
9 252
7 614
2 593
2 376
9 558
5 108
9 968
6 48
4 385
6 783
10 783
8 127
5 298
1 725
3 20
10 42
10 171
10 162
3 708
10 168
9 368
10 824
5 463
9 399
6 362
6 198
2 162
1 811
9 408
9 564
2 852
5 790
4 611
5 702
5 235
8 218
8 467
4 266
8 315
5 884
9 910
9 648
8 443
10 661
4 499
1 448
9 86
10 417
3 310
2 495
6 666
5 273
6 276
5 599
3 581
4 816
3 639
3 796
7 981
10 4
5 195
8 370
8 807
3 519
10 806
3 954
10 532
7 191
1 646
8 564
5 142
10 282
2 104
7 776
9 595
8 700
2 981
4 766
9 243
6 278
7 10
7 914
2 986
5 44
9 731
1 722
6 152
9 387
5 510
4 808
10 397
6 719
5 739
4 787
2 893
10 307
8 318
6 791
4 486
6 487
2 245
4 286
9 614
1 479
2 449
5 346
7 637
3 111
4 442
1 979
1 987
10 251
4 85
4 831
2 728
10 768
7 488
10 184
7 443
2 379
10 155
2 191
1 563
1 77
9 308
4 578
5 76
1 346
1 583
3 242
9 610
4 550
3 235
10 147
1 95
1 483
8 420
2 779
8 975
1 488
10 830
1 3
5 284
1 866
7 229
5 417
4 980
6 25
6 729
3 59
4 583
10 397
7 273
4 526
7 234
10 45
6 431
6 163
1 544
2 166
3 764
3 323
10 271
2 321
2 602
7 633
4 385
7 152
4 284
4 388
3 469
9 888
4 381
9 502
10 642
10 429
9 782
4 743
8 31
5 723
5 344
3 664
8 550
6 503
1 450
7 995
9 783
10 736
2 91
6 117
2 803
7 524
6 514
4 182
1 488
3 439
9 650
2 92
5 76
7 273
3 759
3 94
9 960
10 486
10 252
5 968
5 946
8 392
1 607
9 726
6 389
2 254
10 685
4 202
5 152
5 20
8 771
7 348
1 490
6 632
9 709
8 648
4 20
10 446
3 732
3 48
2 297
7 286
2 920
9 618
2 179
10 52
9 619
6 304
2 485
10 839
7 204
8 238
8 716
6 279
6 441
9 427
2 907
2 430
2 345
6 731
10 361
4 561
2 700
6 32
4 727
1 721
2 558
7 30
1 907
1 194
8 525
2 475
8 800
10 508
9 594
8 579
2 343
2 397
6 555
3 739
7 977
4 270
9 500
10 999
9 580
1 818
8 970
1 833
1 157
9 493
7 357
10 855
8 670
7 194
3 826
9 1000
4 995
10 169
5 706
2 929
5 451
7 478
1 957
5 28
3 542
10 463
9 936
4 535
9 671
3 636
9 179
4 956
2 319
3 404
1 369
6 514
10 801
7 956
3 648
10 129
4 512
10 884
5 52
7 116
6 575
5 276
9 575
3 729
8 243
2 254
5 537
6 298
1 119
4 671
9 926
10 599
8 770
10 410
1 327
10 868
8 404
9 958
1 88
1 820
1 563
6 483
7 403
4 552
2 571
5 949
3 586
2 555
4 764
5 522
9 750
7 523
10 587
5 689
2 861
10 901
1 384
8 60
2 1
10 431
1 916
2 767
6 820
5 40
1 337
6 880
10 935
6 137
2 459
7 445
6 761
6 925
4 971
3 391
6 440
3 724
9 769
3 348
3 143
3 217
3 658
7 661
5 651
2 393
2 219
1 767
6 355
7 106
5 443
5 223
7 462
7 448
1 560
2 522
4 775
3 539
5 147
8 577
4 283
6 758
5 994
8 162
10 987
1 90
5 208
1 277
9 892
9 31
9 448
3 81
1 128
4 265
1 32
3 125
5 448
6 69
5 916
1 880
3 212
10 117
3 551
4 919
8 224
9 364
4 964
5 903
1 312
5 603
10 345
4 946
10 681
9 529
9 452
3 281
2 28
1 522
2 69
1 866
8 686
5 821
8 761
8 454
1 797
6 815
5 467
3 429
1 138
9 263
3 307
8 802
4 790
7 841
2 595
8 739
6 474
7 449
6 752
2 910
3 938
2 867
8 160
4 245
1 411
3 641
10 65
2 725
9 738
8 188
4 993
7 729
9 889
1 503
6 370
2 595
4 843
7 687
3 134
8 655
2 80
3 911
4 911
3 834
3 33
7 390
4 699
2 319
6 768
10 227
5 132
6 902
6 417
4 496
6 91
4 46
6 810
7 593
4 493
10 251
7 561
1 620
6 894
10 45
9 925
2 877
9 861
9 621
1 138
8 62
3 176
2 983
7 610
1 953
9 613
10 876
8 214
4 282
8 980
9 262
6 531
10 688
6 346
8 452
10 7
1 857
8 846
3 440
5 599
1 421
1 441
3 65
3 712
9 558
3 706
1 355
9 285
3 985
7 265
10 508
6 49
1 730
3 791
2 972
1 197
1 823
9 784
6 113
8 206
3 287
9 619
1 423
9 743
3 438
2 855
1 266
1 166
9 337
10 82
2 425
6 374
2 691
8 150
8 80
6 158
3 88
5 866
4 416
7 387
9 96
10 293
5 334
3 740
9 860
3 725
4 172
2 325
8 763
5 227
6 598
6 149
9 242
6 923
1 974
1 217
5 224
1 96
7 815
10 220
8 370
1 787
6 793
2 793
8 718
4 311
7 256
6 454
10 850
6 656
2 396
10 496
7 205
9 160
9 912
10 816
9 967
1 333
10 37
4 453
10 318
1 259
7 420
4 682
4 476
4 125
5 797
5 890
4 379
9 806
7 573
1 448
4 30
5 511
2 276
7 504
6 568
3 293
8 367
6 993
7 426
10 343
3 190
6 526
7 813
9 802
5 414
2 340
10 954
3 650
7 460
5 766
8 423
4 599
4 853
2 922
5 798
3 564
3 109
7 765
5 878
1 828
7 590
1 989
5 606
6 49
6 463
3 861
9 103
5 146
9 359
9 924
4 385
6 268
8 642
5 170
6 32
9 25
2 470
4 769
6 571
2 718
7 767
7 630
2 112
2 385
2 352
9 60
5 944
10 172
6 460
5 932
4 26
9 202
2 881
10 417
3 740
10 583
5 93
2 380
8 327
4 113
10 741
1 616
4 402
5 223
2 249
2 109
3 719
1 523
8 990
10 536
7 491
6 356
6 976
1 142
8 551
8 615
2 481
4 573
3 929
6 260
8 161
10 855
6 52
9 319
8 590
1 325
8 135
5 474
6 780
3 285
4 392
1 357
4 464
6 946
1 871
2 195
8 43
2 205
2 108
4 88
7 997
4 733
1 135
6 120
5 680
3 188
3 108
2 314
3 247
5 715
7 784
8 529
4 646
5 956
1 53
6 606
1 875
7 597
4 60
7 360
7 12
7 347
10 425
5 514
2 739
9 115
2 723
6 319
8 165
7 176
9 588
7 4
6 884
9 995
6 275
1 487
4 501
8 677
10 360
5 55
9 150
8 303
3 439
5 319
3 667
9 853
2 694
10 722
9 565
8 206
1 966
7 143
5 293
5 741
10 194
5 784
6 947
8 202
2 68
4 512
9 507
1 838
8 393
1 245
2 643
9 354
5 173
1 521
10 747
4 530
2 573
6 213
2 366
4 176
5 813
4 57
9 165
7 168
6 615
1 276
6 198
10 656
6 423
8 726
8 380
2 579
6 633
7 200
2 230
3 276
3 64
7 632
5 341
5 542
10 737
5 951
5 812
5 160
3 2
2 501
8 786
8 783
7 693
7 196
3 475
5 985
4 548
8 171
4 455
9 458
1 706
10 358
2 439
9 405
3 334
1 405
8 851
7 980
3 431
5 619
5 641
6 323
9 591
5 259
2 675
8 885
2 548
5 171
10 571
5 854
10 712
10 559
3 631
5 313
1 895
5 75
4 882
6 696
3 57
9 245
1 377
3 492
1 261
4 468
2 520
3 705
1 6
9 331
7 845
4 57
9 296
6 22
8 288
6 654
6 777
10 637
4 442
3 851
2 228
3 515
1 473
5 635
10 84
5 224
9 938
3 114
3 289
7 110
2 615
4 361
1 885
7 967
3 950
2 144
1 700
7 534
4 91
7 199
10 758
1 762
4 514
8 638
10 812
6 493
9 598
9 218
2 910
7 71
5 489
9 607
10 738
1 821
5 85
1 1
10 485
1 610
5 783
4 248
9 490
1 643
9 774
6 13
8 36
7 440
1 831
9 493
7 581
3 199
2 696
9 787
9 720
7 564
4 905
7 70
10 168
8 38
3 876
10 272
8 893
10 272
3 448
6 899
3 782
9 796
9 242
9 540
2 732
3 514
2 272
8 164
6 39
2 632
7 322
5 721
6 944
6 357
5 455
7 926
8 810
7 464
8 177
8 88
2 923
9 594
5 293
10 233
1 153
8 920
4 764
2 157
6 971
9 594
2 151
6 35
10 42
4 307
1 111
10 519
9 243
5 458
8 415
7 184
4 389
2 585
1 330
10 401
10 341
1 489
3 591
10 945
8 538
6 136
10 120
5 341
3 459
2 117
9 810
9 806
3 268
3 389
6 712
10 651
7 522
7 752
10 551
6 500
8 769
7 347
9 116
9 924
8 583
8 904
5 739
2 296
1 414
8 562
2 8
1 700
1 449
8 198
5 160
7 120
6 976
8 438
4 803
4 120
3 286
10 744
4 10
1 131
2 199
10 528
10 624
1 494
9 892
6 125
4 485
9 966
2 63
10 603
7 780
10 81
6 705
6 987
1 141
2 378
10 193
7 289
1 592
1 824
10 87
7 742
10 735
3 397
9 314
4 632
8 530
4 481
8 893
7 822
6 159
10 242
9 665
1 589
10 666
8 484
9 698
3 442
4 344
4 193
4 945
2 59
2 613
9 457
1 363
4 854
5 746
5 461
2 346
9 92
3 174
5 83
3 685
2 907
4 188
4 430
2 559
6 698
6 320
2 722
7 467
1 598
10 410
4 536
7 707
4 194
10 442
4 309
5 497
8 920
7 313
4 983
7 623
10 98
2 815
2 762
8 660
1 955
9 757
5 514
9 606
2 812
7 673
8 454
8 92
6 679
2 413
6 34
8 272
1 724
9 295
8 109
6 343
1 943
4 8
1 167
1 516
1 450
9 706
1 277
2 868
2 720
2 575
9 779
5 261
4 219
1 452
9 44
6 96
2 292
9 485
9 765
10 220
3 325
6 841
2 410
3 476
2 724
3 299
5 504
3 415
1 52
2 196
2 18
7 402
5 616
2 293
3 795
1 732
4 82
4 295
7 351
9 979
10 764
7 205
7 282
1 120
7 988
6 721
4 914
9 941
5 483
3 1000
2 755
2 661
8 335
6 437
4 456
6 379
7 943
8 995
3 518
10 12
5 220
2 13
2 503
9 500
9 825
3 409
10 308
4 181
6 710
10 837
6 28
4 577
3 555
1 904
5 788
9 374
3 26
7 844
8 988
8 649
6 506
9 796
6 1000
6 405
1 944
10 793
5 481
8 24
10 801
7 213
9 922
1 193
4 277
10 183
5 283
2 42
1 44
4 394
5 212
6 474
10 19
10 847
10 760
4 985
7 766
9 884
8 437
1 858
3 923
8 813
10 789
10 250
10 521
2 22
9 355
9 408
5 770
1 602
7 629
2 940
9 979
7 560
6 854
6 745
5 188
4 45
3 804
9 898
7 156
10 78
5 187
2 505
5 178
8 257
4 290
5 796
3 318
4 667
4 705
2 39
9 223
7 164
2 815
3 588
10 582
6 854
7 136
6 359
10 819
1 138
10 791
10 985
9 207
5 561
3 298
9 502
1 648
3 66
6 912
1 747
1 886
9 743
10 954
2 980
3 80
1 66
4 370
4 10
2 350
10 530
2 323
1 36
5 893
2 531
7 582
9 422
2 359
10 136
3 354
5 126
2 328
8 51
3 372
2 979
4 18
10 631
8 981
10 189
10 760
8 363
4 610
4 292
2 445
9 471
1 129
6 510
5 524
8 787
9 677
4 701
3 440
4 268
9 519
10 724
8 443
6 444
8 861
5 178
5 650
2 602
3 58
3 340
2 50
8 965
10 632
3 35
5 905
2 576
10 805
2 776
9 392
2 522
8 475
7 185
3 880
10 203
4 215
7 148
6 187
7 743
9 533
1 198
10 375
4 93
8 613
10 714
7 794
4 507
1 729
9 772
8 377
3 293
10 688
6 453
10 405
10 474
8 353
7 689
9 911
5 210
9 191
5 365
4 183
5 146
4 59
8 414
8 997
10 351
6 302
2 147
4 453
6 75
10 861
8 233
7 290
6 307
6 272
2 355
10 660
8 455
4 647
4 116
8 617
3 162
3 781
6 740
3 854
9 703
5 707
1 747
9 443
4 203
6 424
3 551
1 455
9 724
6 498
8 665
9 139
6 16
8 98
8 861
8 581
1 208
5 637
2 596
3 768
9 940
2 983
8 679
3 782
2 922
1 770
5 187
7 67
1 573
10 896
10 629
3 150
5 82
4 141
3 42
2 21
4 936
5 329
10 24
6 740
7 716
6 587
8 438
10 78
6 805
5 273
6 980
6 337
5 278
9 95
10 576
9 470
10 194
2 128
8 211
1 622
3 18
8 924
7 19
5 466
10 15
10 799
7 70
5 17
2 643
3 995
7 806
10 861
6 692
10 697
2 59
1 345
6 738
9 214
2 751
8 582
2 459
3 722
10 601
6 20
9 151
3 111
8 213
7 849
1 544
3 420
1 106
9 67
3 952
6 135
5 343
9 582
1 988
4 392
8 595
1 285
7 284
6 115
5 68
8 549
1 908
10 591
4 275
8 331
6 306
7 411
10 463
6 77
7 798
7 318
5 571
1 642
6 805
9 393
3 680
9 73
9 182
5 143
10 891
6 935
8 883
4 308
4 300
3 569
4 657
7 732
1 412
9 848
9 912
2 304
4 982
2 130
10 809
2 291
1 756
4 164
4 803
9 50
5 930
6 313
9 985
9 806
8 74
3 731
9 208
4 160
10 63
8 794
4 682
4 920
10 577
5 919
9 899
8 43
2 302
3 941
10 924
1 153
7 655
5 48
10 924
3 329
5 930
8 562
10 549
7 543
8 959
1 947
10 210
9 434
5 642
8 902
8 266
8 406
8 176
1 200
7 605
4 568
8 769
4 735
8 306
8 559
3 325
3 968
8 368
9 133
7 30
9 760
9 418
9 115
6 317
6 354
10 815
2 500
7 215
1 466
6 434
1 575
5 325
2 200
8 610
1 357
4 752
10 876
4 280
5 785
7 924
1 485
6 210
8 335
9 16
8 297
5 901
3 995
8 558
9 717
4 517
4 690
6 665
4 433
7 21
4 387
4 332
1 797
4 464
6 976
4 986
4 526
3 777
4 803
2 283
2 772
6 315
7 980
3 409
6 985
6 149
6 156
9 66
4 537
8 447
6 180
9 25
3 133
5 334
2 246
7 781
2 264
10 780
8 892
8 955
6 361
6 173
5 924
7 805
7 812
2 734
8 877
4 332
3 805
5 150
4 378
4 938
10 352
7 513
7 924
4 545
7 209
5 627
7 555
6 959
5 109
5 780
8 704
6 822
10 377
2 579
5 460
7 980
6 491
2 490
7 413
10 914
3 405
1 581
7 876
2 694
7 577
9 422
10 218
3 471
5 400
4 846
7 796
7 488
8 716
2 163
6 465
6 74
2 157
1 640
9 516
2 187
4 687
6 984
10 82
1 789
2 877
9 586
9 789
1 602
4 655
8 357
6 401
1 396
1 912
7 213
9 942
1 124
8 496
9 185
3 420
10 789
5 202
8 603
6 308
1 567
5 137
6 190
9 233
9 873
9 78
6 552
4 661
9 944
8 601
8 271
2 168
1 281
4 793
8 683
6 552
1 776
4 114
10 457
5 843
5 953
2 437
6 455
2 396
7 845
9 388
3 478
6 476
9 25
2 408
7 528
10 324
6 869
2 246
8 523
9 157
6 931
2 810
6 386
7 25
2 210
5 797
1 378
5 344
5 749
2 406
1 465
6 647
1 765
5 35
4 3
5 680
6 230
3 781
2 892
1 377
6 636
1 941
8 565
10 97
2 676
7 884
3 660
7 128
9 470
10 254
3 748
7 859
1 463
7 258
6 908
9 165
8 649
7 32
2 394
8 951
7 608
1 355
8 886
10 912
5 487
2 369
7 708
2 139
2 422
3 909
10 344
4 831
5 518
2 328
4 430
8 204
9 232
6 657
4 420
10 978
7 303
3 499
10 537
10 404
1 420
1 610
1 989
10 732
8 731
5 145
9 192
10 789
1 472
7 777
9 38
1 443
10 445
1 900
7 540
5 116
3 292
2 753
4 982
4 811
7 979
10 690
5 508
9 932
6 818
1 534
1 965
4 301
3 655
5 606
3 126
5 275
6 341
6 301
5 294
4 256
2 824
1 452
9 687
9 476
2 503
8 118
2 160
5 460
10 769
7 519
2 233
5 883
9 132
6 408
2 461
9 506
7 946
1 547
1 83
10 720
4 78
7 733
5 424
7 972
6 450
5 743
1 616
2 261
5 442
9 665
9 680
1 621
1 110
9 646
1 27
7 50
1 825
1 378
6 243
1 28
8 322
9 221
5 425
2 622
1 819
3 403
2 685
7 89
7 482
8 628
9 781
2 516
5 457
6 167
2 74
8 380
6 448
7 953
2 319
2 132
8 386
8 545
6 616
7 463
9 65
2 713
9 945
5 952
7 367
8 44
1 473
6 523
8 287
7 592
9 819
6 97
2 334
4 256
7 646
4 23
1 15
6 423
3 101
5 566
2 928
7 875
5 919
4 528
8 875
8 110
6 8
6 708
7 240
8 915
7 950
3 552
8 778
7 299
7 873
2 914
10 745
2 910
4 105
10 426
10 692
1 453
9 530
7 597
5 117
3 579
1 962
1 39
2 499
1 651
4 33
3 247
10 194
10 50
3 296
8 87
7 148
10 22
1 812
7 591
5 334
5 208
4 987
9 994
4 240
6 133
8 157
3 400
5 920
1 783
10 653
1 696
7 523
10 130
5 184
2 87
1 143
5 207
1 437
3 949
8 491
3 120
8 124
8 227
5 95
8 611
9 737
9 104
5 927
8 829
5 823
6 352
8 880
3 817
6 381
3 638
10 766
1 932
9 445
2 31
6 806
2 720
4 411
6 254
10 504
10 774
10 78
3 419
2 135
8 612
10 291
1 875
6 400
1 810
10 573
10 987
8 964
5 857
3 515
4 612
4 761
9 840
10 351
1 991
6 381
3 665
7 582
10 825
6 986
3 40
6 839
2 815
4 585
7 786
10 371
5 825
8 652
5 874
8 413
1 304
1 956
8 224
4 602
8 221
10 420
9 448
3 173
2 152
5 711
8 197
8 440
2 988
7 777
2 696
9 38
6 987
3 212
10 807
1 521
6 64
4 5
6 102
7 114
6 606
4 21
10 472
9 23
6 838
3 903
3 114
2 85
2 934
2 17
8 119
9 22
2 726
3 918
7 65
2 148
9 330
5 164
7 327
1 231
10 839
6 115
10 381
8 513
7 290
9 509
3 326
2 648
2 784
9 713
9 625
2 102
5 360
6 57
2 221
7 425
1 679
1 732
2 964
8 569
5 152
5 850
5 277
7 69
8 755
5 148
5 761
10 886
7 303
3 820
5 924
1 501
5 105
6 776
5 399
2 711
10 104
6 551
1 572
10 13
8 555
2 469
5 376
4 1000
10 637
3 657
5 461
10 362
3 223
10 785
8 491
6 25
3 301
8 715
8 520
3 379
10 222
3 249
6 194
3 817
8 97
9 43
10 627
7 545
1 457
1 530
6 649
9 780
1 567
9 82
6 383
3 870
4 399
10 709
1 307
7 35
8 310
6 661
8 873
6 492
8 162
2 954
2 159
8 501
8 747
6 929
8 946
10 120
5 528
10 225
3 746
2 965
7 932
10 205
7 768
7 846
1 435
5 630
6 136
8 729
10 751
10 398
4 615
2 865
7 47
8 550
4 267
6 904
5 801
5 512
10 220
7 983
10 721
7 500
10 532
8 320
2 200
6 184
1 990
2 586
6 142
10 196
10 636
3 803
6 951
2 445
3 214
8 326
1 786
2 988
5 887
7 547
2 665
1 1
3 497
2 157
5 350
4 278
10 509
3 406
3 418
8 881
10 889
6 446
3 623
9 87
10 883
4 243
6 404
4 256
1 572
7 418
2 430
5 729
6 608
1 303
1 742
5 171
1 743
8 441
1 296
6 842
2 645
4 117
2 133
8 688
8 14
5 777
8 75
9 345
1 889
2 830
7 182
8 311
7 474
6 807
4 985
3 427
4 335
4 714
10 656
7 636
6 487
9 841
7 233
10 797
6 836
7 685
7 504
1 953
7 277
6 499
1 833
8 832
4 294
10 599
10 711
3 715
10 125
7 332
5 364
6 294
2 248
3 869
4 231
2 547
7 60
5 670
4 648
5 39
5 289
10 488
5 983
9 108
10 185
6 467
7 511
5 306
7 511
7 860
3 896
6 905
6 848
8 689
8 125
10 463
7 635
2 619
5 554
8 662
5 641
9 328
3 861
8 684
1 666
1 499
1 255
8 661
7 107
9 100
4 506
2 786
8 869
8 54
6 726
9 74
9 443
7 818
4 858
2 155
7 919
7 30
7 361
3 579
6 174
7 921
2 547
6 361
7 886
9 231
7 781
6 490
7 474
1 317
9 201
6 499
5 911
4 791
3 659
8 969
10 204
6 175
4 176
7 409
9 494
1 974
5 609
5 389
8 136
5 501
5 295
10 263
8 130
3 44
6 178
5 435
8 699
7 123
8 628
8 838
10 280
1 443
10 106
3 717
10 259
7 314
9 350
9 571
4 543
5 34
7 383
2 150
3 303
2 326
3 433
4 412
9 799
5 611
2 288
9 908
10 457
3 748
5 201
2 664
8 154
8 570
5 235
9 40
4 542
2 892
7 75
10 479
9 248
7 824
5 209
6 226
6 885
9 985
1 389
8 508
4 901
3 321
7 281
2 195
2 343
2 562
10 139
7 46
6 461
7 272
6 565
7 573
9 296
7 650
6 153
6 275
5 494
1 424
1 664
1 27
6 886
3 407
6 445
8 56
9 366
8 430
1 391
9 23
8 978
2 944
10 455
10 542
6 675
4 22
10 821
2 716
6 241
7 65
1 882
7 293
10 105
6 933
3 525
4 752
7 456
8 724
6 762
3 417
8 442
4 98
1 305
3 831
4 200
6 374
2 478
6 856
8 111
1 835
7 294
4 539
3 818
8 483
8 150
8 359
9 238
4 253
7 107
8 847
6 372
3 662
3 694
3 317
4 445
3 353
7 237
1 637
7 77
10 946
4 993
1 792
3 813
3 300
3 502
5 562
2 990
10 863
1 810
8 958
2 859
5 760
7 414
1 413
3 263
7 264
8 993
3 672
6 13
2 897
7 601
8 420
7 451
3 792
9 915
4 777
5 689
4 324
6 803
6 970
4 400
9 463
10 972
1 224
6 655
10 285
9 705
4 419
2 534
1 898
3 631
3 539
2 875
10 316
4 35
2 847
1 429
1 338
3 277
3 55
9 982
1 579
5 569
1 759
10 363
7 828
1 71
9 35
10 952
1 470
1 23
4 531
9 951
3 122
8 902
8 831
7 911
5 545
4 112
1 121
2 622
4 720
4 508
4 25
2 317
2 401
8 406
6 602
4 338
3 805
4 191
8 505
5 650
5 748
1 284
9 508
6 916
9 754
9 33
7 938
7 34
2 719
9 402
7 1
6 449
8 920
9 492
10 397
3 439
8 67
3 622
3 703
6 14
2 927
3 525
3 281
4 30
6 525
6 407
5 616
7 361
9 900
4 243
10 712
10 552
9 108
4 860
5 154
5 124
2 454
6 79
8 520
1 147
5 218
6 105
9 815
2 952
10 360
5 138
9 987
4 321
5 766
1 455
4 792
3 491
2 843
10 559
2 109
6 981
1 333
8 65
9 109
9 459
7 531
1 760
5 339
4 159
7 693
1 11
3 966
3 657
8 998
10 891
7 747
1 786
7 206
6 614
1 258
3 205
10 43
10 638
3 566
2 525
3 699
2 502
3 488
7 29
6 710
4 549
3 250
2 986
1 768
3 822
7 41
8 769
10 308
10 576
8 729
5 333
7 903
6 858
6 959
9 735
1 704
3 497
10 125
3 618
10 896
9 852
3 404
10 791
6 611
2 758
6 153
9 523
3 620
1 774
3 685
2 727
7 438
7 445
10 551
3 510
4 201
6 550
8 249
2 825
3 253
5 222
9 78
8 763
8 487
6 933
2 183
8 965
7 910
2 820
6 751
10 371
5 17
3 848
4 125
7 305
5 38
9 498
1 150
7 270
2 323
8 309
5 613
7 42
7 916
10 264
5 922
3 259
6 838
4 890
4 813
9 782
5 217
4 879
10 921
8 186
1 640
6 39
9 24
1 72
5 395
1 786
10 359
6 378
10 808
4 670
3 561
5 955
2 306
7 613
2 689
7 428
4 112
3 376
5 52
10 733
5 854
6 766
9 177
5 755
1 461
10 899
4 503
6 355
7 262
10 87
3 682
6 443
4 912
7 21
6 284
4 868
10 499
8 679
4 807
2 359
7 274
3 794
5 674
2 272
5 923
10 550
7 192
5 848
9 403
7 465
8 447
5 752
4 301
7 101
4 36
8 440
2 719
5 129
10 529
5 554
1 302
3 744
7 318
6 36
10 902
1 699
3 761
8 310
8 925
7 570
7 996
2 866
2 625
3 401
7 162
3 798
8 204
3 266
8 804
2 816
7 15
8 97
5 192
8 140
2 144
3 195
3 765
1 571
4 181
7 100
3 938
1 376
1 18
1 724
1 376
1 990
7 555
4 218
1 421
7 636
1 253
7 857
2 844
1 249
9 949
5 622
5 461
3 600
1 89
8 897
1 416
7 174
3 402
3 918
6 779
5 603
6 701
7 458
2 363
9 158
2 423
4 451
6 859
6 729
5 341
9 788
4 591
9 722
7 130
4 273
1 813
8 268
7 197
9 130
1 583
4 823
3 608
9 37
3 353
8 149
2 197
10 645
5 75
1 98
7 220
4 569
2 449
8 386
7 880
7 946
2 494
7 396
10 326
1 663
5 310
7 520
4 338
8 58
10 518
5 360
5 413
2 827
7 531
1 168
2 515
2 157
2 489
2 676
8 985
4 51
9 362
8 675
5 291
8 847
1 319
3 950
2 103
1 717
9 172
3 363
6 828
8 837
10 325
2 51
6 56
5 602
2 989
1 952
4 528
9 341
4 896
5 774
10 636
6 925
5 298
5 389
6 960
3 305
1 661
4 779
2 921
8 25
8 587
8 240
4 600
3 414
8 653
3 758
4 140
7 493
1 525
6 516
9 68
10 64
9 862
9 73
1 965
7 387
4 272
3 639
1 587
3 396
1 686
9 664
2 354
6 7
4 896
8 810
5 369
5 889
4 730
6 255
1 93
6 52
5 693
4 490
1 187
3 661
4 450
10 220
9 347
9 811
8 259
10 415
5 793
2 358
6 466
3 75
7 224
10 787
7 374
5 958
5 757
10 883
9 698
2 189
4 154
4 58
5 649
5 999
3 69
9 151
6 511
5 146
9 232
8 668
4 891
4 541
10 41
8 300
6 450
6 34
4 33
3 736
6 372
6 782
5 960
1 479
5 306
2 666
1 500
9 415
10 356
2 606
3 410
7 289
1 81
4 423
9 644
10 704
9 573
7 58
1 324
4 952
7 940
4 160
1 720
10 928
3 625
3 201
10 573
10 622
9 621
10 991
2 609
3 616
7 584
9 692
9 978
3 914
7 924
7 481
4 288
8 971
3 375
6 24
1 454
4 979
8 271
5 259
9 183
2 235
10 642
3 269
8 252
2 265
2 95
5 720
4 915
7 955
1 81
9 97
8 837
9 294
2 724
9 344
1 714
5 826
7 490
7 547
10 176
5 653
7 988
4 106
8 577
3 420
7 378
1 975
5 235
6 306
4 447
10 841
1 155
1 125
1 413
8 299
1 174
5 703
3 32
7 864
1 17
10 755
1 289
1 854
9 44
3 104
6 401
9 906
3 249
9 928
1 968
3 549
3 526
8 147
5 852
2 789
7 276
2 98
9 872
1 313
10 928
7 569
6 886
7 832
9 274
8 872
10 358
3 770
3 848
9 590
6 38
9 806
8 68
3 643
2 103
3 855
6 281
5 827
10 154
6 866
5 600
3 950
10 448
8 499
8 550
4 576
10 414
10 487
3 252
7 993
6 805
2 39
5 608
7 960
1 465
10 886
7 533
3 593
3 912
6 604
7 247
4 975
10 293
3 281
9 213
10 679
7 496
10 646
9 47
7 482
2 389
9 952
7 732
6 907
7 574
4 619
10 799
10 34
10 380
7 872
9 380
8 383
1 448
1 444
2 145
3 149
8 729
8 439
1 567
7 194
3 208
3 155
2 759
9 475
5 370
2 975
3 379
10 467
10 415
4 979
1 840
9 146
6 723
8 321
9 447
5 503
5 79
4 838
4 19
2 70
8 176
4 466
2 233
10 998
3 846
6 90
6 880
7 267
10 480
8 40
2 304
2 814
5 586
6 832
10 997
10 900
9 182
6 414
2 552
9 550
4 90
9 954
8 154
7 265
9 546
1 390
3 417
2 657
3 231
2 939
9 826
5 324
8 679
8 768
5 670
4 27
5 315
10 188
1 576
7 733
3 68
9 967
9 356
6 486
1 494
1 381
4 990
2 346
9 732
4 231
2 835
9 514
6 505
9 285
8 734
7 441
3 519
2 722
3 181
3 218
6 831
10 572
3 427
6 446
7 157
10 113
5 362
9 479
2 647
10 348
5 331
5 864
9 378
8 36
1 527
2 64
4 374
1 403
7 268
6 860
4 406
4 912
8 730
2 713
8 277
1 49
8 31
9 46
9 851
7 86
9 862
5 621
1 717
9 842
9 151
3 162
4 857
2 741
6 838
3 656
3 383
1 341
4 545
6 99
7 320
5 935
6 861
5 56
2 924
4 606
8 707
6 917
2 456
9 429
8 172
2 731
6 78
9 949
6 866
5 947
1 387
4 797
2 874
1 339
3 760
2 434
9 501
5 674
1 956
1 222
6 497
1 798
8 842
6 99
3 269
9 110
2 930
3 646
8 527
7 133
6 146
5 646
5 361
10 339
6 328
7 8
1 382
7 882
2 591
3 846
8 392
9 891
4 105
2 797
6 256
9 333
3 925
9 819
8 986
3 894
7 220
6 892
6 838
1 227
1 521
3 711
1 142
4 502
5 319
9 988
2 824
1 289
9 181
6 888
1 343
7 694
1 674
10 221
6 951
4 299
2 68
3 503
7 829
1 246
10 966
2 884
6 624
1 698
10 62
7 765
3 686
6 552
5 847
3 4
2 741
5 94
9 543
2 557
10 130
8 382
3 827
4 807
2 925
2 537
7 418
1 630
4 509
9 310
6 621
4 800
2 315
4 846
9 109
5 263
5 838
4 273
5 105
1 542
4 951
1 926
1 724
8 163
3 373
4 219
8 713
5 787
5 141
9 70
3 641
2 93
6 112
7 171
7 410
8 357
3 624
3 15
10 16
2 485
2 233
8 942
8 919
6 591
10 432
3 151
10 409
7 350
6 241
6 889
10 761
4 507
5 225
6 957
1 710
7 474
6 762
6 543
1 382
4 785
7 8
7 164
5 604
10 487
4 466
4 427
8 676
3 744
9 851
8 646
10 276
6 554
2 48
10 626
10 536
5 566
5 682
8 247
2 60
9 898
4 892
1 673
4 985
8 110
5 289
6 47
3 67
10 246
8 71
3 334
9 114
6 450
1 557
2 498
8 945
1 697
9 919
4 440
7 379
1 322
10 641
4 232
2 589
4 909
7 405
8 340
1 284
3 70
6 612
10 148
9 406
10 511
6 320
10 178
7 395
6 20
1 329
7 848
1 696
9 55
1 852
10 182
7 639
7 865
10 440
7 931
8 59
2 812
6 549
4 536
9 502
9 614
7 185
9 388
1 882
1 689
8 231
4 765
5 846
4 795
2 775
2 718
3 758
5 947
3 121
10 611
9 960
8 56
8 979
1 762
10 112
4 166
4 937
10 996
3 457
1 963
9 37
10 234
3 291
2 548
2 410
10 189
4 426
10 252
7 449
4 285
8 158
5 598
7 464
5 730
6 827
6 559
3 586
7 200
10 515
7 197
2 939
2 589
5 109
6 341
7 107
2 635
8 945
6 35
3 907
1 819
1 569
6 935
1 363
10 274
8 113
6 205
6 344
3 824
7 142
3 274
3 953
5 869
1 511
5 786
8 912
3 113
8 915
9 255
7 807
6 966
8 885
4 909
4 688
8 561
1 718
5 901
5 981
4 546
5 105
6 198
10 355
5 978
4 319
6 281
5 676
10 705
8 642
9 18
2 679
2 309
10 928
8 452
9 390
6 60
7 153
2 470
4 123
10 548
7 574
3 719
4 182
5 895
3 199
8 255
6 220
8 532
10 557
6 204
2 122
6 590
1 457
8 117
9 121
1 126
10 743
3 217
8 965
7 941
6 992
1 852
4 401
10 633
4 66
6 352
9 153
9 300
8 302
10 244
10 925
3 704
2 886
9 998
5 477
3 119
7 502
2 453
5 924
6 670
7 107
4 582
2 221
8 701
3 646
3 694
6 412
9 587
9 555
7 532
6 59
3 747
7 208
2 454
3 845
10 746
9 636
6 455
1 230
10 134
10 785
9 686
7 483
7 826
5 29
5 957
7 646
1 317
4 882
9 703
8 753
7 678
9 22
10 675
4 387
3 383
5 625
7 826
9 841
9 875
6 5
1 548
4 432
4 169
8 989
10 641
4 965
9 42
5 554
6 58
6 173
5 30
3 431
3 499
3 374
5 795
8 803
7 668
4 544
10 896
6 503
1 833
2 79
3 911
1 979
6 639
8 966
10 621
2 507
7 641
4 507
3 682
5 382
8 664
7 971
9 596
1 791
6 232
4 610
6 257
8 418
7 914
1 137
4 214
2 722
6 214
1 662
3 174
7 952
4 959
8 537
8 726
7 359
7 505
6 433
7 236
5 580
2 813
3 609
10 472
3 574
2 602
8 160
4 766
1 663
2 351
4 972
3 357
8 173
8 947
6 434
2 557
4 910
6 744
8 566
3 883
6 770
10 144
9 279
9 218
2 477
8 290
6 1000
1 434
6 55
9 134
3 685
7 495
9 972
7 433
2 920
3 153
3 643
3 225
10 188
5 664
10 745
3 589
3 298
10 230
4 535
3 362
3 804
6 238
5 296
9 627
3 535
9 328
4 816
4 877
5 207
6 935
2 878
4 86
1 586
4 165
9 902
1 624
6 208
1 323
9 408
10 243
3 203
9 518
7 47
4 912
9 783
1 156
2 541
7 661
3 957
1 34
1 133
1 537
3 741
5 860
9 843
3 303
6 454
4 794
8 502
8 134
10 672
4 396
3 176
1 619
6 130
6 965
6 284
1 795
10 479
1 135
5 537
8 826
5 197
3 498
10 456
10 570
3 954
1 721
8 114
3 896
2 988
10 825
5 188
7 191
5 762
3 770
8 389
10 825
6 462
2 201
7 289
7 32
1 413
5 783
10 925
7 833
4 173
9 505
5 720
9 917
7 370
7 639
1 794
10 944
9 90
3 308
2 929
1 637
2 122
10 334
8 267
1 960
7 832
1 721
3 514
1 143
8 888
4 308
4 805
3 995
3 2
8 323
7 494
9 648
4 420
10 683
6 30
2 592
6 461
4 307
6 972
7 719
5 494
10 255
5 451
3 502
1 132
1 489
5 180
10 18
4 560
10 586
9 94
9 133
5 617
1 523
10 7
2 731
5 920
1 141
4 725
2 596
1 891
4 722
4 589
8 688
4 655
6 904
8 999
2 34
1 926
5 849
7 174
1 485
9 176
2 660
5 707
1 38
5 725
6 812
2 694
1 143
1 344
6 621
3 659
8 577
3 788
7 525
9 892
8 974
5 598
9 53
9 560
8 823
5 967
2 355
1 43
4 682
4 154
1 1000
3 438
1 256
3 876
9 247
10 629
3 203
2 561
8 344
8 521
5 785
5 744
3 998
2 473
7 616
1 905
3 965
4 783
1 252
6 329
9 491
9 714
8 64
7 769
7 412
10 189
3 355
4 590
8 49
2 736
3 794
3 435
9 490
3 884
7 831
3 977
10 260
3 559
10 614
1 662
3 137
9 92
1 162
4 948
7 416
10 640
10 402
3 276
6 982
10 225
5 540
8 262
9 9
7 814
6 356
7 556
7 794
2 366
3 56
10 352
2 810
4 230
2 116
1 366
3 267
2 54
9 507
5 459
10 384
6 444
9 701
2 945
5 720
1 634
9 146
3 610
7 47
1 583
9 234
2 150
1 680
6 321
7 232
5 205
6 650
9 8
7 140
6 868
7 20
9 210
1 68
1 389
10 553
9 138
1 935
8 278
8 218
4 711
1 457
1 673
3 386
3 947
8 510
6 362
9 808
2 946
7 889
10 170
5 76
6 975
5 234
4 629
7 502
8 938
10 752
10 933
9 839
9 827
5 773
1 12
6 95
10 510
2 55
3 226
1 650
8 546
7 721
1 159
6 777
6 842
8 463
4 684
2 860
1 252
5 750
9 919
5 14
6 789
4 191
2 827
6 600
2 443
5 611
10 64
5 398
6 193
3 411
2 623
3 723
5 841
8 489
1 55
1 79
2 346
4 152
4 37
10 184
6 391
5 913
1 151
6 43
1 197
5 220
7 601
10 535
2 483
9 786
4 325
7 943
1 865
9 159
8 520
10 191
9 288
9 345
8 144
10 194
4 872
9 391
9 687
6 820
4 819
3 43
5 19
10 570
5 501
6 580
1 371
3 41
1 510
6 851
3 510
6 433
5 196
3 212
9 116
3 230
2 247
10 225
4 785
1 532
7 511
5 765
8 734
8 98
9 259
5 174
5 978
6 681
7 494
4 648
3 552
7 430
9 920
4 591
9 172
9 185
4 173
7 493
5 459
7 940
3 408
4 848
10 420
3 178
3 351
4 362
8 735
9 247
8 315
1 921
5 86
1 384
10 653
8 54
4 969
7 448
5 164
2 862
8 318
9 183
9 529
6 24
6 354
6 1
2 668
5 179
1 375
1 847
8 863
8 392
10 545
5 304
8 380
6 642
6 717
3 237
1 603
8 386
9 173
1 829
1 246
5 270
1 60
10 663
5 403
8 86
1 644
1 67
2 288
9 523
7 308
2 135
9 127
3 879
7 13
1 372
1 350
5 375
6 600
4 864
5 358
4 43
4 730
7 719
6 511
9 176
8 84
3 1
1 557
3 503
4 205
4 749
4 169
1 399
1 188
4 375
3 710
7 15
6 88
2 365
5 845
6 621
5 60
3 150
7 361
7 762
4 808
8 627
8 530
10 640
1 427
3 920
2 628
7 790
7 717
2 116
3 743
9 77
8 283
1 175
6 302
1 662
1 195
8 943
9 402
1 386
9 908
5 915
5 926
5 457
8 825
4 54
6 867
2 599
8 59
2 644
3 94
8 800
2 86
8 388
10 594
5 318
3 334
9 527
1 490
2 220
1 41
5 242
9 227
1 375
8 881
5 496
1 757
9 486
10 808
3 404
8 94
2 372
1 328
6 520
7 791
3 539
5 189
8 177
6 873
4 371
8 907
5 176
8 769
4 677
7 146
10 952
4 383
9 696
5 269
9 366
8 58
2 569
6 88
8 111
6 887
2 542
10 992
5 958
10 792
6 185
1 96
9 790
7 169
3 839
5 836
3 374
5 435
5 80
5 733
2 799
7 179
8 789
6 4
1 617
2 603
8 934
1 611
10 448
2 608
2 828
5 270
1 863
2 749
10 999
10 553
3 438
8 120
4 383
1 946
3 434
1 402
8 695
6 893
10 235
4 862
2 31
6 304
10 125
1 601
6 609
3 496
10 67
10 137
10 894
6 997
7 709
1 237
6 568
7 872
4 59
8 309
7 889
10 539
8 358
2 738
2 172
4 722
2 934
4 474
5 553
2 642
10 780
1 897
2 515
5 915
10 786
2 685
3 217
3 430
2 307
5 134
3 160
10 321
6 398
6 743
3 69
10 789
5 28
8 533
9 408
2 817
9 668
1 312
8 872
6 346
8 396
9 658
7 139
3 558
5 933
9 568
8 905
6 423
6 717
1 664
1 235
10 40
7 829
3 100
4 808
3 730
6 683
3 73
7 759
7 922
10 470
7 837
5 409
4 551
9 736
10 86
8 778
10 417
3 581
5 105
9 867
3 306
2 187
10 668
6 145
9 59
10 818
9 977
2 431
8 316
2 823
9 247
1 390
6 604
6 268
6 828
7 81
2 662
7 344
3 312
6 73
3 20
4 150
1 579
6 673
8 475
2 536
10 962
9 304
5 399
4 587
1 163
8 722
2 923
6 836
6 493
10 622
10 660
8 307
7 9
6 884
7 38
8 19
7 325
1 273
7 949
10 464
6 610
1 734
10 481
5 951
9 253
6 250
5 295
10 112
5 890
10 486
6 411
10 559
9 324
7 279
4 967
10 725
6 789
5 740
8 805
4 543
3 943
9 851
3 991
8 835
3 924
8 196
10 248
4 678
10 281
7 874
3 599
4 43
2 861
2 309
2 742
2 701
1 878
4 893
4 54
10 597
1 984
1 375
8 112
5 833
2 809
4 727
5 961
6 127
2 424
4 439
8 987
2 965
8 764
6 692
4 770
3 976
9 688
8 795
6 28
3 803
10 608
4 64
10 514
6 464
4 638
1 923
9 865
1 491
4 412
9 696
8 270
1 641
5 250
3 347
2 516
9 382
7 113
3 210
2 826
2 293
9 807
3 596
6 257
1 927
3 879
4 879
1 359
8 539
6 895
7 609
10 841
3 274
7 178
3 980
2 411
7 634
9 721
2 571
1 584
10 311
8 716
6 511
8 596
5 574
6 468
6 602
8 800
6 315
1 319
5 198
2 123
4 260
1 614
1 479
7 564
1 94
9 368
7 528
9 239
7 382
8 99
4 704
7 907
7 763
8 191
7 682
3 946
3 731
6 370
9 937
1 716
2 887
1 32
2 298
10 662
4 52
7 193
3 182
6 234
7 207
7 321
3 773
8 354
2 46
1 882
6 6
9 682
6 119
4 598
5 950
9 540
2 252
10 274
10 303
4 49
3 11
5 170
10 344
8 510
2 44
6 533
10 831
10 842
1 561
9 570
9 647
6 73
7 193
7 826
1 580
4 122
3 850
3 395
4 815
8 540
1 581
10 530
9 492
7 732
4 366
2 858
10 264
9 581
5 810
10 35
2 239
7 386
1 326
2 553
3 215
1 145
1 892
1 120
3 757
7 330
8 567
6 582
3 68
1 327
10 144
1 176
10 318
1 477
8 585
2 365
10 986
6 83
5 117
10 885
1 741
1 655
4 541
5 636
3 42
5 933
9 45
6 125
4 760
9 830
1 578
6 217
4 947
9 922
3 280
8 658
7 917
7 328
4 203
8 305
10 638
1 592
5 261
2 377
7 805
4 434
9 752
6 377
9 915
7 170
3 764
6 562
4 186
10 517
8 667
1 912
2 8
3 510
9 7
2 45
3 328
7 354
2 652
2 510
3 211
6 688
8 767
10 495
7 621
9 889
10 254
5 462
7 466
6 714
3 600
5 281
5 342
6 144
5 139
4 333
2 241
8 934
3 261
1 921
1 156
6 15
6 11
2 651
10 110
1 628
10 651
5 733
6 389
4 317
8 654
4 788
6 21
8 496
4 878
8 635
8 663
7 458
6 762
1 129
7 457
10 373
9 397
6 810
9 521
4 968
1 678
4 823
6 689
4 267
2 997
4 161
7 288
10 427
1 410
1 445
6 994
5 272
2 794
7 484
9 932
4 33
9 583
8 687
9 8
9 299
1 553
4 566
2 901
8 625
7 980
5 691
8 613
3 174
1 275
3 193
1 732
2 617
7 726
5 252
8 667
7 665
5 46
8 495
10 513
5 678
7 14
6 894
3 280
3 354
10 892
8 627
4 167
9 581
9 867
3 221
7 240
8 650
3 85
8 339
5 846
8 421
4 548
6 932
9 533
1 781
3 731
6 896
6 800
3 361
9 78
6 521
10 49
3 156
6 361
6 237
3 284
2 467
4 40
7 727
6 278
9 579
7 965
9 34
8 374
1 969
3 284
2 865
5 839
9 122
9 582
5 241
9 715
2 430
1 52
5 290
4 465
2 256
3 554
7 5
5 466
2 515
1 693
5 886
5 852
2 676
1 883
9 725
6 492
8 975
7 565
2 198
3 959
10 743
2 419
7 725
10 547
10 478
4 266
4 879
5 60
1 855
8 990
2 597
3 897
9 878
8 867
2 247
3 515
5 34
7 511
10 363
5 327
6 175
2 530
5 474
3 265
3 398
5 819
10 888
2 509
2 967
5 663
10 176
10 396
3 285
8 316
3 249
10 370
2 226
2 621
8 726
9 294
9 742
8 705
2 465
7 868
4 894
10 44
7 866
5 608
3 588
6 172
8 457
9 616
1 1
9 348
10 454
8 931
7 305
9 738
9 869
7 864
5 405
3 246
7 278
4 394
6 601
10 28
10 221
1 967
1 792
4 640
3 388
9 704
6 715
6 617
4 387
3 519
9 365
4 217
8 369
8 683
6 724
10 905
7 937
8 395
4 592
9 201
6 1000
4 458
9 802
6 866
8 828
8 598
1 654
7 694
8 218
9 513
6 591
3 893
10 617
4 184
10 635
1 477
5 486
6 146
7 984
1 178
4 956
4 952
7 988
8 872
9 228
9 703
7 237
6 656
1 237
1 452
2 711
4 685
4 168
1 6
9 869
1 455
9 693
2 171
8 84
4 796
10 669
1 124
2 725
2 373
7 680
4 558
3 603
1 702
5 24
6 959
10 85
6 172
6 70
2 358
8 270
2 592
6 203
5 95
5 600
1 2
4 268
5 699
1 155
2 297
7 257
4 392
9 963
1 592
1 764
3 106
8 463
3 382
6 243
4 207
3 225
6 437
9 807
5 634
10 23
2 435
9 243
2 767
2 230
6 58
10 947
1 824
2 177
8 965
3 631
8 212
1 847
6 297
10 398
3 913
7 776
4 753
10 37
2 995
3 251
2 940
9 555
3 269
6 711
4 74
9 600
6 595
5 543
1 186
9 281
10 378
8 550
7 603
5 984
10 726
2 561
9 155
4 555
2 703
8 398
7 114
1 771
4 720
2 676
9 937
6 143
9 907
10 957
6 637
7 806
9 155
5 694
1 378
4 623
6 603
7 410
2 382
2 854
5 311
8 174
3 286
1 804
9 95
4 657
5 325
10 920
5 821
7 923
5 553
5 861
4 106
3 717
5 4
8 737
6 60
2 153
3 513
2 727
1 754
10 446
1 344
6 753
2 761
10 165
2 626
1 220
10 233
2 262
9 696
10 378
4 531
2 37
3 455
4 851
8 566
8 504
8 446
6 200
10 647
2 240
2 110
9 470
9 206
9 101
7 815
1 546
8 830
4 140
6 673
5 505
9 201
7 276
7 579
8 539
2 501
8 565
2 956
9 463
2 572
10 869
8 332
2 109
9 242
9 566
6 741
9 417
8 952
1 421
1 505
8 461
10 71
4 318
1 649
9 349
4 832
2 934
7 566
4 409
8 778
9 119
8 274
9 771
9 432
9 840
2 477
8 681
9 437
4 265
4 755
10 697
10 499
2 512
8 510
9 569
3 384
7 863
8 532
7 624
5 110
7 380
5 143
3 73
1 467
10 763
2 777
2 480
8 513
10 188
2 907
5 852
2 496
8 841
2 321
7 178
8 768
6 758
8 983
7 836
1 609
9 339
3 294
3 217
7 422
3 277
6 631
3 779
7 40
3 942
1 460
5 103
6 457
4 254
5 880
2 77
6 580
10 906
9 630
1 251
1 60
1 966
9 9
4 125
4 138
7 471
5 312
7 552
10 596
3 507
5 610
4 745
8 579
10 909
10 71
6 629
3 514
4 35
9 506
5 720
6 232
1 3
2 674
3 889
3 27
9 231
7 151
7 516
9 890
9 808
8 308
2 799
7 753
8 301
3 807
3 124
8 625
7 555
6 892
6 320
3 66
3 650
2 507
4 803
6 469
1 903
9 325
1 799
1 933
3 514
1 913
8 302
6 606
3 538
6 338
5 981
6 652
2 544
3 775
3 902
2 715
10 918
2 635
8 755
4 926
6 834
9 167
7 663
9 159
3 249
4 313
6 57
9 96
10 852
1 976
7 366
1 48
7 863
10 706
6 700
3 192
6 193
2 756
10 659
10 518
9 71
3 926
9 129
8 197
10 316
5 602
10 926
3 402
7 806
2 780
3 171
7 914
10 784
7 864
6 215
9 619
5 743
3 716
8 347
9 931
9 530
4 225
6 851
3 916
4 989
2 713
4 7
9 94
9 298
5 861
6 898
2 859
9 434
4 567
3 570
9 928
6 802
4 776
5 435
9 416
10 984
9 466
6 611
9 808
9 259
10 296
9 735
5 949
3 482
7 266
3 554
10 800
10 80
5 526
10 568
2 827
8 827
1 964
9 298
3 850
6 36
5 302
4 924
10 98
4 875
5 82
3 923
2 113
8 640
6 577
4 734
4 402
9 989
6 155
4 76
8 840
9 299
8 914
8 27
5 601
9 317
5 199
6 798
1 184
10 155
2 135
8 722
9 136
4 79
10 962
7 408
5 801
6 819
8 100
6 932
8 702
3 3
3 705
6 481
9 222
10 236
10 625
4 608
10 878
9 458
10 815
7 261
10 564
9 325
1 925
1 41
6 359
6 232
3 962
6 334
3 676
6 653
8 461
9 567
7 529
9 22
7 22
9 427
4 589
5 893
9 918
7 999
10 378
5 148
5 117
1 610
5 624
10 41
9 345
7 566
4 912
9 164
3 910
6 258
5 499
3 175
2 293
7 547
9 553
5 183
2 728
3 194
4 37
9 11
4 737
4 109
2 581
7 83
4 881
2 146
7 920
9 427
8 979
2 479
9 36
8 996
1 870
3 576
10 184
6 246
10 838
8 203
2 997
2 464
7 98
7 553
4 942
9 974
3 858
9 444
5 347
3 919
9 688
10 942
3 152
9 413
4 252
9 988
2 224
9 426
5 219
6 246
3 360
9 301
7 296
1 185
4 844
5 711
1 353
10 859
7 402
5 460
6 592
5 508
9 787
6 309
6 22
4 925
5 829
4 684
10 292
1 75
2 520
6 934
1 969
2 387
6 897
6 20
2 954
1 814
8 29
1 341
5 917
10 176
5 529
6 421
3 885
5 974
2 512
4 707
1 937
1 62
9 890
2 885
7 734
9 940
6 382
1 123
6 758
1 621
10 415
6 573
4 700
9 282
4 930
4 242
6 815
10 114
9 340
8 392
10 919
7 957
7 684
10 969
7 3
1 66
1 254
8 21
4 394
5 744
2 827
9 867
8 756
5 932
1 220
9 408
6 712
4 239
7 558
1 277
9 875
2 983
10 925
9 249
6 465
4 804
1 159
4 640
5 384
2 25
9 2
10 93
4 334
2 503
9 83
7 398
3 900
2 617
5 260
6 607
8 12
5 48
9 272
8 847
10 364
5 50
3 527
10 533
2 439
3 206
7 150
3 673
2 826
8 16
8 926
6 777
5 720
8 886
9 201
2 942
8 851
2 162
3 404
10 735
7 752
2 116
2 941
10 713
9 79
6 503
4 188
4 989
1 885
10 468
9 507
4 880
6 784
3 615
5 682
5 162
7 534
4 282
5 72
3 839
9 880
4 187
2 596
7 245
5 463
6 443
9 85
5 786
8 668
5 289
7 385
9 804
4 810
4 607
3 752
7 408
10 867
7 273
3 762
7 796
2 680
1 173
8 778
1 252
5 334
8 396
8 496
4 314
10 228
4 928
2 639
7 278
5 2
8 192
2 865
1 870
8 867
8 652
3 959
4 530
1 294
9 473
4 390
9 862
4 274
6 318
8 394
1 905
8 670
8 901
4 487
4 454
9 595
7 390
3 319
7 517
7 742
2 314
3 749
4 992
8 516
10 878
4 448
5 516
6 494
9 485
4 855
5 419
5 137
4 608
7 30
1 804
1 771
6 679
10 256
10 220
5 758
6 412
10 947
7 991
3 746
5 702
1 993
9 217
2 612
6 783
7 820
2 780
2 615
9 541
4 897
4 877
8 314
1 763
6 378
7 437
10 866
5 312
3 416
4 852
3 223
4 555
6 721
2 141
7 294
2 453
4 736
10 165
8 101
8 426
5 366
10 856
7 182
3 573
5 273
7 476
2 526
10 719
8 693
1 646
8 879
7 994
9 495
4 376
10 54
2 921
8 689
6 550
4 466
9 165
10 85
8 821
7 993
10 76
7 908
10 701
10 294
8 989
7 187
7 734
3 737
7 768
9 937
3 435
3 313
10 722
8 996
10 171
1 322
2 475
2 443
8 387
3 590
1 228
3 908
1 824
2 972
5 381
2 55
6 250
6 764
5 614
8 795
3 292
6 874
5 743
7 427
10 223
10 223
7 697
1 822
1 455
9 581
4 926
7 997
8 51
5 506
2 247
10 511
1 684
7 790
5 952
3 456
2 185
1 287
6 5
10 539
3 135
10 1000
2 985
1 892
2 427
9 539
2 930
9 352
6 54
4 261
8 155
10 903
2 337
9 543
2 289
9 160
2 643
6 304
8 886
2 304
2 878
9 741
9 180
7 907
9 736
2 66
6 978
4 589
2 41
1 460
4 753
9 844
9 387
2 999
5 686
9 438
7 81
3 205
5 1000
6 533
1 49
4 355
8 140
5 807
3 165
9 300
1 195
8 910
6 934
4 485
3 35
1 656
7 419
1 437
10 430
3 78
7 686
7 101
2 69
6 115
2 740
6 343
8 761
4 687
6 662
1 718
2 87
5 810
8 295
9 61
7 856
8 524
3 853
6 250
5 77
5 302
8 484
6 863
2 770
9 559
10 611
3 837
2 263
4 567
4 966
8 517
4 56
8 189
8 330
3 976
6 726
5 50
9 399
8 843
3 129
9 783
10 654
6 220
1 407
6 425
3 795
8 710
1 580
3 465
3 693
3 678
10 663
1 792
1 933
4 331
6 270
3 252
9 869
3 520
7 734
4 210
4 278
10 223
2 862
5 504
7 942
7 174
4 96
9 798
7 574
7 932
3 530
3 408
1 150
1 136
5 550
4 192
7 117
8 640
3 943
4 260
6 646
2 725
4 551
5 677
10 815
8 420
4 92
2 646
6 323
1 659
5 736
5 401
6 764
5 293
3 606
2 986
7 916
3 652
2 311
3 936
2 91
4 693
5 621
6 587
7 551
7 703
9 353
9 283
1 867
10 624
7 540
7 232
4 229
5 587
5 309
1 44
2 911
7 688
3 284
9 552
6 822
5 518
2 61
4 323
4 94
8 290
6 679
10 479
4 643
10 266
6 709
1 218
2 52
3 933
2 978
1 394
9 660
6 897
2 104
2 643
1 881
7 333
10 671
8 93
3 781
4 294
6 543
6 782
3 302
8 512
4 716
3 620
3 342
4 499
4 184
6 27
6 105
3 606
7 28
7 8
10 114
8 258
8 399
10 858
10 469
1 852
1 240
6 171
5 824
1 917
9 463
7 871
1 411
9 611
7 745
2 1000
8 24
1 233
1 421
8 753
10 871
5 299
7 986
10 66
2 236
6 500
2 128
10 104
10 3
7 740
5 438
9 802
7 636
3 101
6 876
8 495
6 861
2 941
10 48
1 721
9 922
9 660
10 172
6 580
3 148
5 608
5 988
1 451
7 12
10 480
8 154
4 739
1 821
8 621
7 711
7 675
7 146
2 350
2 411
6 208
5 969
9 802
4 591
2 668
7 463
9 274
7 693
1 269
2 717
4 207
4 565
9 469
4 390
5 758
5 276
4 256
7 433
3 118
10 77
10 588
10 599
2 979
8 875
8 949
8 286
7 799
7 320
10 826
5 488
4 420
5 913
6 793
6 944
7 457
3 815
7 528
2 850
6 126
4 708
6 226
1 436
2 895
8 3
2 170
8 299
9 73
1 222
8 586
2 937
8 671
6 847
10 428
2 721
7 365
1 332
6 734
8 74
10 804
1 959
1 913
2 154
10 83
4 66
2 981
7 165
2 169
4 975
9 54
3 323
8 88
10 419
9 795
4 119
10 896
2 305
5 298
8 925
6 714
4 478
1 707
2 725
1 165
2 401
2 715
7 186
5 48
6 485
5 719
4 244
1 357
9 223
7 288
9 963
4 488
7 889
3 887
5 833
1 247
1 514
7 128
8 46
10 990
10 168
8 380
10 689
5 401
2 998
10 974
2 717
2 853
1 152
5 275
7 721
5 627
10 452
2 606
4 142
9 753
5 886
10 453
1 692
7 959
2 423
4 527
5 352
10 96
2 188
9 192
1 849
9 827
7 534
9 874
5 123
7 423
7 913
8 173
8 61
8 446
2 309
1 474
4 309
6 860
7 120
8 441
2 436
10 294
7 522
8 338
10 40
3 805
6 92
10 786
2 15
2 730
9 951
10 555
10 519
3 543
5 787
2 852
2 981
2 758
4 519
5 43
4 139
3 249
8 185
5 799
10 940
3 328
6 217
4 505
2 376
2 510
6 90
1 357
6 171
4 410
7 975
10 724
2 980
5 730
5 873
2 359
7 689
3 776
7 207
1 83
5 548
4 596
3 656
4 497
4 30
7 102
10 339
5 991
9 213
9 508
4 93
6 579
2 334
5 276
6 136
7 948
8 359
6 498
9 910
9 852
1 259
7 793
4 452
1 892
1 84
8 107
6 243
8 269
8 83
10 170
8 138
6 11
3 804
3 705
3 231
5 195
7 401
10 862
8 773
1 33
6 147
3 482
3 335
5 312
8 502
5 671
4 138
4 573
10 458
5 455
9 519
9 108
9 348
6 677
5 998
9 106
3 732
5 531
2 940
3 326
2 21
7 241
4 171
6 579
2 747
6 438
7 228
10 393
5 918
3 409
5 101
7 95
5 676
8 352
6 957
6 205
2 726
5 783
7 197
10 92
2 20
6 169
7 760
2 98
1 936
4 980
4 911
3 838
7 275
4 577
6 376
9 571
3 606
10 631
3 11
10 582
7 655
6 458
8 392
1 515
8 928
6 15
7 822
9 999
2 785
1 19
10 5
6 9
1 773
7 245
4 424
8 284
5 933
5 740
2 162
8 886
10 302
3 231
8 530
2 90
1 65
9 541
9 145
2 482
9 683
2 468
10 335
2 902
3 708
5 387
1 436
8 251
3 926
4 571
6 696
10 411
10 967
4 893
9 687
10 970
10 247
10 416
1 117
3 857
3 770
7 201
3 288
2 308
9 593
8 305
1 225
9 51
6 124
5 934
4 710
9 49
8 661
1 891
7 28
8 85
7 850
7 939
10 738
2 681
7 212
9 445
4 709
9 621
1 941
1 737
2 956
3 230
4 965
9 264
7 470
9 94
10 936
4 352
4 627
9 329
10 651
5 438
8 79
8 171
4 970
2 445
9 453
3 71
6 971
8 272
3 566
5 150
9 567
7 210
9 93
8 726
7 460
6 787
7 647
7 647
7 551
3 957
2 151
9 876
3 488
5 367
10 541
9 489
9 143
5 514
6 471
4 596
7 382
10 683
9 240
6 952
7 954
9 469
3 443
3 518
3 260
3 864
9 548
3 226
2 650
9 584
9 447
3 526
9 699
10 884
9 995
2 307
6 630
2 182
5 580
5 142
5 156
9 804
7 661
4 465
6 328
6 394
1 563
6 139
8 671
7 502
4 538
2 382
1 965
1 420
6 296
6 111
10 542
5 751
6 994
10 813
9 661
7 717
2 630
8 933
6 671
4 540
6 44
6 859
5 258
7 849
7 202
8 827
2 955
2 666
5 563
8 999
2 707
5 428
10 858
8 536
10 764
9 643
7 537
3 283
4 740
1 733
10 38
7 238
3 278
5 443
7 931
6 948
10 833
4 687
10 699
2 316
5 974
7 138
8 88
4 707
4 359
7 875
3 927
10 212
9 443
10 3
5 97
3 463
4 878
2 780
9 369
2 454
4 160
1 230
8 997
10 799
9 602
4 383
10 1
4 236
1 366
9 135
1 994
1 312
6 968
10 378
1 151
5 837
6 879
5 370
7 678
9 667
9 923
2 641
2 386
1 270
10 732
10 239
8 982
7 619
2 450
2 739
7 629
7 634
6 763
5 353
4 189
1 335
6 241
7 174
3 83
10 645
3 597
6 139
4 742
5 862
2 700
5 713
4 719
6 168
7 680
2 50
3 739
7 78
4 163
9 40
6 364
5 375
8 424
5 951
7 863
5 382
8 245
1 671
2 929
10 248
10 882
8 432
8 712
9 947
4 604
8 941
1 483
9 805
1 373
6 968
3 241
9 648
8 201
9 486
3 706
9 741
7 552
4 720
5 895
8 286
7 578
5 733
10 674
4 779
6 663
1 428
3 47
7 135
2 110
8 459
5 902
6 708
4 756
5 966
10 161
5 558
1 298
5 316
8 12
9 264
9 572
6 281
3 661
3 688
10 525
9 617
6 959
5 355
4 753
7 614
9 354
4 904
2 558
8 683
5 596
3 759
2 560
6 536
6 167
6 905
10 797
10 323
7 366
1 827
10 399
8 560
9 632
2 428
2 138
8 891
8 777
10 862
4 570
5 599
5 31
7 740
10 126
7 204
9 270
6 521
1 38
4 424
9 853
8 665
5 452
9 409
2 562
5 137
10 235
5 139
1 883
4 265
2 691
2 884
3 206
5 637
3 835
6 133
2 198
6 387
4 128
8 884
3 382
8 794
2 391
2 3
9 700
1 645
9 80
6 294
8 243
1 357
2 128
4 5
2 171
8 70
2 931
10 910
9 270
5 840
7 7
3 37
9 712
7 765
3 312
2 463
3 566
4 898
1 166
3 607
9 375
6 406
1 998
7 980
7 212
10 424
4 916
10 628
9 499
9 907
6 860
3 57
6 328
4 648
7 277
3 727
5 3
1 88
9 175
7 341
1 821
1 303
8 360
4 144
10 491
6 95
10 809
1 123
3 935
5 240
6 405
4 214
10 510
8 944
10 748
7 280
1 922
8 639
6 866
9 793
10 873
1 597
2 780
8 298
2 422
3 76
8 39
7 383
1 359
8 342
1 209
1 189
5 366
4 662
9 929
8 82
5 73
8 745
7 898
5 135
8 128
3 156
10 908
6 548
8 757
3 485
6 978
2 872
6 508
2 345
3 450
6 948
8 114
6 744
2 848
1 520
5 1000
6 932
6 129
1 628
2 676
1 490
4 770
1 242
9 773
9 997
5 30
3 55
10 620
8 461
3 981
10 763
7 815
5 532
8 408
7 521
10 249
9 535
8 984
10 472
6 500
10 916
8 774
5 416
1 145
3 294
9 704
3 866
10 136
3 319
4 787
4 28
7 723
2 557
1 836
10 273
2 513
3 966
1 80
1 802
5 693
10 509
9 162
1 638
8 474
1 19
4 853
2 834
7 168
