9532
8 74
7 92
10 839
1 543
7 710
2 989
7 684
5 853
2 325
4 112
7 865
8 946
9 889
7 22
10 126
8 35
2 381
9 826
4 616
9 744
5 75
7 897
6 94
8 426
3 880
7 162
5 20
8 87
6 810
4 104
6 662
9 239
8 762
8 76
1 515
6 603
5 821
1 74
7 308
2 42
5 834
4 108
8 309
2 234
1 831
5 295
5 975
6 956
10 998
3 818
3 794
6 296
8 931
3 962
6 89
5 998
10 596
7 566
1 863
5 331
1 741
3 876
10 346
5 315
10 341
6 580
7 958
9 235
6 886
7 455
2 24
6 287
3 777
1 304
9 194
8 869
1 216
6 37
4 665
9 838
8 592
4 190
1 784
4 747
1 655
6 345
6 240
2 907
4 783
3 894
10 648
7 514
8 507
1 753
7 257
7 64
4 115
4 762
1 769
7 359
4 154
5 486
10 551
5 135
3 289
8 553
3 9
5 722
2 278
7 765
5 328
9 22
5 993
10 473
3 192
3 612
9 325
4 834
10 928
5 404
6 567
2 647
8 992
9 611
6 952
10 358
1 852
4 597
4 331
5 378
8 762
8 564
4 591
4 50
1 823
10 104
6 781
6 398
8 598
5 694
5 188
6 851
5 821
9 752
10 161
2 429
6 228
3 855
4 926
1 491
3 739
7 643
3 306
10 59
3 869
8 359
2 652
2 289
7 115
8 924
9 450
9 388
9 94
2 399
7 488
4 615
2 683
4 205
5 898
8 93
2 520
3 881
9 295
3 955
9 488
10 115
4 785
8 266
2 208
9 291
1 959
10 544
2 996
2 671
10 820
3 137
10 656
1 92
8 647
1 121
3 435
5 799
3 289
7 783
5 482
5 321
3 20
8 107
10 520
4 966
7 826
8 858
6 435
1 199
1 625
5 980
3 583
3 336
6 237
5 496
2 663
6 563
4 501
1 576
2 470
3 874
1 20
2 479
3 666
10 917
7 685
3 715
2 156
3 468
9 738
10 606
7 968
8 211
10 2
7 647
4 583
10 749
8 238
3 438
1 265
9 930
5 926
8 614
3 956
8 975
8 666
7 803
8 208
6 823
3 279
1 460
1 586
10 136
10 121
10 993
7 142
4 45
4 894
7 538
10 649
4 266
9 923
5 970
7 530
5 343
4 476
10 740
3 696
10 665
6 774
2 96
9 581
4 108
10 978
6 136
6 357
4 25
5 346
4 752
3 530
2 242
2 902
6 97
5 307
7 40
1 478
5 808
6 807
10 367
7 526
2 785
4 779
7 451
3 968
6 915
10 571
8 983
4 663
6 869
7 658
10 348
10 892
10 233
10 52
7 987
4 213
1 932
4 300
6 429
4 375
6 81
8 496
5 284
6 566
6 613
6 620
6 762
3 336
10 78
8 49
9 732
10 341
10 740
4 862
4 551
5 591
8 354
3 34
9 738
10 926
8 373
10 423
5 265
10 795
1 968
1 326
2 255
6 59
2 166
6 87
6 556
6 361
5 13
3 636
7 220
5 400
8 167
3 262
4 734
3 218
2 233
8 267
1 990
6 709
10 504
4 33
4 30
4 95
3 688
6 856
8 112
4 581
6 108
10 223
3 591
6 908
4 487
10 310
2 668
8 524
9 666
8 269
1 761
8 466
4 244
10 484
8 506
10 41
9 832
7 53
2 248
5 478
9 560
5 900
4 473
4 930
6 992
4 346
3 854
5 786
6 610
1 42
9 983
4 978
2 267
7 704
2 658
4 769
9 142
3 839
2 224
4 981
5 678
3 322
6 313
2 911
2 215
10 114
2 721
9 470
8 398
5 596
2 623
8 721
4 240
1 799
10 529
2 885
3 104
8 13
10 690
9 131
9 92
3 883
9 990
1 264
1 947
9 664
1 898
7 134
4 640
1 266
8 393
6 474
1 428
6 353
8 152
5 255
2 554
8 905
3 236
1 59
7 887
5 505
6 852
1 275
10 646
4 572
6 524
6 989
9 851
5 690
9 376
7 193
5 551
7 706
9 430
8 326
8 633
10 756
6 847
1 25
3 948
4 578
10 178
9 637
8 693
10 134
1 944
2 414
5 184
2 468
1 263
7 468
2 139
2 233
8 192
1 847
1 506
7 304
7 787
7 718
2 687
7 192
10 194
5 790
6 242
4 300
9 637
3 2
2 113
10 763
7 376
2 911
10 234
5 575
10 639
8 252
1 304
10 27
7 821
3 714
5 404
4 996
7 683
9 31
8 601
9 592
10 41
4 440
1 107
3 413
2 273
2 390
2 328
3 193
5 554
10 442
3 838
7 836
8 78
1 262
6 541
3 59
2 408
1 951
2 155
4 543
3 674
4 540
5 692
5 378
5 412
7 461
2 91
4 476
1 97
5 437
9 230
1 301
10 688
10 289
4 215
2 167
1 310
6 544
2 653
3 399
1 344
7 594
10 945
10 295
2 15
5 749
3 154
5 624
3 758
4 970
4 389
1 325
8 873
10 509
2 60
3 267
5 615
4 655
9 109
3 812
3 999
9 676
7 584
4 407
7 533
2 928
5 449
1 230
2 967
9 941
6 426
2 103
5 299
2 266
5 460
7 153
1 805
1 757
7 898
1 515
5 795
7 584
1 931
2 679
1 937
7 454
3 252
8 197
9 843
4 584
2 307
7 876
5 854
8 844
8 403
2 824
5 316
3 165
4 76
8 969
10 975
7 146
10 933
5 806
10 28
6 6
2 920
10 804
9 34
5 524
3 918
8 799
1 997
5 949
6 398
6 221
10 112
6 448
1 775
10 458
8 561
8 155
3 681
6 810
9 161
1 693
8 93
6 797
8 674
1 284
5 79
1 541
10 384
2 213
5 222
8 971
5 915
7 410
6 14
2 254
9 732
4 647
10 236
4 569
7 138
10 141
5 354
3 249
2 253
4 299
6 18
9 64
2 167
8 701
10 74
6 169
10 859
9 291
1 141
10 24
3 671
8 582
7 618
10 427
10 105
4 896
9 165
5 428
9 721
6 829
1 290
10 227
1 870
3 172
6 441
4 129
9 965
7 54
9 434
3 7
8 98
10 424
7 858
3 747
2 623
1 538
8 384
6 870
7 335
9 735
7 114
5 680
5 249
7 289
3 127
8 546
4 476
2 75
6 488
2 823
1 470
2 455
5 768
7 642
6 466
5 257
4 742
1 365
8 459
3 395
4 518
9 531
3 67
10 97
1 404
7 469
2 225
1 116
10 315
2 514
1 808
8 46
3 275
8 639
9 21
9 688
4 319
2 735
1 915
1 139
3 299
2 441
4 857
4 978
9 601
2 762
5 927
1 16
6 925
6 265
4 178
7 895
2 932
4 466
2 465
2 856
5 794
8 838
2 393
9 664
8 208
2 386
10 220
4 997
6 641
1 913
7 815
4 362
4 498
5 69
9 497
9 789
1 9
5 158
8 408
5 580
7 309
2 62
3 523
2 154
9 688
1 620
10 418
6 475
3 820
8 921
3 480
2 375
4 123
8 929
1 987
5 388
9 894
1 904
4 219
8 933
3 254
6 986
2 895
1 788
9 560
9 997
7 228
2 131
1 206
8 241
1 904
3 42
6 765
4 278
4 509
5 30
7 18
3 464
8 569
3 192
6 545
8 845
7 692
10 967
1 786
2 619
10 734
8 723
5 514
3 117
7 291
10 458
3 497
4 136
10 50
5 678
2 210
10 851
6 912
9 338
5 769
9 747
1 881
1 528
10 204
5 267
3 967
1 65
1 229
7 359
2 530
6 160
7 479
5 994
5 650
3 968
3 940
9 156
9 260
2 823
3 390
10 814
8 739
2 358
7 515
4 162
10 573
8 548
2 348
7 444
9 507
9 901
5 773
8 452
3 121
4 584
1 879
5 322
8 582
6 124
4 445
3 421
1 897
8 293
5 272
2 856
8 312
2 825
9 513
5 88
1 148
1 212
4 403
4 601
2 420
9 60
4 670
6 568
2 786
6 610
9 542
5 808
10 839
4 483
10 950
7 605
10 117
3 692
5 874
7 162
3 793
6 1
10 676
8 294
9 406
3 818
2 336
7 210
9 80
4 88
2 822
4 818
8 753
6 845
3 845
1 757
4 679
6 27
7 178
10 355
3 458
7 770
1 870
4 96
3 737
2 751
10 363
7 775
3 434
5 986
2 932
3 410
8 959
3 11
8 995
6 512
3 394
9 279
10 136
9 188
6 567
7 47
3 761
10 277
9 810
3 658
7 474
5 241
9 766
2 126
1 697
1 73
5 408
3 422
7 365
6 402
6 253
6 513
6 595
8 338
4 447
7 444
2 972
4 324
4 510
2 838
9 10
1 174
7 914
8 689
2 527
5 677
10 853
10 695
1 450
9 280
8 872
4 639
7 250
8 983
10 906
8 734
9 303
3 740
4 371
9 518
1 34
1 232
10 892
7 718
8 294
8 312
4 129
8 655
8 66
5 572
5 399
7 635
8 415
8 283
4 298
3 108
5 104
1 941
5 118
3 775
2 994
3 766
6 154
6 421
9 380
9 201
4 358
2 694
9 48
8 150
4 977
8 796
7 578
2 510
8 398
5 888
2 183
10 519
8 427
3 559
10 539
6 871
7 264
5 904
10 298
8 78
7 322
1 977
1 375
4 926
6 396
4 808
1 603
9 911
5 835
6 392
8 401
2 183
7 785
5 728
1 491
10 387
6 311
1 764
2 261
4 589
5 868
3 984
6 758
6 305
8 616
6 818
6 937
2 701
2 592
6 396
7 500
5 936
2 299
9 232
8 796
9 381
3 909
4 635
10 268
9 919
1 698
1 972
7 339
1 783
9 186
9 167
7 459
2 986
6 387
10 582
10 905
8 93
5 294
10 987
4 357
2 162
1 570
2 208
3 786
5 889
3 778
5 24
7 350
5 383
6 310
10 738
1 43
2 962
4 746
1 539
2 290
9 149
4 811
3 297
10 975
5 505
2 475
8 966
1 283
5 833
7 803
3 107
1 726
5 482
8 215
7 428
2 83
3 561
9 273
7 616
6 113
6 214
3 648
6 161
10 156
9 44
1 380
8 383
1 77
2 375
6 360
1 59
3 789
10 900
4 523
1 751
9 411
9 68
7 507
2 548
3 257
10 402
7 268
8 748
6 999
5 938
9 92
7 442
10 927
9 856
4 534
8 576
3 106
7 596
8 580
10 333
3 804
1 380
4 972
8 736
9 689
6 142
3 461
8 464
10 231
4 408
4 958
5 714
10 614
6 989
6 712
2 181
10 639
2 328
8 102
9 251
10 243
5 103
9 235
8 264
9 997
1 274
8 697
9 911
9 590
10 234
9 757
2 230
10 976
1 473
2 337
3 134
5 773
5 250
4 148
1 869
2 156
9 982
7 544
6 518
2 84
9 677
4 817
7 319
5 532
10 168
9 919
4 778
6 486
3 824
9 167
2 7
5 168
8 730
5 974
9 285
10 646
3 909
9 638
3 294
9 172
1 699
1 990
1 966
4 6
2 658
9 985
2 680
7 639
5 86
8 631
3 595
9 791
10 265
5 839
1 377
4 481
2 120
4 769
2 571
5 439
2 830
7 88
7 899
6 509
1 347
3 47
5 713
7 441
8 11
10 327
2 755
3 944
3 910
1 708
2 194
6 731
10 552
8 530
7 402
2 660
5 138
9 73
3 974
6 34
8 778
8 554
5 474
5 570
4 4
9 432
6 590
6 907
7 974
3 569
3 21
5 150
1 46
10 41
3 982
5 719
10 368
5 994
5 199
5 282
1 408
5 906
2 310
8 866
8 583
10 905
7 183
5 793
8 412
10 990
4 667
2 561
5 638
9 853
5 335
2 641
2 133
10 969
8 311
3 923
2 790
7 665
8 523
9 508
7 557
5 727
6 798
3 279
9 138
8 616
10 978
5 943
9 325
1 545
9 644
7 645
10 581
10 170
1 800
5 820
7 970
1 918
3 644
7 551
1 998
2 468
4 949
10 355
8 221
3 72
4 680
10 91
1 501
4 603
1 697
3 476
5 808
10 364
2 810
9 387
2 535
3 241
7 580
1 876
8 920
1 930
2 950
4 761
7 498
10 923
2 932
8 223
4 419
7 118
9 926
1 66
10 999
8 411
4 455
8 119
1 57
5 83
9 148
4 732
10 125
4 605
8 897
6 503
1 677
2 779
8 443
3 376
10 57
9 796
7 574
5 6
2 192
7 310
3 840
10 194
10 374
4 573
8 372
8 925
10 422
6 2
5 474
8 774
10 572
10 41
4 658
1 697
2 270
8 506
3 330
1 451
1 842
10 744
9 439
3 117
10 117
6 277
4 700
7 232
4 653
4 991
7 232
1 340
3 827
3 91
7 415
2 13
9 216
7 436
1 919
8 92
4 744
4 601
9 333
10 57
8 278
3 351
9 192
5 776
6 654
8 434
2 360
1 527
3 944
4 86
10 927
10 625
7 547
5 194
3 649
2 828
9 713
5 704
5 91
7 927
9 124
9 2
9 469
7 610
4 991
9 52
7 591
1 123
10 592
5 41
10 344
9 348
9 211
4 822
10 504
2 861
6 886
7 226
5 202
6 544
4 907
7 267
9 442
6 282
10 800
1 259
2 401
2 323
4 980
5 444
4 401
8 564
1 348
5 466
6 66
9 269
2 62
8 832
4 807
8 714
2 800
8 427
4 657
4 420
6 560
6 593
5 932
7 768
5 237
5 464
4 649
3 287
5 650
6 413
10 183
8 520
7 735
1 222
1 806
6 340
3 740
1 727
4 306
10 250
1 870
7 787
9 501
4 669
10 692
1 63
3 659
10 16
1 495
10 214
2 451
9 109
3 798
10 914
1 974
8 626
3 381
10 289
2 222
6 711
6 657
9 257
8 975
6 980
5 332
9 551
3 607
6 618
8 950
5 739
4 631
9 871
5 599
5 903
8 440
8 655
9 855
7 774
9 503
5 79
5 713
10 423
5 423
2 590
2 512
7 935
8 998
6 811
4 282
9 257
1 81
10 715
3 220
8 824
3 686
2 201
7 740
8 454
6 303
3 892
2 982
9 332
1 756
6 223
3 795
9 694
8 744
4 622
8 898
1 764
8 490
3 28
6 677
9 199
9 814
3 913
6 936
2 186
9 995
4 672
9 956
3 516
6 34
7 659
9 777
5 473
7 898
5 788
5 983
8 469
4 304
6 981
3 386
2 839
6 331
1 34
7 683
4 5
8 572
5 662
4 402
7 512
4 542
3 390
4 995
8 272
6 503
5 880
1 894
10 628
1 103
1 683
3 198
8 742
9 302
5 219
6 282
7 600
1 640
9 949
3 639
5 794
5 936
5 393
2 905
3 536
2 685
2 682
2 480
7 834
10 628
8 114
6 908
7 394
6 743
9 223
4 962
6 830
8 410
8 439
3 81
5 502
5 475
8 985
4 676
3 102
4 286
9 774
8 345
10 961
4 742
2 984
1 317
10 121
6 70
10 753
10 940
8 489
5 603
1 469
6 196
7 954
9 81
1 579
10 643
5 221
6 846
7 259
3 151
4 773
9 814
2 182
6 840
5 166
8 505
8 745
3 487
1 160
7 132
2 896
2 219
8 767
10 619
3 852
8 636
9 563
6 743
10 347
2 317
8 732
1 672
2 982
4 830
6 108
4 766
10 769
2 869
9 464
9 901
10 755
10 833
6 926
6 371
9 359
3 558
5 818
10 110
2 440
8 371
3 734
9 353
2 754
4 462
6 38
9 76
1 134
2 97
5 131
10 149
10 717
2 323
1 502
2 610
9 3
10 760
5 411
2 183
4 840
6 991
5 329
8 223
10 362
10 767
1 309
4 622
5 500
8 591
5 71
3 112
1 833
5 443
6 705
8 805
8 244
6 506
3 694
1 604
1 4
4 188
10 866
2 587
9 347
3 177
3 328
9 107
6 281
7 455
10 738
7 576
4 414
4 424
7 301
4 792
2 786
6 374
4 542
10 283
2 780
5 346
5 114
9 306
9 630
1 835
8 136
8 119
9 683
6 732
2 814
9 541
7 944
5 919
2 903
1 346
5 155
9 107
7 628
6 156
7 59
5 371
10 80
3 432
9 576
9 608
2 538
10 10
4 547
10 576
6 289
3 156
1 81
5 934
7 954
10 543
5 233
10 726
2 594
3 330
1 790
4 115
8 522
8 491
4 238
9 372
4 791
7 967
6 378
9 62
7 761
5 719
6 413
8 893
8 330
1 990
7 913
6 340
3 857
8 542
2 384
4 856
4 749
5 716
1 739
8 38
8 974
9 773
8 933
8 721
3 176
4 978
2 901
8 966
10 575
2 769
3 959
1 390
8 127
7 62
7 555
10 25
8 283
4 172
7 855
8 314
7 211
4 944
2 627
7 618
1 695
4 533
3 641
5 79
2 928
3 161
3 248
8 376
5 611
6 370
7 428
6 428
10 471
8 975
1 190
4 398
1 768
7 20
2 77
8 952
9 590
7 155
1 973
2 629
7 540
3 217
8 582
9 109
6 853
3 553
9 488
9 82
5 358
6 847
4 621
5 514
7 1000
6 337
4 646
8 608
6 863
7 378
9 226
6 844
10 262
3 204
8 687
5 419
9 710
4 531
1 869
1 821
6 663
10 504
10 874
1 856
9 189
5 212
1 68
2 722
6 637
1 440
1 305
8 549
5 297
2 593
8 146
7 483
9 75
7 956
8 865
6 529
6 444
5 199
7 630
6 266
9 914
3 339
7 441
4 387
1 708
9 307
5 859
5 19
7 9
7 506
3 640
7 173
1 609
10 986
8 620
9 904
4 168
3 221
5 595
4 327
8 895
9 111
6 174
9 167
2 168
4 600
9 495
5 568
5 526
8 161
10 930
5 159
2 174
5 67
5 86
8 227
2 522
9 339
9 265
4 404
8 653
10 721
8 261
4 477
7 41
7 684
9 739
4 748
8 164
1 865
4 683
7 68
10 51
9 802
10 989
4 468
6 141
6 464
8 981
6 74
8 628
5 118
2 788
6 737
1 467
6 360
6 373
9 559
8 549
7 562
6 869
1 87
5 247
2 371
3 190
1 707
7 916
7 633
3 139
5 885
2 557
6 917
2 230
4 635
1 945
4 927
10 105
1 841
5 891
7 988
6 588
4 21
3 400
3 363
5 622
6 395
7 152
5 714
7 690
5 859
6 749
7 761
7 89
6 872
4 178
2 293
9 473
4 482
3 908
1 568
6 274
9 19
1 645
7 290
5 883
3 769
10 107
5 591
4 216
10 310
6 107
8 147
10 963
2 831
5 115
2 213
9 557
8 854
5 529
4 779
8 16
2 394
3 278
8 375
4 586
5 951
7 720
1 481
3 23
6 96
5 868
1 573
5 236
9 341
10 718
10 452
6 302
6 200
7 201
5 411
10 65
3 395
8 145
10 895
3 579
5 360
6 463
9 681
6 835
1 396
8 743
9 914
8 268
3 968
8 911
6 836
5 638
1 773
8 137
5 540
1 667
9 502
1 602
4 337
7 933
3 554
10 696
7 593
7 36
1 257
7 593
7 203
4 136
5 801
2 532
8 158
8 985
1 438
9 369
4 358
5 921
5 999
2 559
6 473
3 537
10 56
4 356
9 251
6 505
7 441
6 950
4 856
5 909
8 754
10 329
9 770
8 754
3 235
7 158
10 920
8 524
10 690
5 68
7 242
4 180
10 786
9 519
7 907
8 520
6 724
4 792
2 370
4 747
2 133
10 879
1 899
4 125
4 334
3 388
6 735
4 473
5 669
8 398
6 718
6 109
5 805
2 563
7 684
3 516
3 327
6 789
6 960
4 212
6 411
7 90
9 626
7 358
10 838
7 332
2 594
7 815
4 687
5 749
7 447
9 910
5 960
7 533
6 345
6 540
6 140
1 101
5 256
9 171
8 401
7 783
8 549
2 445
7 748
10 57
10 566
7 823
3 893
2 905
3 863
5 630
5 302
5 487
1 11
1 171
10 484
3 820
4 910
1 973
10 592
4 388
6 583
6 325
6 172
10 347
8 531
1 945
8 500
6 247
10 383
5 986
8 146
2 699
2 287
5 732
10 581
6 482
8 429
7 361
10 916
7 579
4 822
3 867
9 948
1 153
8 167
4 335
6 44
4 643
3 248
4 814
10 889
7 951
2 49
1 851
4 529
8 559
3 298
9 448
2 199
10 930
10 889
5 908
5 221
7 40
5 686
8 596
5 426
1 564
10 671
5 441
7 63
4 535
2 743
9 429
3 105
2 245
5 526
8 598
2 19
4 983
10 261
2 492
5 937
5 238
1 739
6 28
8 385
7 649
5 962
2 220
8 136
9 34
7 305
5 737
8 454
9 920
1 402
1 995
4 445
3 177
5 714
8 924
4 46
1 462
10 852
10 524
3 906
9 283
9 193
5 760
5 291
7 120
5 743
3 869
10 444
10 101
1 259
10 914
6 958
6 332
1 819
7 72
10 30
7 707
4 331
10 902
2 202
7 58
4 10
5 640
6 570
7 46
8 808
6 30
2 191
3 315
8 628
8 721
9 338
1 304
6 230
1 723
9 693
7 821
2 895
10 679
8 226
8 901
10 456
3 744
9 759
2 82
3 857
10 159
2 540
5 911
8 758
9 147
3 328
8 752
5 534
9 164
6 911
10 316
9 847
7 530
1 65
6 160
7 978
5 654
4 674
3 909
6 888
3 691
3 185
6 60
3 179
6 583
2 214
7 429
10 61
3 348
10 364
5 37
8 138
10 70
3 211
6 989
8 167
7 972
4 509
1 201
6 217
5 633
7 112
5 48
2 667
10 400
1 111
1 581
3 13
5 21
10 224
8 517
4 250
5 979
7 151
7 570
2 585
1 411
1 161
3 33
4 202
3 616
8 913
9 298
9 895
9 934
6 67
1 548
7 404
1 650
1 735
4 607
8 985
7 431
2 982
10 302
7 732
10 463
9 875
3 458
4 518
6 811
6 490
5 348
5 491
10 278
1 958
5 969
9 485
9 204
10 605
10 928
7 883
1 829
6 614
3 881
8 631
3 110
6 306
10 790
10 315
7 762
8 60
8 498
10 932
1 985
7 562
4 995
1 290
4 418
3 954
9 899
2 419
3 702
7 606
10 516
10 179
5 985
4 184
2 191
3 17
7 573
4 884
6 172
2 256
3 95
9 429
4 551
5 282
4 377
2 92
5 260
9 711
2 389
10 438
3 44
6 942
9 499
1 627
7 378
5 539
9 192
8 931
4 794
1 684
4 271
4 210
3 90
1 391
3 711
4 662
4 230
3 576
2 98
9 133
10 652
2 616
3 686
3 668
4 20
8 500
2 782
3 928
3 456
6 778
7 257
2 562
4 982
4 10
4 907
2 564
2 886
10 687
10 124
6 898
8 641
10 615
8 809
3 305
8 964
5 607
2 62
9 237
1 575
2 827
7 65
9 734
9 600
8 645
2 823
6 490
7 996
8 547
1 979
1 286
1 276
5 295
5 984
5 389
7 265
9 505
8 870
6 876
3 367
8 137
10 134
1 33
7 655
3 871
1 450
2 936
6 708
7 300
3 891
9 513
8 881
9 44
2 435
6 415
6 981
9 937
5 594
1 256
9 174
6 538
3 372
9 1
10 17
6 811
4 836
3 421
2 932
3 162
9 53
9 140
3 525
10 784
10 859
2 551
8 14
8 295
4 299
9 290
2 455
7 912
5 342
2 244
3 245
9 443
4 365
1 414
6 882
7 664
2 320
5 218
4 683
6 986
10 767
3 392
10 757
8 421
3 543
1 495
2 926
8 89
4 940
4 435
4 53
7 39
1 554
3 871
7 489
5 589
2 795
3 867
10 313
3 463
6 195
10 20
3 130
8 775
6 505
7 773
2 72
5 129
8 565
10 466
3 297
1 328
9 352
3 844
6 991
4 627
3 705
7 308
9 252
4 967
3 426
9 843
2 3
1 269
5 484
9 559
6 930
10 707
7 967
10 344
2 662
10 7
6 410
9 783
5 860
7 405
6 591
9 678
10 9
1 512
5 863
3 444
8 560
5 641
3 902
6 100
8 691
9 55
2 28
3 76
10 945
6 638
6 435
3 563
5 53
5 25
9 728
9 665
10 278
7 246
6 100
4 794
1 880
1 472
7 344
2 944
4 121
3 246
8 34
5 715
3 38
9 155
2 797
7 820
7 753
8 564
1 467
1 470
5 150
6 390
8 899
6 301
1 101
1 920
6 744
8 355
6 984
7 759
6 15
4 648
1 504
10 192
10 302
9 253
6 544
4 440
6 892
2 245
3 765
7 911
8 212
9 621
1 243
3 367
1 808
9 888
6 298
8 165
3 138
2 738
7 998
1 636
4 253
10 645
8 533
10 474
2 939
3 533
7 360
10 737
2 509
4 643
3 334
1 506
9 773
6 453
4 796
5 284
1 536
5 86
2 373
5 785
1 107
1 519
9 44
6 150
2 742
3 366
2 992
2 184
1 559
5 899
1 613
6 429
3 146
10 362
8 845
5 621
2 665
7 14
1 589
7 326
5 559
4 93
10 263
1 29
1 433
2 468
4 953
4 118
3 928
1 270
10 642
3 807
9 471
3 468
9 40
8 158
4 669
10 637
8 624
6 82
8 781
2 830
1 22
1 514
2 45
8 777
5 696
6 132
9 302
10 433
6 663
8 458
8 290
7 680
8 967
8 715
3 907
2 191
8 420
3 522
3 939
8 807
7 534
1 577
7 598
1 613
7 345
6 498
1 883
7 841
5 404
10 752
6 599
9 850
4 798
1 1000
2 610
2 966
8 439
3 921
10 390
8 929
9 211
5 218
7 249
8 189
3 361
4 284
10 329
8 317
5 133
5 875
10 204
9 181
7 997
2 840
4 873
1 261
5 582
1 606
2 98
8 871
10 790
5 13
10 839
9 752
1 48
9 853
7 308
3 238
5 997
9 616
4 490
1 831
8 236
7 854
1 683
2 508
5 336
7 133
7 372
5 219
10 614
8 576
8 527
9 536
5 285
5 45
10 190
7 205
2 221
9 774
10 998
9 218
2 677
5 196
10 777
1 296
2 154
7 427
6 605
7 688
3 299
1 638
2 164
9 413
5 234
7 458
8 628
1 263
5 251
1 923
9 720
9 974
4 879
6 301
9 296
3 626
1 280
9 298
4 668
10 443
4 313
4 272
1 266
9 667
8 646
4 733
9 975
3 163
7 379
6 616
2 795
6 645
2 305
8 934
9 488
9 870
4 885
7 902
5 625
7 51
4 739
7 766
7 968
1 595
1 19
5 960
8 451
10 726
9 744
4 847
5 114
3 415
7 170
9 775
9 493
9 598
10 633
4 165
2 641
1 584
3 707
3 40
8 860
3 131
6 232
5 789
3 394
2 193
2 581
4 989
1 856
3 54
3 458
3 169
10 147
10 613
7 537
4 502
1 89
8 720
2 998
7 632
1 874
6 221
4 877
8 282
3 322
7 624
9 373
6 378
7 343
3 207
7 121
9 213
6 450
7 693
10 134
2 507
2 491
3 973
2 261
9 618
6 112
4 378
1 689
6 826
5 967
4 125
3 429
2 545
4 246
7 173
4 154
5 448
5 62
5 596
5 951
4 979
3 375
9 319
6 875
3 143
3 168
5 412
9 456
2 542
2 22
4 366
5 963
10 100
2 506
6 812
6 349
8 981
7 171
7 233
5 296
2 113
7 390
4 510
4 660
10 136
4 198
1 123
6 114
7 839
8 297
8 156
7 698
10 556
9 224
6 849
1 85
9 722
9 238
10 894
8 981
4 358
4 311
6 769
4 480
4 710
9 984
2 169
2 885
1 514
4 530
8 428
1 171
5 596
4 401
8 799
3 394
4 366
9 903
7 219
9 126
2 764
3 834
5 365
2 333
6 438
10 428
5 790
1 519
6 500
8 254
7 740
10 978
4 173
4 674
4 867
8 787
1 906
3 983
5 650
4 566
2 590
5 463
5 350
8 241
10 438
5 897
8 23
2 596
4 187
6 528
8 417
10 460
7 155
2 609
5 654
4 908
4 582
7 806
9 250
7 34
5 375
7 348
1 359
8 680
9 425
10 342
10 152
9 530
9 904
9 158
8 342
8 859
1 913
3 187
6 540
7 347
4 637
10 52
6 476
5 314
1 436
7 782
8 969
1 529
4 877
9 792
2 561
4 429
6 236
10 904
7 202
4 896
6 57
6 221
5 686
8 244
1 101
4 112
10 220
1 414
8 369
8 725
2 984
7 288
2 495
6 165
6 646
6 586
3 566
4 599
5 240
4 726
4 269
7 827
1 450
7 205
1 189
1 957
7 33
7 218
9 301
10 563
10 891
6 899
8 359
5 679
6 913
1 390
1 104
8 106
1 449
10 664
6 43
1 460
10 15
8 715
10 276
4 324
1 715
2 96
1 9
5 68
5 853
2 292
7 400
4 584
6 657
3 176
7 757
7 940
7 84
7 649
10 472
2 879
9 344
1 265
6 738
6 111
1 154
9 461
6 39
8 909
9 215
5 351
1 167
2 891
6 654
5 839
8 553
4 972
1 988
4 93
8 13
3 810
6 745
3 862
5 378
3 991
2 283
4 627
6 496
4 725
8 178
4 832
3 481
3 866
1 416
3 231
5 315
7 400
4 488
4 497
6 229
8 479
7 576
3 453
2 940
2 652
8 434
9 666
1 906
3 76
4 729
8 960
1 392
9 730
7 187
5 104
7 676
10 794
7 500
3 834
2 68
5 8
9 864
6 209
3 310
2 490
8 850
6 535
1 902
10 764
1 517
3 343
9 794
3 812
7 219
2 355
4 979
3 960
10 171
4 728
6 776
10 341
2 324
10 583
7 535
5 861
10 630
2 789
3 566
10 694
6 81
4 84
2 285
1 328
8 814
6 943
8 592
5 40
8 768
2 417
6 760
4 692
1 380
5 790
6 858
5 503
5 627
7 198
10 247
3 243
5 802
10 828
9 592
10 306
6 936
7 208
3 884
10 456
4 412
6 833
8 655
4 703
2 968
3 170
6 477
6 116
8 939
5 308
3 926
2 438
2 898
5 1
3 234
7 431
3 9
5 516
8 147
8 965
5 64
10 851
9 101
5 227
4 922
1 103
1 702
2 301
6 583
7 286
5 894
9 64
2 214
2 671
2 434
10 840
1 199
7 97
6 82
10 20
1 532
5 318
4 161
3 566
2 106
10 128
8 31
7 962
8 678
9 438
6 421
10 937
9 70
8 190
1 593
6 234
6 135
4 373
1 938
10 424
6 39
8 214
3 476
1 483
5 918
9 429
3 579
1 804
2 406
5 577
2 979
6 553
7 443
1 651
6 148
1 370
5 284
2 385
3 955
7 62
9 775
10 650
6 196
9 131
3 3
4 769
10 300
9 933
9 207
1 38
5 409
3 282
1 854
5 654
5 926
5 32
9 583
4 942
10 760
9 463
7 828
7 924
8 908
10 588
9 37
6 709
5 108
10 676
2 390
1 381
2 128
8 91
2 146
8 591
9 189
3 745
4 821
8 746
1 454
7 930
4 607
6 277
6 199
7 535
8 900
8 727
1 764
9 290
3 520
2 456
6 775
1 381
8 682
10 245
10 452
6 799
3 595
3 961
7 973
10 385
1 718
2 551
3 333
6 561
7 462
5 657
7 474
3 858
4 210
3 376
10 172
2 138
2 712
6 547
1 411
8 497
5 892
7 444
4 972
6 57
4 117
4 843
3 41
5 712
8 689
3 837
5 90
9 145
7 295
6 903
5 193
3 851
8 703
2 237
1 152
5 488
2 118
8 384
8 391
2 998
5 666
1 549
3 896
7 252
3 282
10 978
1 672
5 216
2 259
4 644
10 184
7 500
7 808
3 823
2 144
10 328
8 396
6 894
8 643
7 374
1 680
2 331
9 882
6 808
7 972
6 165
4 838
8 633
4 492
6 465
9 729
6 347
7 709
1 378
9 628
4 671
3 794
5 91
9 413
4 154
6 924
1 29
8 94
5 158
1 106
1 560
3 399
5 667
1 821
5 530
5 934
1 265
7 356
2 158
10 66
8 163
10 542
7 318
3 763
3 7
8 134
4 414
4 550
9 587
7 380
4 22
7 28
6 482
1 31
8 998
3 261
10 306
2 379
8 289
9 51
1 283
3 869
8 828
5 404
8 510
4 69
4 673
2 517
6 943
5 802
3 806
9 882
10 768
1 137
6 593
2 715
1 872
1 991
1 401
4 278
2 963
7 632
5 210
4 720
1 180
3 485
8 816
6 1
3 213
8 356
1 135
3 430
5 330
9 286
3 495
6 346
4 23
3 3
10 530
9 850
6 928
1 561
6 168
7 118
3 721
6 709
8 276
2 485
9 540
3 623
6 472
3 233
5 315
7 921
10 934
1 850
10 546
10 281
6 623
1 728
3 485
6 546
1 559
6 467
6 360
2 198
7 390
7 310
3 9
7 187
7 432
3 912
2 355
1 126
10 238
10 32
3 702
5 781
2 996
1 352
10 160
9 597
3 919
4 17
4 45
6 74
5 400
10 834
4 957
1 673
9 482
6 519
2 351
6 652
8 931
4 35
2 686
8 226
1 443
6 936
6 371
3 439
4 995
4 29
6 779
8 272
10 550
4 905
7 560
7 702
6 479
5 953
2 456
6 231
5 264
5 868
2 192
3 653
4 12
6 197
10 136
8 44
2 594
1 79
5 595
4 545
3 804
3 703
5 876
5 653
3 909
7 198
6 868
8 676
7 223
6 414
9 239
7 308
8 124
9 622
4 855
5 596
10 724
4 112
3 561
9 456
8 10
1 501
8 606
7 741
2 395
9 349
2 351
8 607
9 45
5 611
4 62
4 17
2 965
9 883
5 381
3 905
5 396
5 915
6 937
9 699
3 909
4 667
3 955
10 931
10 755
1 340
6 250
4 386
4 475
7 759
6 419
8 743
7 108
7 193
6 218
7 530
7 158
8 419
4 441
10 193
6 584
8 825
6 619
2 226
2 417
1 965
9 134
7 774
7 919
8 724
6 616
7 379
7 421
6 772
4 207
5 70
3 578
4 252
1 903
3 15
9 60
9 960
7 643
10 462
7 126
4 733
6 709
4 566
10 749
8 772
8 8
7 942
1 522
9 743
3 813
5 448
5 674
8 199
8 30
4 560
1 730
9 189
3 429
4 525
6 41
4 539
8 892
6 860
8 867
10 268
1 891
9 142
9 851
7 936
9 644
8 420
1 223
7 990
6 924
9 448
10 324
3 869
8 302
8 926
3 264
8 772
6 617
4 473
10 403
4 355
10 232
1 612
1 759
2 540
5 930
5 389
5 936
2 716
3 923
3 501
7 271
6 13
1 174
6 159
5 539
5 456
5 675
1 414
9 778
5 14
2 496
6 295
6 615
6 767
7 486
7 526
8 900
7 522
7 845
9 90
1 442
2 759
8 677
9 887
5 815
10 241
3 898
3 949
4 240
1 95
10 917
10 124
9 638
2 487
10 865
10 566
10 130
3 178
2 132
7 803
9 838
7 201
10 537
6 698
5 28
1 468
4 432
5 727
6 108
6 348
6 487
7 890
1 548
6 808
8 651
4 690
8 409
3 892
5 95
4 952
6 25
1 744
9 710
6 683
6 594
2 366
7 404
5 343
10 948
1 820
5 160
3 301
4 937
5 914
3 326
9 381
1 681
3 206
10 300
2 279
5 407
10 396
2 248
9 550
10 668
1 387
2 425
5 297
5 842
5 500
10 112
2 793
10 499
3 527
1 477
5 1
10 270
1 412
10 844
6 892
6 787
1 345
2 917
7 809
8 626
4 135
4 938
8 457
3 991
3 66
8 99
8 18
1 472
5 12
9 716
1 900
10 823
1 917
2 829
8 186
9 781
7 761
4 545
5 676
5 595
8 413
7 578
7 105
6 573
1 691
9 955
7 787
8 179
7 34
1 237
1 556
8 621
7 293
4 532
8 597
3 185
10 418
9 560
9 403
3 534
7 719
9 596
2 750
9 338
10 350
9 781
2 786
7 739
1 151
7 972
5 31
2 36
1 338
5 893
7 791
3 305
5 193
2 740
6 418
2 907
4 978
9 177
8 836
3 756
2 949
1 207
8 485
1 752
8 925
9 912
4 944
3 754
10 883
1 446
3 199
7 322
3 905
4 672
2 280
4 823
9 994
8 748
1 289
8 518
9 553
10 641
10 250
7 825
10 390
7 93
10 790
8 555
6 771
6 202
4 316
9 816
9 43
3 690
6 693
5 375
8 298
3 132
3 789
10 231
6 402
1 491
8 891
5 3
10 238
6 656
5 691
7 182
7 646
2 293
1 596
5 460
7 583
3 461
6 709
2 886
2 897
2 504
2 508
2 838
8 794
8 789
10 307
8 544
8 366
9 665
8 777
10 758
3 877
5 81
5 436
10 325
8 706
1 776
7 674
10 871
5 544
5 164
6 873
7 645
10 418
6 207
3 239
8 452
7 55
9 308
7 128
3 338
5 565
6 356
1 159
2 524
8 923
7 333
3 355
7 319
4 661
6 207
2 154
10 929
10 347
3 528
4 665
4 471
5 273
8 446
10 839
4 540
3 194
7 362
4 420
4 567
3 883
6 396
7 464
6 624
6 569
8 162
3 883
5 543
8 878
7 233
1 264
10 990
4 179
4 823
7 510
1 373
2 840
9 790
7 337
5 482
7 345
9 113
8 266
4 87
1 25
6 446
4 125
8 198
8 9
10 188
4 76
8 590
1 983
9 255
1 905
4 436
5 476
1 742
8 7
3 846
1 670
2 976
9 80
1 861
7 931
3 7
10 519
3 574
2 689
3 963
9 673
2 45
4 28
7 274
8 409
7 867
2 556
7 187
8 226
8 886
1 36
9 779
9 926
10 658
3 444
6 202
6 360
2 179
9 45
10 204
10 134
5 582
2 611
3 262
8 53
4 61
6 268
5 166
5 435
7 508
10 911
9 63
4 719
8 863
8 239
8 600
7 663
3 708
6 684
8 219
6 968
4 463
4 178
8 734
9 247
4 276
7 224
4 202
10 16
5 20
5 333
3 539
2 384
2 212
1 12
6 685
6 683
10 440
5 927
4 54
2 114
8 837
2 843
9 879
1 999
4 910
2 532
4 418
2 921
4 137
9 459
7 450
3 445
4 678
5 582
1 284
2 542
9 353
8 444
8 803
4 451
3 173
5 471
4 302
8 263
4 17
8 882
2 337
8 72
8 237
6 355
10 286
9 238
5 615
9 725
3 116
4 895
3 846
3 426
3 626
3 847
1 805
9 949
9 409
1 776
9 910
3 960
3 821
10 155
8 781
9 226
7 760
2 471
9 858
10 557
2 955
10 558
6 110
2 3
10 65
2 745
5 40
8 613
3 226
1 88
2 501
5 993
2 807
4 709
3 924
6 672
6 644
5 122
8 499
2 82
6 743
9 526
10 734
9 951
6 875
2 79
7 899
6 305
7 348
2 160
8 314
5 481
8 724
1 536
3 520
5 307
9 659
2 257
10 983
7 461
8 790
4 986
7 696
6 529
3 958
4 882
9 938
3 733
4 733
7 319
8 686
2 270
1 119
7 706
4 93
1 829
10 208
1 728
7 372
8 617
6 35
5 811
2 500
8 969
2 919
9 836
9 230
10 969
7 381
3 964
6 218
7 618
9 124
5 971
1 975
1 121
3 85
9 17
2 757
5 274
1 851
4 34
1 25
6 163
3 987
1 442
3 790
6 73
6 379
5 719
2 13
8 508
5 565
3 611
4 1
7 618
10 357
10 985
10 979
10 139
7 143
8 957
6 267
10 660
6 610
6 995
4 57
10 742
4 735
10 760
1 194
5 458
2 121
10 945
9 31
9 477
4 681
9 409
2 239
4 791
5 926
1 934
9 123
4 576
2 700
6 31
9 530
3 238
10 673
5 789
1 624
8 478
9 714
3 365
4 100
1 282
2 876
5 748
9 630
10 284
2 76
8 666
5 64
9 989
5 377
3 178
3 373
9 481
8 92
4 712
3 489
8 81
2 226
6 772
3 744
7 70
9 623
7 281
8 602
3 30
10 946
5 720
7 698
8 644
8 452
10 456
6 982
7 659
8 855
2 92
10 589
1 614
10 182
7 663
2 806
5 931
6 115
10 500
1 241
9 312
3 894
4 336
8 284
6 676
6 441
6 13
5 454
7 514
1 414
5 316
7 475
1 877
2 68
6 204
4 38
5 595
2 151
4 476
3 583
7 387
2 877
4 100
5 139
1 653
1 760
4 166
6 593
5 893
7 140
3 500
2 991
7 388
7 777
9 536
1 348
3 858
8 430
5 514
8 378
2 918
1 130
8 811
8 713
5 422
5 366
4 21
7 502
10 609
1 203
3 400
6 554
4 939
1 615
1 347
6 835
6 589
5 1
7 455
6 61
6 665
6 61
3 869
5 582
10 282
5 517
7 695
9 967
6 12
2 822
7 324
10 633
5 431
2 358
2 136
7 86
3 624
10 969
4 283
7 289
7 815
10 842
9 278
7 848
6 678
1 229
2 157
9 411
8 554
2 957
5 500
2 190
9 990
8 545
9 906
1 244
6 107
4 501
8 361
7 190
9 343
2 426
9 502
3 603
1 974
6 526
9 199
1 894
8 991
8 53
5 920
3 792
3 130
1 419
7 196
7 670
4 228
9 957
2 702
9 798
8 830
10 337
8 335
9 410
10 567
3 878
1 44
1 529
1 578
6 249
3 5
7 666
3 629
4 48
4 291
7 75
3 764
3 344
5 236
10 524
8 787
4 545
6 436
6 696
10 430
5 421
10 634
3 846
3 875
7 623
8 754
1 583
2 749
5 124
4 734
2 652
3 598
4 469
2 404
4 9
4 709
3 523
4 316
1 904
10 715
6 468
8 870
5 950
9 10
9 306
5 300
7 555
9 719
10 421
8 537
10 829
9 402
9 464
3 614
9 684
6 808
5 404
10 40
10 309
8 802
8 760
6 639
4 963
10 363
8 325
2 431
8 533
10 64
5 926
10 537
9 207
3 899
5 649
7 379
9 45
5 433
2 512
5 759
5 821
5 971
4 192
4 319
5 53
4 131
1 950
1 467
2 132
7 220
3 914
4 985
10 25
3 299
10 961
1 181
6 260
1 174
4 175
2 139
8 871
1 54
2 276
3 684
3 327
9 717
10 385
10 157
7 994
4 928
8 999
4 587
5 883
5 393
7 467
10 324
3 819
3 5
8 267
5 501
2 983
6 147
1 738
9 133
6 371
10 600
7 420
1 684
1 826
6 365
5 560
6 439
4 63
3 329
9 667
1 197
1 54
9 824
1 425
8 213
2 857
4 243
5 804
3 366
5 275
3 978
1 41
1 573
2 713
2 52
10 640
8 391
5 745
2 551
5 861
10 753
2 734
3 795
4 220
8 535
6 563
5 677
10 968
2 879
7 66
5 149
4 450
10 160
5 517
9 609
10 376
4 335
2 905
4 950
9 204
6 832
8 744
5 877
7 793
7 701
9 523
1 91
8 792
7 832
5 106
10 948
8 521
5 179
9 3
3 292
4 179
5 893
5 146
6 617
1 623
8 715
1 477
5 384
8 745
8 804
1 706
8 999
4 184
10 527
10 836
9 821
10 587
6 128
8 37
5 811
5 323
8 699
9 25
2 820
2 301
4 660
5 120
10 243
2 739
4 278
8 658
3 798
5 153
8 177
7 468
6 950
9 701
7 240
10 652
1 733
6 735
7 350
3 162
2 202
2 98
3 938
9 620
10 960
4 707
10 930
1 284
6 822
2 220
7 369
9 434
6 930
3 727
2 77
2 639
9 820
10 342
6 416
6 621
10 457
4 129
9 802
9 150
6 900
7 836
1 878
1 828
10 117
8 627
6 46
3 545
4 956
9 771
10 15
7 785
7 399
4 774
2 197
2 233
6 88
7 55
9 631
9 833
5 644
4 952
1 704
7 851
5 423
10 91
5 84
9 612
3 618
7 991
9 892
9 19
4 669
3 795
7 448
10 37
3 324
8 723
9 267
10 83
6 49
6 379
4 183
3 625
4 677
4 117
10 313
1 694
4 977
7 193
7 451
10 783
2 53
1 526
3 580
5 704
2 951
4 641
6 959
6 625
3 553
6 883
7 938
3 413
1 239
2 498
8 38
8 400
1 143
2 292
5 980
3 933
4 686
4 596
8 263
8 20
9 820
9 377
8 345
4 912
1 553
3 777
9 733
5 581
2 126
5 335
1 126
7 79
6 914
3 873
2 255
9 116
7 424
9 187
8 632
3 968
1 881
2 710
9 237
4 526
1 998
6 102
10 948
10 428
4 424
4 361
8 493
2 314
2 489
5 311
3 834
2 91
9 597
3 911
3 258
5 42
2 870
8 564
6 317
4 345
2 759
2 294
10 973
7 515
8 1
9 624
10 348
8 515
1 474
6 590
2 190
10 575
3 692
7 256
3 494
5 117
7 237
7 443
2 885
2 198
2 502
5 785
5 525
3 498
6 124
8 381
8 253
3 222
1 440
3 243
3 844
3 638
7 170
1 119
9 792
6 394
8 746
4 301
1 269
8 573
7 848
4 669
5 956
7 653
3 43
1 247
3 380
5 122
10 186
1 49
10 501
4 693
1 428
8 500
6 533
1 812
3 29
1 26
5 772
7 213
1 213
4 772
6 562
5 779
8 548
2 661
9 936
8 908
10 701
5 508
3 218
6 648
1 204
3 528
10 874
8 152
1 421
10 707
7 337
2 358
9 174
9 268
3 97
1 812
5 436
9 186
9 580
10 50
6 679
8 594
9 586
5 153
7 3
6 143
9 232
5 233
8 13
6 513
4 736
5 722
1 603
7 681
3 957
7 590
9 177
7 108
6 731
1 910
1 942
5 779
3 913
2 598
3 23
4 283
1 890
6 221
7 394
8 877
6 692
4 145
10 963
5 866
7 220
7 426
9 855
10 682
2 390
9 767
4 603
4 4
7 249
7 717
1 66
6 39
1 381
4 577
4 15
8 561
3 281
3 399
2 6
6 640
5 46
3 343
3 418
4 412
8 120
6 579
8 709
2 323
8 435
1 698
5 532
1 262
9 416
8 555
10 856
2 783
1 144
9 508
9 812
7 369
3 362
5 766
1 406
4 711
4 199
1 368
7 177
6 30
7 533
8 918
5 504
5 238
6 108
1 582
6 448
3 31
7 651
1 762
2 194
10 876
6 138
8 338
9 825
6 546
1 911
7 303
5 559
1 630
5 644
5 669
6 535
5 243
5 449
9 199
9 458
4 713
9 613
8 116
1 523
5 432
10 167
1 471
10 929
6 486
1 275
8 336
8 451
8 459
4 501
9 411
10 227
2 644
3 672
9 106
5 190
7 300
2 640
4 207
10 913
10 566
2 274
4 449
9 990
1 331
7 836
6 609
3 200
2 625
6 784
7 546
3 207
10 283
6 485
8 15
2 629
9 475
5 953
5 406
6 819
4 491
2 896
5 817
4 660
6 185
4 287
1 886
4 965
10 429
10 752
10 714
5 870
3 466
4 463
4 284
8 658
6 582
8 958
1 609
8 53
7 713
7 209
10 108
7 65
9 410
7 958
6 146
4 250
10 864
3 952
10 273
5 265
6 17
5 902
5 156
5 927
9 198
10 306
6 814
2 990
8 506
9 132
5 823
3 374
3 875
8 343
6 72
1 811
4 480
5 24
6 698
7 762
5 43
2 397
9 113
4 808
7 595
1 437
7 153
5 807
7 888
4 250
2 17
7 191
4 77
6 563
8 512
5 536
1 439
5 589
9 267
9 217
9 557
8 665
6 531
10 938
2 752
4 929
6 68
3 19
8 702
3 53
4 451
9 864
1 707
10 105
3 445
4 186
2 993
1 774
3 648
2 691
2 965
6 60
9 233
7 633
3 325
4 243
2 907
10 801
7 247
2 801
5 787
7 795
5 412
6 414
3 708
9 120
6 11
8 702
6 249
3 566
10 868
2 939
5 542
2 213
1 531
1 76
8 739
4 439
8 409
7 270
3 590
6 434
5 870
3 600
10 286
10 748
3 903
6 85
2 126
4 683
2 797
7 4
9 380
3 180
2 832
9 918
1 11
6 401
8 961
7 787
3 210
4 645
3 508
2 210
10 834
2 426
5 87
2 807
9 901
6 845
1 776
6 566
1 723
5 942
1 104
4 659
4 970
9 411
10 386
9 457
7 256
8 458
10 764
7 805
10 122
9 633
2 423
10 897
1 661
4 905
10 558
7 921
5 413
10 807
7 48
9 357
5 210
3 769
9 847
1 351
3 487
10 53
6 84
9 874
4 712
1 366
5 46
9 545
6 221
10 14
5 122
2 153
9 730
6 750
2 533
3 280
7 667
10 549
8 365
2 63
9 693
2 736
7 506
7 411
1 924
10 695
10 233
4 102
3 636
10 558
6 439
3 293
10 258
9 327
5 729
3 809
8 768
1 43
8 323
9 484
5 371
2 644
7 393
9 601
10 780
2 76
1 536
4 968
2 315
8 9
3 825
5 439
4 472
3 962
5 867
6 40
9 542
1 184
9 928
7 716
1 339
4 28
6 261
4 88
9 463
4 209
1 108
6 228
1 845
5 662
3 967
4 559
7 55
10 207
10 967
6 835
5 594
1 216
8 280
7 938
9 788
8 943
2 894
5 325
6 560
1 779
5 886
10 662
7 110
1 28
4 260
7 223
10 464
8 699
1 461
10 180
6 600
8 767
1 744
5 153
3 27
6 979
3 643
4 843
6 246
7 724
2 905
6 800
3 631
3 156
4 274
1 742
6 901
4 401
8 648
2 995
6 956
7 80
6 195
10 523
10 802
8 546
3 978
4 918
1 380
10 191
1 564
2 922
7 989
5 617
10 27
7 326
5 173
8 439
1 302
8 213
8 73
6 151
8 932
3 22
6 204
4 780
6 246
4 434
3 473
7 528
10 405
7 809
4 152
10 579
1 576
7 350
3 761
2 573
7 922
2 180
3 919
4 443
1 154
5 710
9 493
6 144
7 326
2 307
9 662
9 454
5 130
6 111
2 134
5 250
9 289
8 482
7 246
7 306
4 7
10 705
1 505
4 366
1 365
7 299
3 757
6 521
8 846
1 607
3 358
5 75
7 118
1 760
10 771
1 347
8 29
1 536
3 114
7 407
1 110
3 625
10 611
6 709
10 168
7 754
3 878
2 16
1 403
10 482
7 959
2 682
7 508
8 161
4 522
3 478
3 307
2 385
4 14
7 251
10 291
3 17
1 208
10 386
10 608
9 781
5 181
2 31
8 613
3 793
2 304
3 893
5 893
6 661
10 385
1 786
6 643
10 376
5 546
4 374
2 835
10 926
4 230
7 10
8 414
1 889
3 121
2 485
7 873
10 353
9 938
4 187
2 267
7 618
8 179
9 62
7 957
10 12
2 376
8 371
9 79
9 528
5 651
9 993
7 894
10 554
6 506
1 602
2 382
6 675
3 212
8 643
4 342
4 53
10 589
3 984
8 619
4 631
4 839
9 496
6 243
7 50
3 310
10 796
8 601
2 453
8 819
4 40
7 742
3 880
7 390
1 620
8 630
1 152
1 234
6 895
4 413
6 325
6 41
2 358
5 441
8 901
2 348
3 397
6 457
4 687
2 118
2 560
1 884
2 598
10 685
4 626
8 35
6 454
6 921
4 539
10 875
10 169
3 96
2 895
7 889
3 172
4 404
2 91
2 693
6 781
6 750
3 33
6 129
2 664
7 404
5 924
7 545
7 825
2 976
7 145
5 422
7 422
5 812
6 458
4 515
8 233
6 247
5 654
7 333
4 669
8 586
3 561
10 261
5 563
10 935
3 609
7 735
4 201
3 373
1 609
10 326
9 949
3 994
2 813
3 453
6 270
9 271
5 455
6 555
3 329
8 59
2 814
4 22
3 39
6 754
2 62
4 803
1 440
9 34
4 130
5 50
3 201
9 325
1 595
7 193
10 497
5 573
2 858
2 399
7 843
5 180
5 543
3 877
10 142
4 256
6 821
5 726
5 175
8 209
3 308
9 412
3 349
1 878
3 490
9 561
5 22
10 677
10 20
5 991
1 709
1 657
2 193
3 119
9 122
1 54
5 435
6 533
2 560
5 105
4 669
8 308
3 60
3 47
6 317
9 94
2 243
4 805
9 74
7 600
10 644
1 250
5 186
2 612
10 843
3 369
3 763
7 689
2 282
10 167
10 221
4 292
3 776
2 64
7 668
8 940
4 469
3 870
1 211
4 925
2 11
1 299
8 206
3 887
7 735
4 114
7 836
9 108
5 873
7 202
8 406
4 214
9 203
7 133
7 841
3 903
4 562
1 397
2 895
3 630
5 487
3 442
2 44
7 38
7 484
10 756
1 341
10 325
4 326
6 711
9 874
7 930
8 876
1 505
5 780
1 877
1 46
3 220
7 476
1 346
6 195
7 473
5 915
4 357
5 172
4 697
1 1
2 90
6 824
3 589
5 622
6 79
2 478
7 62
4 515
9 263
4 312
8 541
3 746
8 618
7 202
10 13
5 831
10 889
10 372
4 845
4 653
9 580
6 749
10 726
2 475
2 295
6 493
1 848
3 39
10 983
10 715
3 596
4 697
8 199
8 581
10 982
6 167
3 139
1 566
2 108
7 366
6 802
1 849
4 86
1 36
3 659
9 538
4 215
5 343
10 745
10 176
1 304
3 249
7 863
8 298
6 989
10 455
1 624
2 953
7 692
2 512
3 310
5 70
9 952
2 342
5 529
2 983
6 10
4 339
7 494
5 295
9 222
5 602
2 441
8 650
5 149
5 229
9 841
4 454
7 832
2 857
5 622
2 662
9 818
2 792
6 31
9 297
3 488
10 752
2 138
2 876
2 126
10 500
1 693
5 353
5 230
1 153
3 724
6 954
5 730
5 622
4 234
5 155
9 844
1 230
6 305
5 875
8 535
10 639
10 894
2 184
5 541
8 377
2 41
2 648
2 120
4 566
7 547
1 371
6 184
7 696
9 65
9 512
6 467
6 27
8 589
10 938
5 173
10 347
2 251
10 925
4 493
9 151
9 412
3 47
10 945
7 626
3 669
8 346
2 895
8 362
5 328
6 20
3 197
2 975
4 80
6 821
6 128
6 661
6 113
6 855
4 769
1 235
10 983
9 415
5 827
1 719
8 78
3 717
2 431
7 896
3 91
3 915
8 205
2 392
3 363
10 948
3 228
3 106
3 532
7 57
9 28
7 718
5 878
1 789
9 666
4 818
6 689
2 448
9 958
5 300
10 859
9 419
3 537
6 730
9 198
2 782
3 807
9 953
2 931
9 277
1 48
4 589
7 151
7 514
7 45
7 873
3 789
3 219
7 870
1 892
2 605
7 475
2 907
2 939
6 460
8 452
5 757
10 146
10 850
5 52
6 899
6 375
2 967
9 963
1 78
9 82
5 519
2 52
1 61
8 172
5 206
5 184
4 336
4 987
6 191
8 91
7 524
9 959
10 398
4 686
1 119
4 726
4 244
1 50
6 34
10 987
5 422
6 358
6 978
8 965
10 111
4 344
9 976
6 152
9 997
3 153
2 571
3 582
2 819
2 991
2 896
3 769
8 782
7 125
7 698
6 518
4 840
9 496
10 235
1 738
7 277
5 798
9 972
1 232
3 516
10 475
1 842
10 317
7 933
10 553
9 759
6 475
1 845
9 543
6 421
7 860
10 654
5 636
4 360
4 410
6 223
6 266
3 440
5 162
7 273
2 400
2 32
7 573
3 768
6 379
3 473
7 892
1 411
7 127
4 903
9 924
10 541
2 292
10 336
3 334
3 353
9 574
4 994
7 995
5 183
7 423
10 656
6 765
5 466
3 665
1 81
6 953
8 635
1 28
7 551
5 149
8 219
5 343
8 331
3 528
7 55
2 316
5 494
9 681
2 499
3 490
10 393
9 377
8 93
8 926
9 42
9 190
10 620
1 365
4 147
6 834
7 886
5 854
7 308
4 595
8 403
7 149
6 129
8 587
5 453
3 757
2 504
2 642
9 284
1 643
4 911
8 638
5 432
3 750
2 67
1 27
7 868
1 200
3 472
10 37
5 493
1 686
7 974
6 441
9 500
10 60
6 490
6 663
3 397
1 531
3 407
2 17
6 128
7 770
2 289
10 746
4 858
2 815
9 580
8 606
7 320
10 810
4 161
5 510
4 513
6 676
10 422
4 73
10 759
9 4
4 668
8 267
5 448
10 524
5 58
8 14
9 872
5 371
7 758
9 309
9 52
4 594
5 60
5 575
7 126
3 719
3 15
1 352
5 351
6 72
1 95
1 772
7 860
9 56
10 749
5 431
8 741
9 339
1 290
6 674
7 445
2 620
2 991
3 219
9 657
1 405
8 189
10 164
1 869
2 733
7 326
6 590
6 653
7 30
7 948
10 690
1 219
2 655
2 658
5 946
9 542
10 364
2 850
3 576
8 557
7 613
10 870
1 502
2 322
6 285
7 554
5 476
9 388
10 450
5 444
6 301
3 280
6 938
3 138
1 424
5 548
6 783
3 225
5 128
1 438
2 854
3 511
5 323
9 902
10 49
1 921
4 281
1 188
2 310
1 916
5 442
10 422
3 19
9 741
5 222
8 850
4 790
1 122
6 827
2 43
3 890
10 894
1 623
5 258
10 152
10 618
9 642
1 740
2 187
8 26
5 69
3 270
10 36
1 1000
7 520
2 64
7 267
2 487
3 644
5 75
5 514
1 85
10 644
6 492
2 470
10 123
2 162
9 929
1 891
4 259
8 28
10 596
2 499
6 599
8 631
7 653
3 464
6 308
4 747
7 840
7 158
2 136
3 800
9 212
1 252
4 265
9 67
7 901
7 982
2 131
10 652
4 137
9 381
10 257
4 636
10 142
3 871
3 850
5 145
2 503
9 343
9 967
4 874
2 1
2 627
4 491
4 308
10 199
9 687
8 723
1 69
1 929
9 196
2 197
7 125
5 730
9 301
5 328
9 907
7 616
3 22
5 36
3 970
8 893
6 791
1 566
9 879
10 601
8 359
4 688
4 977
9 412
7 613
10 100
2 400
6 194
7 714
7 319
3 792
10 656
4 579
9 893
9 906
8 291
5 181
3 57
7 24
7 783
2 554
6 210
2 220
5 717
10 500
5 284
5 942
10 580
7 312
8 210
5 273
7 681
4 601
9 84
7 11
4 455
1 447
3 734
7 445
8 565
9 508
1 486
10 960
4 862
10 505
3 259
6 57
8 805
9 939
10 841
7 491
10 946
4 983
5 920
9 430
7 718
10 26
8 710
2 374
9 37
2 542
2 818
9 222
1 877
10 656
2 629
10 232
9 779
7 629
9 55
5 329
3 578
2 862
2 438
6 962
8 667
10 737
7 268
8 21
10 142
4 396
3 22
7 478
5 792
2 29
5 665
8 777
10 980
10 388
4 445
10 751
6 94
7 653
6 459
8 107
6 508
1 938
5 965
2 491
1 192
4 621
7 159
2 77
9 792
4 325
7 570
6 315
1 183
1 772
4 768
2 927
3 541
1 194
7 725
10 934
1 633
7 448
5 326
2 548
7 118
9 573
9 473
10 912
4 489
10 906
1 488
6 892
1 923
7 712
6 477
7 109
7 107
7 137
5 444
10 59
4 618
10 950
10 299
9 404
10 344
5 510
9 491
1 752
5 831
7 883
5 966
5 469
8 352
6 754
8 991
6 455
7 821
2 566
9 748
5 26
3 918
6 711
7 665
9 94
7 526
8 893
9 242
6 177
2 929
10 224
9 896
10 268
2 347
2 170
4 241
2 278
9 361
3 710
2 599
2 510
3 86
3 938
6 255
8 941
7 544
2 42
7 325
2 695
8 450
4 622
5 844
1 581
6 72
7 723
10 446
9 101
2 391
8 314
1 517
10 362
7 658
9 369
7 635
3 700
9 191
8 606
9 466
9 399
2 249
6 280
6 587
10 870
8 763
9 95
1 552
4 53
1 505
9 357
2 164
1 781
10 376
9 842
3 329
4 265
7 325
3 540
6 432
8 31
6 160
10 7
2 144
7 177
3 331
2 55
6 113
6 247
7 703
8 360
3 790
4 55
7 166
7 798
8 470
1 783
8 364
8 946
7 454
6 563
9 490
7 749
1 941
10 965
3 658
7 665
1 883
4 208
9 229
10 636
10 197
8 402
7 415
6 342
3 59
3 34
4 992
8 960
1 64
7 148
6 361
4 857
7 678
3 422
3 187
3 919
3 561
10 452
2 559
5 533
8 697
7 570
5 702
2 529
10 666
3 781
3 94
3 232
3 518
4 599
5 895
5 824
2 372
9 227
4 585
6 422
2 280
7 457
7 167
5 950
2 91
9 781
4 508
8 963
9 91
5 172
2 920
1 702
2 940
6 806
4 612
8 215
6 588
10 491
8 526
9 493
5 395
10 57
6 659
1 314
6 633
8 215
3 248
4 718
1 330
4 795
9 209
7 336
6 365
3 969
10 272
6 855
5 301
6 989
9 40
6 680
2 431
3 812
6 502
4 174
6 788
4 91
5 299
8 301
7 73
8 960
7 441
6 738
1 742
10 612
7 377
1 21
6 903
1 191
2 40
10 193
3 500
7 191
3 536
4 944
2 679
3 92
2 223
4 908
8 780
7 780
5 206
7 314
2 939
5 197
1 275
8 312
8 588
9 753
6 952
7 227
7 760
3 840
9 265
8 557
5 727
10 306
8 622
7 626
3 819
2 779
7 547
3 186
6 17
2 600
2 431
1 168
4 91
4 933
4 952
6 131
6 850
7 610
2 320
3 699
5 300
7 299
9 171
2 142
10 45
1 131
7 664
4 112
5 42
8 944
10 982
7 415
1 484
4 233
2 469
2 794
1 941
6 611
9 206
4 860
3 844
4 509
8 127
5 802
9 748
5 706
7 900
3 255
8 967
3 403
10 950
2 741
9 640
2 807
5 697
7 910
6 729
3 147
10 1
1 615
9 902
8 607
3 604
6 320
9 402
5 387
1 20
1 46
3 483
8 831
4 138
6 533
2 9
9 652
2 639
8 667
1 617
9 687
8 382
1 258
3 637
9 830
2 386
7 672
8 493
10 904
10 592
8 44
3 176
3 152
7 934
3 184
4 818
3 168
3 134
10 169
3 413
7 467
6 554
3 62
7 39
7 756
7 481
8 512
10 539
8 51
4 327
6 327
2 392
8 45
3 131
1 699
3 32
6 105
7 577
2 193
4 717
9 621
10 826
4 807
9 230
3 905
9 739
10 595
10 585
4 321
3 310
8 329
1 948
7 722
5 430
3 167
2 325
3 481
9 468
4 712
1 495
4 199
3 63
9 429
9 726
6 145
4 395
8 655
2 418
8 185
9 633
8 227
6 771
10 673
2 431
3 981
6 586
2 155
1 914
10 699
1 784
9 572
5 981
10 143
2 647
5 111
2 25
7 482
4 554
5 488
5 632
4 706
7 592
2 507
5 618
4 18
8 272
8 474
4 8
3 947
8 937
7 767
9 94
1 578
8 450
4 989
5 672
5 231
10 439
3 857
6 347
1 898
1 859
2 510
3 551
1 676
10 184
3 303
4 448
7 947
7 920
7 518
2 46
10 948
8 452
1 158
7 355
5 456
5 871
2 527
2 944
1 446
1 419
9 275
6 52
10 928
8 456
3 573
2 434
10 640
4 435
6 767
8 135
7 58
8 809
8 591
8 455
7 313
6 267
4 853
8 686
10 283
6 222
6 980
7 470
9 333
4 839
4 599
4 471
10 591
9 824
6 709
7 240
6 140
9 915
8 216
10 99
10 147
6 297
7 590
6 820
9 801
10 618
6 725
4 929
8 284
7 190
4 262
8 78
10 548
4 325
6 915
4 15
3 126
10 349
10 33
3 67
5 757
4 914
3 189
3 981
4 745
3 896
4 928
1 641
5 855
10 643
7 926
4 410
5 89
8 294
10 709
10 709
8 69
9 237
5 512
8 740
5 906
2 139
1 738
7 947
7 206
9 471
10 241
2 293
2 118
9 861
5 772
1 289
8 454
8 38
6 720
2 151
1 87
9 643
3 170
1 885
10 22
3 734
6 545
5 848
4 646
5 85
7 449
8 395
5 568
9 414
9 623
10 129
2 145
3 239
3 592
8 913
5 961
9 620
6 591
6 836
10 263
8 462
9 810
9 131
9 807
9 446
10 762
4 584
10 148
7 110
10 576
5 22
10 8
3 95
10 109
9 568
10 299
2 354
9 985
10 139
5 526
7 876
3 656
8 810
7 857
7 282
2 947
10 655
6 150
4 294
5 891
6 90
4 181
7 826
3 322
6 606
1 31
7 463
3 86
3 75
9 770
2 572
7 282
10 394
1 244
10 12
5 353
4 159
6 546
8 501
1 726
3 713
9 628
6 477
1 101
9 678
9 808
10 138
5 108
3 239
9 332
1 246
6 176
7 981
9 869
10 252
7 922
8 728
2 232
4 345
9 618
7 604
7 323
9 812
8 408
9 604
2 304
7 268
4 794
10 297
7 917
9 49
9 455
3 224
8 138
8 335
8 285
10 293
1 6
3 611
8 903
9 604
9 73
6 668
7 929
6 131
4 845
10 743
1 123
10 740
10 178
4 133
10 746
1 75
6 35
8 145
5 312
5 629
8 488
3 9
2 595
4 287
10 947
8 213
8 575
6 996
1 532
1 173
3 163
1 718
4 47
6 59
4 795
7 367
3 749
4 99
4 41
10 924
7 999
3 272
5 950
9 197
6 965
10 278
8 834
2 299
8 683
2 470
10 203
5 401
1 641
10 803
10 15
4 753
7 539
1 611
1 745
10 590
5 945
8 231
7 649
7 129
6 660
9 484
3 540
1 630
10 515
3 719
6 232
4 650
7 381
7 616
8 41
1 438
1 255
10 919
4 245
4 175
1 407
7 825
10 634
6 36
9 932
4 394
2 281
7 477
5 58
6 969
9 698
1 746
5 392
10 650
7 966
7 670
9 496
10 891
2 293
3 672
1 1000
2 490
10 661
9 616
2 52
8 26
4 433
5 868
7 313
9 980
3 217
7 640
1 704
7 476
8 477
10 597
9 483
8 411
1 77
8 93
1 113
1 593
10 508
10 212
1 405
8 670
5 52
9 645
5 612
5 184
3 358
1 498
4 89
7 614
3 402
6 233
1 24
6 358
7 618
10 876
7 669
8 11
10 266
2 139
1 114
6 318
8 6
5 251
3 249
8 673
4 929
8 233
6 916
9 662
2 503
10 3
1 9
8 876
10 639
6 948
4 419
9 523
3 744
10 491
3 562
2 963
7 908
10 775
2 822
9 305
8 217
1 642
3 802
3 879
1 71
5 428
6 97
4 938
2 800
9 729
5 330
7 399
4 366
7 382
6 494
5 803
8 456
5 427
3 672
10 181
5 151
6 579
1 16
10 792
5 123
9 582
8 532
5 813
5 43
7 753
9 274
7 615
9 261
7 482
9 455
8 870
4 311
4 848
3 169
9 165
2 417
6 517
4 183
5 643
5 28
9 712
9 10
5 369
5 833
2 504
1 838
3 203
9 490
2 486
2 59
3 97
1 562
8 276
10 115
2 316
10 950
7 148
1 913
3 116
9 149
8 150
1 647
4 634
4 733
2 291
9 717
7 387
2 831
3 604
3 353
7 201
4 511
4 33
7 212
5 771
1 937
2 122
3 634
6 404
3 709
7 495
6 487
10 892
8 517
4 66
9 133
4 304
1 669
3 175
5 122
9 89
1 658
1 161
10 417
5 856
3 428
10 119
3 350
8 318
8 712
7 258
10 819
2 49
3 116
8 982
9 143
10 447
8 328
9 280
7 309
8 621
10 884
9 895
10 750
7 34
10 509
1 501
8 831
8 389
2 468
2 264
3 907
6 740
4 383
9 794
7 160
5 744
6 33
9 889
7 472
8 589
6 207
8 228
8 999
3 315
7 476
5 127
5 363
10 757
4 380
1 690
10 606
10 398
3 104
3 747
9 320
5 561
8 72
6 537
8 28
8 506
4 861
6 483
10 7
9 508
10 439
6 704
6 401
9 765
6 633
3 548
7 606
8 340
9 595
7 837
3 447
2 350
9 541
1 647
5 80
8 741
1 943
5 493
3 320
1 995
3 719
9 101
4 321
4 988
8 721
4 224
3 872
8 508
5 163
1 661
7 148
5 963
8 760
8 408
7 465
10 709
4 331
3 7
10 481
3 983
5 825
5 335
6 122
10 730
7 834
5 305
1 568
4 5
3 95
7 575
6 160
7 135
6 646
8 164
3 764
1 17
3 543
6 572
8 795
1 962
9 52
7 831
1 101
6 791
10 514
2 780
9 596
1 702
7 327
2 140
7 815
7 423
6 10
10 922
9 649
5 46
4 756
10 924
8 358
4 864
10 680
8 938
5 424
6 547
10 86
2 520
3 268
8 917
8 36
8 747
4 509
10 799
10 960
10 150
7 671
2 409
8 148
8 591
7 112
8 41
9 827
1 436
10 75
5 736
7 480
8 132
9 791
1 348
4 271
7 51
1 332
1 159
5 38
8 764
6 342
8 481
3 710
8 921
4 410
10 1000
2 324
10 497
5 285
9 357
4 324
6 827
10 47
1 542
8 443
5 526
5 175
2 528
2 738
9 834
1 785
2 95
5 44
4 27
1 322
1 324
10 934
6 851
3 378
8 276
9 333
5 844
6 664
2 196
8 556
10 810
7 558
1 517
3 783
8 720
1 503
4 910
3 680
10 619
10 510
7 276
1 434
10 775
2 402
8 803
1 302
8 275
4 606
3 269
9 872
4 790
9 277
2 274
10 552
7 274
6 231
8 206
10 478
10 484
1 100
6 928
8 494
7 551
9 694
10 482
4 775
7 281
4 12
9 235
7 484
1 880
6 479
6 896
6 557
2 741
9 822
4 999
9 880
1 630
8 568
5 693
10 365
7 104
8 124
9 225
6 23
1 638
7 960
1 808
8 834
1 719
9 990
9 386
4 635
7 293
6 294
2 865
4 492
7 428
4 283
7 174
9 925
7 416
2 737
8 160
5 381
2 429
4 154
10 360
10 849
6 235
1 188
3 84
1 952
4 971
10 809
4 229
4 477
4 567
10 592
5 189
6 378
7 31
2 226
4 262
4 222
9 50
10 329
4 233
5 817
7 197
10 982
5 165
5 638
8 665
4 490
3 640
6 475
7 131
8 232
4 883
9 608
9 501
2 57
2 480
8 230
5 348
6 715
2 227
1 72
2 903
2 112
9 689
2 515
2 805
8 943
7 594
1 399
1 368
8 424
10 599
8 21
7 1
9 42
10 86
7 683
9 757
5 370
3 194
9 290
5 956
4 794
8 588
10 288
9 57
1 836
4 76
6 165
3 615
10 42
5 539
1 197
7 339
8 221
7 375
5 178
7 728
8 946
1 35
1 539
4 259
3 500
4 296
6 108
5 787
8 316
8 375
5 947
7 476
2 269
3 79
9 741
2 812
7 61
5 126
1 42
1 457
7 240
4 983
9 783
6 122
10 492
10 842
9 454
1 893
9 867
8 480
10 660
3 416
5 966
2 990
6 711
2 281
4 784
5 718
3 62
6 793
10 246
3 692
8 656
2 928
3 642
7 957
6 228
9 134
1 549
9 551
5 464
5 949
8 17
10 865
4 484
8 816
8 172
4 384
6 419
5 75
10 291
6 962
6 714
10 261
5 273
10 348
2 53
2 485
2 612
9 819
4 793
10 368
6 691
9 926
7 808
7 282
2 911
3 493
8 79
5 278
8 886
6 60
6 19
8 617
8 603
10 329
8 739
2 349
3 512
6 382
7 551
1 963
2 233
8 445
1 817
6 909
9 506
8 980
10 773
4 488
2 129
6 676
5 873
1 690
5 502
3 276
5 858
9 21
6 605
4 408
8 368
3 444
2 396
5 353
3 363
2 849
9 11
6 905
4 60
5 548
5 508
7 328
7 1000
8 530
5 115
2 135
4 174
7 200
7 746
5 991
4 472
5 14
3 369
9 645
5 979
9 434
7 590
10 308
7 72
3 660
1 379
10 215
6 816
2 931
10 544
1 40
2 523
9 871
3 922
1 595
3 225
7 364
6 329
9 217
9 339
6 989
3 850
6 631
10 485
8 8
5 909
10 571
2 690
10 822
7 509
4 986
8 719
10 691
5 196
2 577
7 761
5 291
6 56
8 484
3 228
2 900
3 273
6 624
6 510
1 204
8 184
2 748
9 86
9 579
1 876
6 733
1 792
7 877
7 32
10 616
1 329
6 673
2 898
7 525
9 790
9 630
2 649
8 797
3 539
3 271
3 924
2 378
3 277
10 771
6 202
5 185
10 799
3 326
2 584
9 101
4 100
9 749
7 823
5 981
5 171
3 54
4 879
2 698
3 73
7 980
9 284
7 655
8 384
10 276
4 149
6 749
10 346
5 357
10 45
9 821
9 770
10 164
7 248
7 952
6 454
4 776
3 309
9 253
6 667
8 555
1 313
9 834
6 658
1 967
7 320
7 889
5 831
9 803
3 235
3 391
10 538
3 467
5 834
1 976
6 161
1 146
10 663
3 138
5 630
10 443
8 351
9 886
4 963
8 667
1 771
1 969
10 85
3 565
8 592
8 57
4 985
4 57
9 61
8 751
1 604
4 388
10 670
1 941
7 926
5 647
5 891
5 370
3 82
7 579
6 502
2 917
2 105
2 538
10 586
10 246
5 816
2 768
2 11
7 527
1 937
8 779
2 316
5 867
9 242
7 67
10 175
3 918
5 190
9 877
10 173
4 878
3 138
2 806
4 318
1 570
9 415
3 336
2 161
3 463
8 341
1 354
7 420
2 974
4 229
1 232
9 502
6 285
1 35
7 816
10 669
9 951
4 964
9 970
8 543
9 974
3 900
6 633
5 578
5 776
9 779
7 611
10 211
10 585
6 750
7 423
8 730
10 507
7 29
9 563
5 931
2 768
6 98
6 528
1 977
1 541
7 843
4 850
5 793
2 351
2 532
9 696
9 959
7 553
2 662
4 463
5 304
10 674
1 855
2 776
6 803
8 618
6 596
6 111
6 43
6 734
2 718
7 480
2 170
5 896
8 203
5 53
5 380
5 938
3 271
2 616
3 4
2 948
3 254
7 122
7 593
8 49
7 331
2 526
7 767
7 777
7 155
9 942
4 698
4 415
6 109
9 702
5 425
9 746
4 848
1 767
7 677
6 825
3 253
3 18
7 508
10 775
10 749
7 262
6 144
8 902
8 846
1 209
3 242
5 897
6 939
4 178
3 528
3 234
1 98
7 238
1 817
7 133
9 689
10 68
5 183
4 705
6 372
3 238
9 364
5 836
6 631
4 772
7 19
10 807
8 779
1 307
3 924
1 900
2 562
7 350
8 472
2 697
9 702
2 457
6 126
6 843
9 862
2 383
1 926
8 986
6 292
5 470
2 494
3 206
10 14
5 164
7 246
5 982
9 692
2 113
7 745
2 729
8 583
3 324
5 133
5 540
3 480
8 350
3 20
1 905
3 162
10 892
4 725
4 335
4 469
6 688
1 977
7 514
10 185
9 787
5 514
10 690
1 799
7 798
6 456
8 838
3 67
5 127
6 143
1 164
3 700
6 174
2 261
8 484
7 999
2 396
1 832
3 475
6 183
9 780
2 843
10 193
6 561
2 745
5 348
6 368
10 10
9 484
4 281
7 378
8 502
9 158
4 777
3 320
10 702
3 897
9 51
4 855
10 123
6 360
5 331
6 710
7 66
10 951
3 399
4 307
6 949
5 25
9 100
4 997
5 828
10 762
2 433
8 411
1 968
8 379
5 551
1 638
4 413
10 672
6 782
9 32
8 638
7 870
10 382
2 220
7 78
2 340
9 507
4 950
7 690
1 839
8 269
8 703
5 4
1 753
7 852
10 990
3 658
4 276
2 959
2 876
7 993
3 74
8 729
5 841
10 104
6 4
8 838
1 937
4 352
8 938
8 738
8 113
10 765
8 324
2 569
8 81
1 498
10 106
1 348
9 776
3 859
7 660
6 207
2 21
5 482
6 724
2 647
2 327
8 110
4 320
4 866
9 543
4 174
10 578
10 625
2 852
4 545
7 412
1 568
3 158
1 767
10 720
2 108
8 573
6 281
7 267
9 237
2 58
2 969
10 531
1 341
6 459
6 972
8 511
3 187
1 581
10 915
1 486
7 878
5 192
6 795
10 481
3 647
10 8
8 686
8 640
7 968
1 35
4 351
8 251
8 423
2 758
9 548
10 581
1 982
4 118
3 796
2 801
7 243
10 949
8 951
3 738
2 438
7 584
4 286
5 209
4 19
9 150
8 835
9 485
5 655
9 530
4 150
1 89
4 520
6 595
3 379
9 479
1 467
3 271
3 793
1 603
8 647
8 581
3 468
8 543
10 36
3 673
10 147
6 100
10 953
10 646
5 866
1 43
2 433
9 330
5 107
3 646
1 255
2 299
9 553
10 621
3 207
1 329
6 119
9 678
5 364
3 889
9 128
10 389
1 757
4 900
5 838
6 672
2 36
1 414
1 853
7 900
4 163
9 813
1 59
2 30
7 985
2 103
3 544
3 8
8 715
9 136
5 837
2 772
5 191
8 18
10 47
7 587
7 691
5 4
9 165
9 382
6 92
9 277
8 884
6 576
8 239
3 490
9 61
2 66
1 662
5 43
9 702
9 545
5 300
3 293
7 122
8 663
6 374
5 40
4 453
10 937
2 196
5 301
7 156
1 992
5 230
3 94
2 824
7 831
7 554
4 221
8 145
7 532
3 598
8 307
9 665
10 965
2 689
3 36
8 472
3 63
6 578
5 349
9 716
8 185
9 369
2 350
5 613
1 909
6 538
2 549
8 738
2 406
2 270
2 750
4 66
2 915
1 55
7 792
9 950
8 38
1 812
6 164
3 768
9 334
6 98
5 445
6 99
3 853
7 620
2 715
6 386
3 318
9 293
1 616
4 147
9 444
10 454
3 179
7 612
1 859
1 925
4 297
5 179
8 896
10 484
10 980
6 787
2 260
6 209
6 414
1 445
8 143
9 947
9 749
9 128
2 521
7 664
7 23
10 811
4 560
1 904
10 179
8 687
4 700
10 411
9 656
5 89
10 680
4 118
4 905
6 289
8 423
1 417
4 127
9 145
8 7
6 129
10 433
7 822
3 490
3 487
8 885
4 172
2 516
10 442
2 600
6 952
7 86
5 478
5 118
7 590
9 203
6 206
5 57
2 485
8 480
7 388
6 288
9 434
6 682
7 96
4 479
1 286
7 473
5 745
10 424
4 713
8 482
10 555
5 341
10 506
3 811
7 291
3 556
2 215
10 612
3 646
1 166
8 132
10 948
7 623
8 419
10 852
8 319
10 83
3 157
6 707
2 592
5 817
5 603
5 885
1 865
6 440
3 382
3 958
10 853
6 912
4 597
10 675
7 269
9 171
5 846
1 483
3 36
7 699
3 244
2 178
8 802
10 440
5 627
6 973
10 441
1 497
10 257
2 671
3 186
10 36
1 763
4 371
9 221
5 482
2 210
2 980
6 439
5 134
4 321
3 474
6 368
1 862
5 436
9 654
2 373
4 120
8 691
3 433
8 126
10 139
6 148
8 674
1 772
3 887
10 208
3 542
5 866
5 498
8 598
7 751
6 869
7 816
10 376
9 703
9 806
5 524
9 35
6 714
5 392
1 448
5 985
1 119
10 400
4 439
3 97
4 323
6 208
1 989
9 817
8 726
3 186
6 199
8 997
6 846
7 767
8 562
9 314
6 125
7 271
6 734
7 385
5 173
8 18
9 633
10 217
10 492
8 795
6 945
2 842
10 616
9 231
5 781
6 645
8 888
4 81
10 143
2 525
8 790
4 258
3 781
10 714
1 418
6 357
7 731
2 48
6 189
9 950
2 966
5 518
8 234
3 69
2 889
1 346
1 854
3 827
7 710
6 586
3 582
3 17
4 220
5 948
5 439
10 449
5 992
3 220
9 258
1 521
4 886
8 640
9 764
7 543
10 83
4 780
9 641
2 191
1 523
9 747
6 729
10 126
9 686
7 820
2 928
4 58
7 534
1 858
1 601
4 160
3 684
2 945
1 922
3 299
9 300
3 838
4 783
9 484
3 885
8 654
8 625
2 26
7 608
2 326
8 109
9 32
4 933
6 248
9 211
8 18
3 572
1 214
2 247
3 166
3 842
4 886
3 608
6 214
2 608
6 171
8 136
2 268
5 936
8 639
10 72
3 224
1 641
4 671
1 863
8 845
1 776
7 245
1 643
4 417
6 963
10 128
10 146
9 802
10 448
10 65
5 292
6 330
3 742
9 455
7 544
5 362
7 904
6 961
7 91
1 423
5 856
2 495
9 426
5 504
8 143
8 547
9 884
5 227
6 50
10 241
2 29
7 580
8 816
9 850
4 494
10 173
8 506
9 401
6 961
7 419
7 968
2 396
4 234
5 114
5 84
4 25
9 836
8 86
7 519
5 859
8 284
5 945
6 32
4 486
3 183
4 237
6 455
10 470
3 991
8 92
3 229
8 945
1 181
2 710
6 520
3 129
9 100
5 20
9 238
4 665
2 839
6 976
9 39
4 199
1 343
9 469
10 394
1 818
8 488
1 689
10 490
1 854
3 738
4 712
6 182
4 791
6 265
7 405
10 997
8 632
5 698
1 123
8 840
4 31
9 638
4 667
9 219
10 219
1 703
8 239
4 800
8 978
10 346
2 771
9 117
1 444
8 637
1 192
1 518
5 519
4 347
7 835
2 413
8 639
8 886
8 153
2 618
5 738
4 999
2 602
5 462
9 140
6 38
7 732
1 96
9 761
4 453
6 9
3 535
3 586
3 120
9 555
1 748
1 823
6 453
9 875
3 707
4 530
6 602
1 527
3 940
8 745
1 280
8 779
2 7
6 636
5 441
4 540
7 328
8 413
1 335
3 250
3 91
4 240
10 86
2 586
9 229
9 888
10 981
4 600
7 478
1 63
7 619
9 380
3 333
6 363
4 365
3 551
4 548
9 340
9 396
8 730
3 636
4 988
8 297
3 459
6 890
5 302
4 175
6 681
9 365
9 5
2 493
6 616
6 273
10 414
3 322
1 55
8 896
2 371
9 768
10 932
5 785
8 823
3 748
3 601
9 525
2 948
3 86
5 559
9 443
6 621
3 49
1 260
9 824
8 817
1 840
5 304
1 839
9 312
2 240
10 692
4 3
10 503
9 616
7 99
3 215
6 793
10 815
9 710
6 636
8 369
4 551
9 98
5 471
8 542
2 578
9 982
7 450
10 207
5 826
5 240
10 963
1 518
2 590
3 54
8 434
4 313
10 718
9 119
6 809
7 688
9 561
9 799
2 273
5 305
3 269
9 868
4 651
8 676
3 671
5 674
9 739
8 676
6 624
6 812
4 861
7 220
6 82
1 321
7 800
2 284
3 556
8 393
1 258
3 106
3 734
4 934
8 4
9 622
7 641
4 379
10 450
1 645
8 551
5 616
3 574
7 1000
9 535
7 41
1 935
3 914
5 853
7 608
3 787
10 732
4 891
9 998
6 664
10 534
6 370
1 486
10 988
7 489
4 410
3 1
1 822
4 871
4 535
3 305
8 6
10 966
10 151
2 961
10 799
3 447
1 507
7 989
2 603
7 808
1 194
9 394
9 767
8 140
9 164
10 158
5 956
6 422
6 968
5 598
6 158
8 208
7 506
9 491
2 79
1 827
1 188
1 952
3 348
3 296
1 67
1 703
8 199
6 344
6 735
8 148
8 11
5 336
7 702
9 546
4 788
7 978
10 810
8 893
2 996
5 556
7 56
2 933
3 585
7 433
7 154
6 481
3 551
6 191
3 245
7 573
7 219
7 958
9 260
7 693
9 313
9 786
4 393
5 980
1 973
1 976
4 615
5 259
6 40
7 394
6 68
4 615
10 677
1 47
7 146
3 911
4 968
10 660
9 481
9 936
3 380
7 23
10 360
7 310
4 650
9 467
7 73
8 80
8 638
4 552
1 749
8 162
5 13
5 582
7 416
9 548
4 403
3 259
6 109
6 687
9 695
9 957
4 870
6 268
4 854
10 114
7 702
2 200
1 41
1 782
7 313
2 561
7 529
1 809
10 776
1 744
9 101
7 644
4 412
5 989
4 437
9 517
4 170
10 364
10 277
7 997
8 605
9 515
7 254
8 193
9 904
7 597
3 778
9 237
2 6
7 911
8 688
1 787
5 674
5 396
10 580
2 894
1 818
6 540
8 765
1 65
2 731
4 122
6 353
8 611
10 817
10 122
5 507
10 557
5 36
10 106
5 104
8 141
8 778
6 583
6 268
6 442
5 283
7 278
5 509
10 154
7 857
5 616
10 136
6 352
1 797
5 158
1 196
2 614
4 782
3 730
4 558
10 858
2 981
5 658
8 556
7 555
6 900
1 205
1 688
4 818
5 642
9 295
1 660
2 24
5 376
9 25
1 63
6 375
6 419
8 777
8 787
3 997
4 709
2 827
4 69
7 544
6 296
6 725
1 302
9 591
2 648
4 763
6 375
9 325
2 471
9 811
2 792
5 457
2 658
6 738
9 145
9 81
9 896
2 791
1 564
1 306
10 53
1 364
1 99
2 337
6 739
3 351
8 278
8 320
1 420
4 397
1 921
10 583
3 842
8 372
3 104
8 166
6 931
7 586
2 921
6 92
3 139
9 25
9 503
6 75
10 482
6 128
7 766
7 799
4 656
7 264
9 658
10 209
1 168
2 665
5 556
5 887
3 496
4 281
4 758
3 885
