1346
880 366
228 30
499 917
468 930
647 159
421 882
797 402
94 97
715 475
302 305
370 79
350 99
437 408
482 36
564 373
535 978
345 814
949 944
938 964
526 536
68 668
202 760
853 882
60 392
859 903
255 68
505 474
332 148
323 624
183 701
741 227
642 634
526 952
633 444
448 329
674 328
267 701
273 486
817 148
675 547
593 803
72 987
207 305
296 867
154 136
917 876
489 552
560 201
942 277
411 143
524 505
6 541
249 485
279 784
41 508
246 588
587 338
464 442
693 388
926 151
982 596
859 200
331 46
617 596
463 33
714 337
328 920
642 578
811 656
491 857
439 667
364 761
981 576
635 16
479 714
129 22
731 722
651 669
486 242
407 248
864 795
372 872
418 946
85 496
284 944
854 767
404 275
764 635
630 890
351 932
181 645
680 626
240 197
319 104
75 116
38 588
519 134
26 717
477 156
786 238
657 462
663 862
199 25
878 273
686 97
925 963
605 935
235 582
945 333
261 264
185 363
679 13
56 676
977 717
849 594
539 414
864 866
853 358
479 91
311 911
280 959
302 442
286 240
473 227
791 697
830 662
244 1000
808 337
694 790
936 726
536 862
501 216
73 767
25 670
87 742
786 840
443 276
280 387
434 413
117 285
101 885
210 386
695 666
303 559
290 870
8 463
275 828
9 539
622 806
304 922
995 261
576 74
415 294
679 28
310 97
431 600
181 739
840 51
775 428
526 243
271 673
425 423
1000 563
142 350
30 99
25 16
868 30
325 474
958 230
567 331
362 519
829 726
129 393
953 406
918 930
535 850
667 578
622 163
416 430
70 520
218 975
482 482
867 321
786 280
716 690
273 312
981 271
977 413
733 957
739 419
500 882
390 598
673 497
595 931
661 949
537 563
297 635
369 713
996 113
340 857
266 148
398 157
34 918
511 389
235 501
500 759
425 575
580 611
15 372
990 791
190 461
409 263
67 274
629 368
696 141
322 442
21 472
445 539
786 452
147 242
68 577
254 517
913 486
895 677
923 318
875 751
374 954
603 851
299 826
384 839
47 704
600 495
63 166
634 11
322 827
885 800
869 178
239 690
688 882
44 256
359 514
469 640
326 56
312 901
483 207
687 549
847 943
178 43
12 389
924 463
884 70
577 577
687 721
613 27
325 334
114 464
572 418
761 939
807 113
266 547
367 160
376 177
238 179
579 920
363 116
214 182
707 505
881 471
298 240
396 249
480 981
711 233
840 380
959 970
599 917
801 253
861 759
497 904
995 588
774 920
676 298
992 583
840 777
354 257
910 227
874 472
9 615
954 447
210 588
240 114
11 815
902 425
652 771
764 610
491 641
236 642
710 580
470 267
985 43
805 64
606 507
750 591
923 843
734 517
622 142
367 839
315 87
403 513
929 918
531 708
846 713
523 128
248 817
252 107
552 347
875 86
962 354
794 944
40 358
613 612
845 268
689 129
23 536
169 319
300 980
826 869
533 554
243 452
395 559
73 75
568 247
502 809
26 963
406 253
640 238
227 400
60 504
861 983
309 393
641 991
656 690
885 18
705 840
475 669
101 840
566 489
191 715
445 123
520 196
546 705
716 53
662 84
316 159
932 504
361 865
980 837
234 100
160 213
897 925
500 164
909 540
452 299
485 604
243 893
274 242
92 496
296 447
868 243
143 864
293 650
541 682
541 275
121 663
840 36
978 799
218 465
910 262
972 935
97 302
978 896
656 161
421 862
249 970
23 982
823 657
635 894
398 345
509 226
697 566
262 152
131 853
238 856
167 362
686 426
774 562
914 237
257 769
18 131
517 770
478 768
771 951
792 573
170 722
886 853
218 470
523 515
4 623
156 253
419 630
298 805
847 784
525 828
651 176
927 988
149 956
92 312
202 626
785 974
485 641
611 693
996 338
496 203
703 544
383 608
240 209
64 883
389 40
566 243
842 836
652 95
948 778
681 63
215 710
610 436
155 107
553 695
153 40
661 236
851 694
954 187
659 271
428 765
718 364
304 321
950 372
357 853
424 868
993 429
828 930
504 244
507 190
17 723
954 410
423 297
277 121
561 230
5 448
582 136
411 836
284 211
660 489
910 467
861 562
961 76
895 789
946 589
818 22
828 874
530 973
268 26
807 118
181 570
525 781
295 753
368 249
762 201
873 417
535 405
403 931
216 359
646 427
292 786
205 529
134 692
949 989
759 988
982 415
258 254
914 430
122 109
340 737
179 902
370 994
538 460
916 731
500 473
498 941
380 25
61 227
424 226
177 57
183 497
346 358
927 493
953 581
118 33
343 653
940 111
495 763
569 232
178 112
805 560
793 772
831 715
279 22
874 539
954 588
219 833
752 468
473 418
551 740
67 616
501 515
384 845
961 603
255 496
619 1
234 207
575 569
43 830
679 297
2 341
718 424
319 76
865 549
658 692
331 113
816 600
274 27
271 407
500 567
200 99
327 650
459 100
252 195
617 810
23 679
130 585
919 330
10 177
916 684
701 869
486 873
645 865
380 178
772 171
551 116
409 921
620 949
415 52
595 858
670 758
260 996
903 565
565 74
866 1
561 546
409 60
383 677
12 642
342 817
52 507
687 197
463 737
577 890
284 215
898 694
84 458
868 467
572 465
824 298
798 521
687 66
853 208
169 556
949 732
775 619
110 972
906 645
151 286
432 245
708 96
589 74
857 608
503 221
584 789
140 450
346 403
401 124
18 196
547 864
259 220
923 304
2 88
320 142
84 133
740 43
839 750
500 273
496 978
801 472
885 963
607 620
308 343
212 879
301 187
579 68
236 286
420 98
35 598
412 669
298 564
568 520
545 493
580 47
957 192
849 364
646 61
209 728
989 161
438 868
146 197
605 39
948 498
156 359
436 173
351 116
851 771
950 229
898 377
9 71
291 667
864 654
233 523
112 318
493 51
366 270
246 267
646 757
272 42
490 972
160 846
659 635
938 399
65 978
194 514
23 293
517 192
869 899
472 648
438 355
93 333
198 369
57 202
37 677
850 26
236 939
641 552
345 935
34 590
911 975
604 515
330 879
89 659
685 544
52 34
717 769
540 532
591 309
718 859
618 534
418 883
433 357
343 563
253 452
25 931
600 809
783 519
461 524
874 8
236 74
396 680
933 303
668 289
942 398
988 796
654 189
655 84
976 152
994 546
800 285
241 824
873 610
993 786
951 195
769 447
453 449
171 944
942 862
645 446
114 533
236 987
291 24
35 215
236 487
990 851
875 643
770 52
31 289
206 315
436 239
682 125
118 397
872 691
247 19
486 876
549 586
48 151
345 636
340 759
637 242
904 16
468 840
633 43
338 947
932 882
963 815
453 364
127 608
936 164
191 772
145 905
951 443
284 391
507 105
296 833
403 486
814 782
856 12
952 818
842 371
222 305
120 564
250 85
893 584
752 789
730 398
168 975
994 835
880 943
262 82
871 975
505 968
23 371
714 853
59 221
286 5
699 570
722 62
340 87
184 831
591 192
365 421
883 760
573 872
601 905
688 499
710 807
608 298
109 801
959 467
449 609
270 908
817 930
692 517
56 756
900 279
217 5
609 636
887 660
996 953
303 711
625 644
153 998
914 796
561 97
323 938
545 846
764 964
885 63
351 546
688 318
609 819
237 206
615 40
528 101
860 138
623 408
430 130
296 392
681 458
291 373
42 772
423 636
659 693
982 638
328 442
254 19
511 898
876 428
275 76
343 450
543 1
212 491
417 884
160 528
780 126
872 818
949 795
625 110
400 599
859 756
332 572
66 167
287 206
506 319
642 491
734 68
509 152
414 284
604 58
101 718
562 881
623 218
53 437
77 837
395 100
382 987
697 18
167 353
982 998
518 361
16 18
460 614
33 647
745 787
154 10
299 809
117 347
339 211
894 217
848 227
226 813
697 547
241 342
796 821
295 321
485 312
916 265
309 603
254 702
732 78
584 355
972 582
518 445
275 314
980 195
84 485
893 473
176 650
193 202
617 72
576 373
119 619
57 310
643 304
826 317
948 894
515 737
105 22
620 155
475 490
718 367
633 47
573 197
226 549
781 224
983 744
795 125
36 271
543 568
265 340
47 282
914 425
809 784
877 100
217 921
383 270
275 89
487 790
639 164
184 260
715 68
694 980
781 189
253 91
50 679
541 152
585 391
660 248
802 170
930 898
949 141
550 149
710 45
831 484
599 435
473 990
99 94
286 177
937 610
354 174
44 418
494 753
652 243
840 855
437 221
476 128
891 703
179 617
875 87
266 288
151 952
120 770
168 353
799 801
227 484
933 806
761 27
199 343
358 484
475 425
274 682
787 452
220 607
107 586
418 282
531 797
496 54
354 831
856 943
901 926
929 871
320 782
760 128
460 922
755 395
723 99
481 388
459 429
627 596
858 413
627 789
470 274
281 494
20 714
993 240
471 95
304 223
632 775
931 5
382 675
123 264
800 447
305 550
759 403
698 393
660 482
527 278
778 761
855 867
446 761
991 24
641 202
822 211
285 255
989 849
185 985
957 244
463 711
909 315
362 609
525 177
920 457
814 488
115 215
692 244
355 864
214 713
706 927
605 849
697 15
377 830
276 655
368 43
21 139
989 964
770 2
339 47
536 984
907 509
483 59
865 342
619 954
545 115
489 210
144 989
784 760
466 412
756 395
751 767
899 908
98 161
372 198
532 217
75 486
95 187
632 70
193 139
954 557
438 344
862 394
164 479
636 14
464 39
299 558
76 784
834 889
589 218
513 535
51 8
449 152
367 116
242 669
635 278
549 118
625 301
499 262
711 501
547 718
337 659
440 789
324 744
267 546
773 574
283 892
746 561
782 918
827 586
224 574
491 203
919 16
696 781
353 397
818 33
483 428
913 171
682 138
620 11
844 757
239 400
498 440
939 424
245 28
368 210
296 446
607 859
568 170
722 550
605 205
426 313
791 747
133 557
265 656
508 551
160 652
607 976
925 90
925 880
957 988
37 523
913 865
861 205
512 592
232 633
640 621
74 379
159 907
655 807
410 100
839 648
894 500
282 989
684 686
249 636
752 335
824 310
361 918
568 149
563 274
643 633
313 742
189 245
326 560
724 526
195 821
571 86
937 893
224 463
157 490
674 206
261 546
910 670
753 784
197 589
879 464
446 975
795 232
358 932
801 507
798 612
494 18
31 512
960 903
287 109
654 568
631 330
501 276
962 364
726 847
626 821
947 799
140 773
88 386
565 290
688 6
776 865
831 635
644 814
66 545
165 600
894 880
537 524
797 779
257 471
134 907
161 659
702 533
647 680
941 218
789 423
976 596
153 298
206 186
330 481
225 654
66 443
559 271
528 706
186 648
590 823
295 813
417 918
315 496
567 720
962 508
784 212
477 648
707 457
592 733
938 465
838 584
270 643
836 443
956 516
549 753
751 814
690 826
65 969
502 278
891 568
889 797
79 769
162 596
414 957
826 815
469 724
561 712
278 472
453 715
122 370
935 943
421 8
251 939
401 808
342 929
788 325
853 646
40 698
885 990
189 7
73 627
785 227
640 375
783 302
268 553
895 67
853 16
385 14
85 234
351 80
889 54
485 762
156 44
875 443
29 603
248 58
513 46
851 184
554 717
680 663
125 522
188 497
160 558
630 787
936 576
820 186
826 116
159 835
254 166
782 787
992 116
201 910
285 892
546 462
921 783
383 991
120 941
520 680
166 444
154 829
771 453
85 659
529 99
673 950
517 935
188 434
70 299
194 928
83 761
593 820
523 4
858 804
281 814
141 274
646 566
46 189
492 800
562 685
6 19
607 881
751 696
895 323
687 725
758 940
319 743
42 772
887 273
631 30
966 853
206 517
462 937
417 727
739 615
529 231
172 829
724 109
940 24
965 265
822 907
799 941
61 404
275 430
229 596
261 226
795 476
718 310
22 937
387 891
838 217
544 307
795 754
837 874
634 320
373 420
131 372
923 148
176 302
163 228
386 300
86 137
916 975
406 125
907 533
435 855
969 893
672 545
859 785
843 61
364 828
535 938
902 731
588 125
883 354
620 304
484 631
849 858
143 301
74 625
613 597
61 939
430 342
853 492
293 545
383 846
630 186
