3938
286 841
105 710
854 421
281 538
308 781
219 555
1000 13
810 423
391 780
118 513
81 465
830 479
720 469
657 290
178 375
731 525
982 831
527 525
112 704
540 674
738 718
231 413
909 773
718 768
519 225
248 854
548 20
724 504
200 517
913 172
616 71
939 418
847 52
377 365
637 491
664 194
850 696
123 447
503 381
206 452
254 983
82 700
105 723
929 726
65 368
232 79
195 460
608 373
192 165
305 540
838 967
870 428
962 447
86 77
769 454
434 40
286 315
9 386
581 690
640 226
9 265
111 335
872 502
49 612
402 163
475 655
960 124
258 629
133 322
436 751
393 157
768 683
496 419
461 185
166 156
853 372
425 214
372 272
277 593
897 740
565 641
651 591
233 288
641 963
546 904
780 612
146 698
525 416
723 985
717 153
787 498
900 889
835 414
974 293
763 951
899 795
844 393
160 481
7 764
658 738
237 553
158 134
684 766
252 135
411 355
869 449
163 269
53 952
401 391
492 938
532 993
139 90
7 197
999 644
505 480
477 609
383 265
616 432
901 485
188 935
396 905
441 742
899 698
260 760
296 55
503 557
605 41
302 603
716 503
816 647
22 247
594 52
458 775
292 972
609 961
556 372
584 589
115 443
19 776
806 620
495 372
99 377
421 199
425 650
698 570
858 137
723 699
206 2
464 550
279 785
943 162
97 901
621 165
839 472
163 368
593 456
279 976
9 650
795 534
407 137
371 279
326 350
509 519
338 983
471 304
369 717
52 439
179 140
503 412
577 809
215 183
864 303
804 180
463 304
247 952
498 124
729 892
673 915
858 295
455 959
912 359
409 466
654 643
510 928
652 824
929 929
758 130
40 200
878 302
161 280
402 784
94 764
593 473
39 418
710 671
381 872
31 879
347 416
735 344
216 165
951 801
681 355
906 293
88 30
648 871
541 485
490 25
165 49
432 290
196 370
866 395
323 973
823 638
469 938
115 955
700 507
236 858
726 995
979 496
654 339
773 906
844 508
466 197
897 515
873 552
968 698
440 819
313 552
614 962
960 774
509 28
444 434
736 748
281 709
649 815
70 710
398 50
472 550
571 855
450 812
355 826
680 331
365 983
784 716
196 938
646 295
747 555
363 914
499 214
661 897
146 872
493 344
728 621
4 961
129 16
202 866
549 544
601 971
632 900
473 284
499 790
408 210
661 803
169 650
77 323
768 619
295 538
225 351
702 494
973 97
960 788
902 187
156 722
592 766
893 701
50 886
402 358
632 532
290 983
600 973
472 890
287 901
467 508
215 880
752 684
591 712
715 630
646 507
503 875
795 271
552 950
842 859
847 564
772 292
367 430
182 422
132 545
637 387
743 420
820 389
575 184
600 129
132 321
550 681
850 33
157 589
454 129
589 668
645 464
146 858
326 875
315 642
15 517
586 93
939 876
855 578
82 543
289 417
302 882
494 315
996 840
614 120
392 4
266 262
791 520
657 814
816 714
303 415
25 911
253 903
119 439
793 743
342 731
987 676
967 417
808 790
466 425
147 625
366 437
253 45
448 225
437 909
99 318
426 97
686 474
520 361
224 675
943 851
143 850
545 981
687 874
432 882
794 385
94 814
90 644
93 189
997 213
280 9
362 882
318 568
564 568
201 125
280 478
112 296
849 633
119 86
54 173
905 700
472 703
788 488
674 721
486 580
811 6
282 925
102 539
793 230
634 257
169 108
707 79
374 369
178 665
586 827
112 99
708 902
978 641
79 589
830 824
273 48
90 344
493 754
600 563
671 690
991 143
873 589
931 338
343 597
642 24
822 642
461 626
414 250
945 644
639 556
106 550
361 782
791 767
849 836
5 294
815 316
447 736
862 231
657 429
682 552
986 835
964 55
148 890
893 127
175 830
445 927
497 536
319 458
719 474
428 478
219 233
270 245
724 260
675 149
296 334
706 655
682 762
631 838
136 817
720 721
977 568
229 724
663 511
778 12
713 843
823 156
280 767
126 817
824 497
657 749
239 915
391 183
908 580
392 534
301 843
691 597
447 921
162 699
53 21
841 137
475 5
640 446
158 169
684 926
255 831
303 299
717 871
948 651
347 477
126 916
888 349
472 518
937 921
330 677
166 872
818 891
258 245
182 394
252 303
551 8
8 499
818 829
284 655
192 393
651 786
480 614
747 930
451 541
660 855
1 588
5 406
121 208
336 34
477 606
658 720
896 773
912 753
140 927
359 328
226 590
177 384
761 755
520 909
608 426
831 626
377 102
722 17
383 276
962 963
944 421
64 964
496 977
801 874
898 354
579 409
801 784
242 10
824 674
911 776
711 48
144 733
201 682
688 841
787 54
56 552
284 66
805 688
905 373
852 416
226 650
764 276
439 590
402 34
13 956
78 780
383 417
639 999
17 734
698 346
888 317
535 470
488 72
750 832
710 119
449 20
751 34
471 951
369 828
29 207
584 761
977 237
336 566
376 396
712 624
11 146
540 207
288 836
867 482
94 83
751 973
289 239
282 834
216 703
554 619
16 628
714 690
857 794
671 271
592 51
64 338
700 329
484 706
530 980
617 235
739 773
556 530
851 93
365 248
93 899
342 506
531 161
232 862
964 677
333 51
168 222
722 59
365 647
397 519
928 643
126 711
539 712
564 284
925 611
404 699
649 724
291 919
57 24
905 274
992 394
972 112
152 763
266 960
11 666
753 386
229 140
382 41
208 630
919 267
658 31
410 511
849 458
954 537
749 632
275 400
365 953
755 317
39 946
679 45
480 62
555 386
718 958
39 482
911 891
763 742
1000 986
996 766
344 778
321 595
513 602
672 730
431 762
23 83
445 222
456 361
124 301
508 253
283 905
647 871
157 925
621 76
451 574
406 977
188 756
201 331
424 816
27 311
94 232
493 557
858 611
170 536
124 988
622 438
812 736
657 290
466 586
449 946
147 1000
861 223
174 28
921 624
1000 126
796 456
931 661
834 941
983 538
333 931
91 881
620 922
497 809
61 483
483 406
431 964
461 580
74 368
439 551
514 638
791 701
411 448
313 744
815 701
225 437
228 147
182 306
272 98
680 985
137 649
298 142
970 171
489 654
741 602
152 708
885 661
521 976
443 472
822 940
952 906
536 558
494 299
354 188
798 596
63 185
496 26
71 595
466 39
110 231
873 517
248 871
69 822
353 518
542 287
287 640
169 131
728 251
713 499
909 730
793 722
870 187
962 534
194 16
608 698
727 148
346 107
293 472
585 365
519 646
276 993
759 361
487 143
489 766
499 505
696 513
714 118
307 849
918 204
293 920
233 399
609 868
734 59
735 96
577 678
728 793
516 871
959 53
761 957
352 550
856 569
552 108
824 204
871 134
96 190
777 216
996 747
610 4
545 677
642 790
196 38
690 32
601 650
523 318
937 865
624 444
579 753
616 20
447 924
772 161
977 399
552 64
817 5
935 21
89 788
472 481
588 127
947 64
253 118
891 85
830 967
960 752
623 838
583 500
227 33
388 204
426 124
514 592
44 102
736 309
959 917
755 342
636 550
952 696
140 267
166 370
916 943
491 340
611 872
906 427
685 777
835 496
403 151
133 178
375 776
618 617
776 949
127 199
162 40
870 694
1000 501
542 815
829 116
642 557
82 512
403 764
526 115
936 501
849 783
211 875
238 172
349 644
867 448
127 740
781 844
359 809
782 283
238 823
18 833
567 412
594 92
452 552
531 395
451 992
447 716
874 377
493 256
328 50
679 595
976 251
685 315
657 746
444 699
403 670
613 172
638 874
601 861
663 546
451 851
55 803
932 932
612 37
416 606
943 514
186 276
435 886
228 66
976 745
829 667
104 258
824 703
400 560
574 730
821 171
600 65
824 613
750 961
705 567
584 258
6 290
218 918
675 797
404 621
932 943
206 157
112 349
372 594
919 932
480 405
8 129
640 190
203 971
617 356
820 843
176 49
722 731
325 17
387 426
876 138
309 980
719 157
656 953
285 581
7 195
490 461
482 754
261 115
302 801
805 660
196 772
804 511
797 409
485 944
73 674
887 640
391 163
713 495
967 176
862 898
787 687
204 300
141 823
382 315
489 659
504 795
53 471
540 950
600 221
801 808
127 563
248 469
934 150
841 332
344 822
513 409
526 517
423 559
510 227
832 720
987 631
776 343
342 378
446 586
274 105
920 482
459 420
4 770
774 133
841 373
659 395
111 712
365 280
358 792
269 530
617 93
866 553
942 736
207 629
778 661
258 706
607 350
174 908
716 575
467 57
599 383
316 678
330 655
686 111
635 847
166 698
937 801
483 4
939 755
368 779
855 867
1 861
769 602
386 396
620 296
14 270
38 656
744 370
492 241
744 571
770 787
476 623
514 760
364 156
40 805
477 384
347 718
668 542
564 984
390 371
464 535
808 436
256 246
681 239
35 372
772 740
661 506
880 152
172 724
673 584
809 523
870 375
374 887
783 197
890 772
581 548
741 742
183 731
983 785
530 929
452 950
116 429
709 14
255 633
445 870
406 758
579 292
867 805
138 204
322 686
195 456
496 516
245 92
278 461
604 285
499 821
740 283
177 668
302 461
369 894
983 454
95 40
31 965
965 266
801 211
316 502
390 645
4 764
799 919
2 996
222 599
162 17
599 827
820 295
760 754
479 417
794 45
199 739
426 206
976 148
671 331
567 678
559 755
944 736
95 649
607 296
486 21
555 479
336 128
586 724
653 731
104 23
423 590
137 47
502 253
650 791
616 982
551 786
438 396
872 743
840 535
273 685
983 887
587 186
61 882
866 238
257 256
181 631
832 570
779 178
969 829
160 396
709 987
170 399
515 830
476 626
297 360
268 249
647 124
702 755
476 14
896 122
40 35
683 963
605 923
930 679
877 645
116 612
411 836
879 629
456 129
284 585
420 365
21 639
731 84
237 937
946 775
659 725
266 128
845 517
504 383
528 410
956 711
552 324
483 853
48 251
139 238
663 615
788 456
459 185
127 935
575 704
284 122
137 677
142 107
471 43
177 522
213 122
870 351
102 10
737 37
58 958
81 158
459 683
745 861
244 638
688 216
458 74
94 23
14 321
810 699
778 52
323 788
610 644
587 948
538 873
935 6
891 202
583 124
740 866
528 866
258 741
944 593
369 487
217 773
634 995
205 692
102 187
862 610
106 379
909 593
902 953
46 236
779 401
64 589
170 200
83 25
440 759
906 137
868 391
693 602
903 729
825 130
429 159
173 693
724 935
569 603
289 430
883 837
71 763
981 73
885 206
90 147
912 245
546 911
470 31
359 761
829 471
862 645
534 140
703 986
152 105
274 140
571 608
714 696
976 897
990 409
559 555
294 436
715 686
314 194
883 769
592 146
420 888
860 20
956 716
634 253
297 29
812 760
674 152
107 144
108 597
838 903
146 873
163 287
238 898
127 907
598 276
611 904
334 581
364 904
270 251
289 654
662 473
442 330
132 160
241 626
613 8
840 467
883 421
210 663
533 847
526 806
394 248
232 780
931 911
525 238
822 545
827 82
710 501
3 713
407 522
472 84
494 868
593 129
379 819
645 694
201 318
987 300
470 474
259 831
271 813
954 83
374 937
332 960
68 409
369 570
454 941
555 424
932 819
71 381
933 65
347 108
358 583
695 527
100 155
412 260
891 625
569 136
165 6
346 227
478 3
553 199
478 107
481 293
85 584
643 432
409 572
595 596
340 371
200 225
691 349
495 368
217 107
822 638
715 848
39 460
155 395
96 110
639 31
872 98
262 596
883 571
596 302
361 866
700 61
519 229
488 197
450 783
184 54
687 827
387 370
251 397
741 790
620 399
312 947
602 305
108 460
815 957
807 317
903 57
612 103
190 835
484 791
970 735
900 864
822 818
482 347
611 141
712 264
425 751
616 831
255 441
842 626
542 975
315 591
665 907
254 180
599 98
59 704
982 533
151 484
123 444
14 143
487 329
916 282
588 123
686 889
786 446
591 686
880 38
181 748
433 57
720 896
41 201
307 470
835 582
49 28
196 187
185 911
443 732
724 714
536 483
183 704
935 274
301 920
978 614
639 612
823 862
887 553
351 243
681 674
707 461
728 231
878 327
761 661
892 220
608 277
227 573
392 755
628 377
78 196
408 509
956 770
906 989
688 442
174 160
632 908
932 994
600 129
184 368
517 510
114 569
808 893
861 321
228 733
809 583
213 680
87 850
839 79
565 698
20 183
127 942
995 643
486 796
873 98
837 43
981 311
652 427
384 529
148 172
295 999
160 316
850 701
459 453
913 105
201 830
288 293
402 941
445 400
812 210
883 589
30 819
228 296
71 978
27 703
102 931
229 424
75 33
420 607
168 797
163 952
971 9
114 44
81 655
470 751
261 134
246 307
446 331
537 276
990 531
573 969
697 128
242 644
854 824
295 69
809 342
189 597
746 909
30 348
733 69
285 988
687 880
952 863
787 851
877 507
241 267
697 518
102 11
871 903
834 120
748 206
785 450
279 370
380 770
809 223
383 820
473 150
72 268
143 80
633 560
505 29
824 225
210 220
204 659
140 540
271 44
126 767
940 790
190 772
928 369
812 294
385 559
530 603
834 791
940 600
203 386
103 139
982 221
685 426
692 248
693 800
765 100
496 283
815 353
285 277
788 708
401 207
563 947
153 621
737 144
308 882
778 588
594 870
623 30
954 487
7 984
977 306
885 193
669 833
440 714
881 828
75 459
524 509
6 150
796 619
602 532
267 744
365 572
140 234
46 957
198 718
929 439
275 934
454 482
843 1000
210 506
700 672
868 948
603 196
883 587
341 980
775 168
779 619
434 820
488 682
444 956
716 478
25 414
951 307
915 139
772 428
885 664
369 337
813 687
371 815
980 151
305 160
976 76
827 379
217 701
635 144
430 124
162 374
722 814
724 961
647 717
911 196
169 66
146 290
436 630
519 114
887 729
736 449
490 139
266 95
882 798
700 973
119 368
458 476
391 822
997 111
269 372
870 563
978 510
58 507
737 776
741 110
679 363
98 17
383 786
64 952
220 42
287 34
653 897
744 930
476 271
687 300
207 397
517 557
791 224
980 563
466 803
545 280
111 859
353 497
504 854
876 991
749 523
478 820
67 662
327 960
627 661
697 128
271 448
331 649
534 39
7 509
461 676
738 897
851 924
917 645
601 605
690 251
713 733
689 590
341 506
946 749
536 709
766 526
810 555
795 611
29 747
996 578
475 41
896 177
649 151
275 14
541 778
348 412
551 993
805 629
727 583
298 888
842 663
610 280
378 188
377 395
438 911
564 653
824 524
332 9
405 829
461 772
21 71
174 275
872 752
607 284
429 722
115 701
89 628
998 886
708 537
326 283
245 640
918 780
771 670
27 985
233 409
312 294
535 965
12 44
184 489
952 711
324 446
785 769
556 791
896 424
421 390
545 599
818 936
142 403
992 637
631 717
813 60
40 617
387 330
900 106
417 685
350 711
345 171
6 979
805 25
832 180
460 107
168 555
84 4
448 656
417 7
929 897
922 167
679 786
592 271
571 170
413 86
790 640
446 569
899 948
229 683
578 368
691 440
544 239
394 452
132 169
87 651
751 72
882 852
593 348
714 113
345 67
875 637
422 407
17 302
610 167
305 532
517 510
568 792
84 909
314 316
18 654
282 431
478 61
294 399
278 403
627 244
831 648
712 872
687 330
401 499
673 268
796 753
384 721
930 550
579 580
55 181
223 335
633 847
711 664
453 475
803 207
959 820
169 311
8 923
162 137
856 828
738 941
6 890
449 121
852 678
678 254
59 111
891 599
758 985
938 226
202 773
955 624
39 489
938 962
20 368
296 988
63 597
792 807
285 113
583 747
523 807
899 33
63 986
161 795
856 616
757 80
682 259
890 175
785 157
338 727
260 66
739 110
958 733
370 976
951 951
665 560
513 604
386 773
438 289
834 170
577 560
343 187
667 593
201 892
500 826
460 255
266 24
663 629
947 558
118 451
201 920
108 137
52 731
654 81
501 706
269 688
577 987
708 888
500 182
205 129
806 430
188 9
482 955
838 596
3 211
652 157
338 575
216 976
617 33
300 831
815 199
705 378
931 428
643 619
963 619
831 94
622 413
662 59
697 189
862 56
403 540
984 282
452 135
355 870
401 676
327 757
30 707
262 747
999 1000
680 809
174 504
880 921
914 839
154 772
337 316
754 957
245 577
148 720
548 638
356 283
844 760
475 608
714 722
254 15
503 575
245 661
108 563
493 121
357 549
651 228
49 975
394 353
614 677
664 278
794 540
35 883
715 46
772 251
586 916
507 363
407 656
813 554
119 957
498 744
725 597
554 212
661 31
634 200
458 667
475 134
906 880
203 685
250 230
638 467
959 376
683 240
902 68
676 648
78 37
641 856
174 793
805 615
173 366
285 241
595 276
732 318
227 27
423 556
713 123
417 154
457 941
948 20
787 693
886 190
1 109
574 584
549 467
702 491
781 303
225 79
196 227
917 171
341 138
217 656
492 372
897 171
159 542
850 561
159 20
468 258
426 434
637 449
150 597
723 28
334 405
836 463
552 615
35 959
95 236
870 993
490 789
612 485
389 71
973 493
500 21
573 213
606 471
156 556
744 989
980 306
314 164
289 922
848 96
6 29
166 282
217 687
733 475
478 531
991 340
338 748
6 807
532 483
816 330
243 901
504 93
110 506
610 929
353 28
750 972
577 205
537 311
165 68
261 838
650 629
52 405
585 446
68 738
565 458
219 643
481 593
612 606
615 701
131 800
923 531
73 526
279 196
468 996
799 97
266 141
124 711
359 472
93 234
100 931
451 490
55 340
485 194
368 908
967 373
715 24
384 785
242 705
576 627
501 577
34 44
808 855
94 526
223 675
192 575
141 90
247 298
968 245
978 480
211 122
338 371
65 115
896 560
252 282
874 329
854 668
515 868
600 829
642 375
115 756
159 955
797 209
408 678
167 336
459 665
662 313
361 952
832 519
372 864
473 911
8 595
584 617
482 618
380 798
781 624
9 989
321 963
507 359
535 612
544 328
727 884
409 48
815 806
878 718
677 386
735 775
124 867
5 352
302 512
339 916
150 639
676 345
586 289
515 583
127 703
625 915
123 891
487 717
535 54
821 194
551 612
121 286
70 158
958 415
963 486
466 93
860 215
501 703
280 844
692 172
131 967
85 759
996 558
557 194
341 181
136 772
194 350
396 808
906 183
714 450
95 423
773 947
225 584
851 71
131 855
179 95
617 274
829 718
526 599
27 674
177 824
308 936
87 508
603 333
544 858
713 624
722 24
320 225
830 725
439 659
242 813
451 194
390 699
521 519
120 721
808 92
817 736
338 159
673 644
817 150
626 299
275 863
845 913
340 152
3 509
298 660
62 443
86 800
610 177
495 569
440 541
264 386
899 224
603 18
622 885
732 33
343 685
994 462
557 958
915 551
725 322
152 258
604 967
789 759
225 542
421 969
949 629
983 895
634 69
813 40
316 621
337 900
645 321
753 342
617 592
23 984
943 929
88 123
573 75
441 812
466 624
321 483
133 980
287 414
509 636
491 484
846 719
30 443
697 624
496 793
710 841
585 695
166 172
59 113
438 491
351 765
433 677
675 286
470 745
760 540
622 174
692 421
638 496
791 667
623 710
956 495
628 97
605 993
231 339
882 886
192 681
224 809
302 562
595 353
773 882
328 516
713 633
721 627
886 378
914 14
816 171
56 19
958 32
804 701
2 315
236 314
901 269
231 281
988 397
278 374
382 88
229 747
495 76
180 691
380 33
907 107
54 284
684 818
541 11
397 264
381 348
138 914
324 693
911 80
934 283
34 668
752 658
686 657
439 72
615 592
94 333
572 559
995 155
804 775
69 564
202 185
365 650
451 251
55 38
592 447
719 966
249 486
66 59
438 109
619 507
448 535
33 281
586 604
586 228
936 81
904 961
488 523
469 586
669 968
967 631
90 682
538 493
807 538
116 162
87 968
265 570
86 786
949 103
455 221
87 428
403 23
996 888
889 998
172 424
300 82
48 312
789 747
147 673
52 840
259 945
435 609
712 561
580 505
148 576
191 238
349 280
813 680
314 600
730 253
362 76
45 476
984 601
208 556
159 40
958 924
381 904
892 625
67 849
611 199
558 98
396 721
162 147
359 723
778 989
771 590
59 516
86 990
414 927
945 31
21 796
545 210
314 400
896 140
534 348
886 767
693 798
863 81
458 423
490 785
724 933
976 518
827 294
884 372
116 159
547 327
608 318
356 94
667 528
240 687
456 220
201 316
80 383
392 614
876 719
404 316
260 450
879 234
253 941
427 634
329 525
103 766
672 32
777 956
429 186
379 118
232 418
524 224
501 362
733 899
712 301
447 565
922 710
515 577
834 78
131 192
61 870
658 407
677 262
76 532
422 528
249 720
161 285
467 65
906 517
135 413
751 41
882 472
219 54
565 404
134 610
261 479
622 945
1000 836
258 936
8 945
617 177
220 448
101 132
202 100
111 628
116 317
901 321
717 885
997 971
296 348
631 78
96 712
53 816
449 852
720 655
36 576
731 973
283 970
308 798
265 519
228 41
828 237
666 78
359 289
212 633
728 944
690 177
704 960
130 499
128 309
548 346
468 272
32 250
283 405
454 889
545 754
325 274
648 508
667 492
737 309
879 971
567 250
779 764
474 221
564 310
892 282
50 347
72 237
603 546
886 518
4 179
444 870
640 663
756 495
200 313
310 631
912 726
802 475
872 988
640 652
378 994
777 828
95 982
466 222
416 377
736 238
849 656
852 642
299 860
882 571
249 882
93 263
958 942
239 414
59 949
644 48
177 261
127 608
400 839
732 657
227 393
511 623
410 759
994 864
920 308
324 445
826 721
789 170
518 795
950 178
937 963
251 106
126 470
520 655
316 894
171 148
564 476
682 701
316 619
176 821
152 250
190 671
53 910
668 945
756 679
320 693
934 780
790 164
163 697
97 562
310 809
950 335
209 44
95 686
365 146
961 394
239 935
904 224
826 29
156 784
876 229
891 527
579 822
423 66
372 500
400 254
467 970
862 845
55 877
187 453
103 258
907 777
631 82
228 431
388 981
177 685
184 327
844 937
227 924
440 843
412 523
190 827
906 51
314 122
375 185
714 524
430 994
865 444
543 778
797 365
851 304
185 865
613 153
883 542
729 141
556 801
109 305
143 555
730 464
991 291
770 953
357 978
529 899
422 416
710 304
512 682
767 508
746 158
494 722
40 453
947 816
665 832
120 581
246 275
231 948
836 894
280 124
810 569
737 501
892 271
674 326
176 824
759 184
427 564
334 298
138 471
216 198
928 177
269 665
981 803
90 439
128 896
872 74
51 78
68 779
609 795
592 54
382 893
482 706
398 852
374 563
794 438
81 106
425 196
915 591
645 784
880 590
623 658
49 974
682 927
922 637
330 415
534 531
942 630
323 787
732 525
6 689
184 719
886 62
500 114
729 29
944 72
261 522
881 831
835 268
355 759
399 244
915 396
788 184
402 468
921 713
728 208
698 839
208 687
474 714
937 409
395 389
323 812
669 291
552 600
160 154
336 155
291 44
217 945
747 736
255 131
32 334
404 192
217 810
332 764
553 388
129 544
100 552
967 649
794 514
98 348
679 558
292 42
230 378
366 646
855 387
513 651
27 916
390 621
809 327
188 950
464 717
758 698
972 724
801 69
655 700
2 906
240 144
723 948
744 844
310 432
999 159
987 908
889 937
356 502
801 425
787 524
836 92
480 158
105 117
847 593
382 347
115 218
898 315
7 964
1 879
784 403
537 966
252 991
830 133
178 447
826 715
39 767
851 337
729 454
430 106
452 598
491 543
799 845
992 495
481 492
618 608
306 646
755 424
726 607
860 748
85 184
243 240
285 132
965 242
191 551
927 683
469 667
106 936
155 165
123 627
61 596
22 152
232 781
826 718
485 738
39 892
578 304
933 405
283 578
699 853
497 796
751 808
40 119
245 566
516 796
48 858
555 391
435 811
917 648
786 954
256 655
854 899
510 55
133 151
43 286
701 223
879 48
571 742
452 707
412 911
688 732
200 582
208 941
52 855
194 585
359 48
833 36
48 886
952 516
194 904
361 984
863 109
732 87
698 657
104 975
399 60
913 604
611 99
741 694
386 464
955 884
351 822
120 83
520 408
885 871
855 107
394 837
410 429
964 403
140 141
517 347
508 409
459 469
402 381
38 904
309 602
140 288
797 464
793 580
963 450
964 241
502 911
349 198
15 527
229 409
754 971
990 722
868 567
419 866
232 808
539 645
967 789
235 686
362 549
806 968
242 293
275 855
576 995
137 864
141 128
950 11
452 802
432 272
863 616
767 423
209 366
403 282
879 8
226 944
89 417
374 863
654 943
989 316
359 964
452 309
829 583
799 791
587 631
768 866
415 576
921 670
669 414
208 608
218 742
545 733
615 598
308 60
519 747
984 909
528 939
257 251
336 123
2 946
323 542
96 465
422 360
432 270
848 549
288 480
150 505
386 627
841 670
42 890
82 888
118 658
522 770
650 47
168 535
151 849
746 472
344 441
6 155
864 202
912 747
191 970
585 442
79 551
816 770
393 707
21 543
449 448
770 202
769 645
559 704
488 155
791 52
39 692
518 569
622 4
937 538
163 513
128 12
626 192
339 370
595 32
93 344
26 267
755 794
948 366
479 279
463 957
380 53
209 376
316 136
92 217
2 516
325 664
283 615
539 605
639 934
835 56
422 611
946 30
163 234
146 275
726 843
963 291
216 212
144 325
925 11
680 357
747 856
393 24
741 658
528 371
551 161
446 435
962 953
704 419
755 153
928 3
755 764
125 354
926 452
379 249
28 942
691 208
101 407
527 559
216 532
336 103
813 504
108 326
905 21
809 907
430 914
820 274
361 779
486 813
888 15
773 195
231 369
894 611
388 990
223 392
999 978
56 469
232 327
255 335
288 183
413 972
257 277
235 422
521 816
250 104
446 457
578 363
531 693
249 476
97 432
299 613
380 78
289 69
403 694
763 140
805 81
78 258
992 626
199 514
775 109
309 532
78 381
812 197
69 209
106 3
452 685
912 815
30 942
468 802
341 514
181 474
102 214
235 665
905 443
85 749
929 531
780 879
1 462
437 821
139 846
575 134
506 403
11 668
261 268
651 102
120 47
569 814
442 254
55 935
462 700
156 108
448 453
195 906
799 297
528 250
732 344
675 387
896 607
972 141
538 899
382 759
172 270
794 377
235 130
254 292
320 948
97 239
311 308
673 59
886 573
764 357
639 915
210 811
929 919
73 746
838 806
329 983
636 700
673 696
371 369
770 323
725 115
218 789
284 400
332 286
916 46
696 958
714 540
97 118
663 570
886 625
665 293
977 851
894 161
448 321
218 14
147 121
810 932
510 510
485 812
481 241
726 874
772 576
653 785
652 365
69 322
421 320
930 534
477 881
124 857
614 977
819 452
265 968
186 756
476 112
127 109
2 429
603 216
160 730
570 527
771 917
464 552
749 291
38 450
15 875
494 702
484 683
881 854
500 496
468 876
278 382
558 367
843 603
501 675
585 641
904 968
457 600
659 221
144 692
635 627
82 624
927 164
100 220
168 13
358 634
226 49
783 566
583 454
279 35
482 703
809 474
802 993
44 356
414 289
788 918
753 276
871 584
180 744
920 943
250 977
659 741
158 848
204 951
89 63
642 750
273 66
324 831
208 521
680 114
565 637
109 542
715 853
634 447
513 914
990 879
479 649
301 322
38 919
395 517
816 106
978 432
670 317
901 877
170 539
637 416
110 438
979 237
170 190
344 805
644 736
738 786
959 173
829 899
394 337
894 957
601 794
493 807
459 553
175 149
542 707
1000 802
505 90
918 683
687 901
527 451
443 979
317 182
954 652
462 201
712 315
481 199
844 661
521 17
747 998
798 750
901 882
330 770
163 283
896 931
959 878
921 866
117 948
286 247
149 767
431 534
105 233
697 345
63 223
920 828
342 603
512 573
674 307
584 1000
136 916
473 120
655 156
244 840
329 700
659 2
499 852
395 939
175 960
24 756
745 589
220 336
241 65
282 336
334 131
415 674
257 171
139 980
425 571
153 440
196 272
896 131
229 971
684 214
725 779
580 586
765 303
490 54
900 875
294 625
265 257
12 893
452 195
932 212
140 852
234 163
130 277
715 364
259 820
86 131
398 226
77 476
767 665
572 152
831 991
938 839
938 870
810 737
533 836
319 444
769 310
951 712
294 275
422 973
910 1
232 946
506 406
447 699
518 698
114 612
695 883
10 763
628 834
265 330
367 741
578 443
139 14
873 154
233 362
864 843
673 28
11 469
249 199
20 825
208 282
652 355
436 692
485 26
31 438
878 427
169 623
939 36
337 977
29 110
890 447
253 646
893 936
305 741
198 807
735 348
287 682
571 135
232 815
60 191
959 58
81 64
623 149
217 174
930 307
286 537
901 146
551 8
742 786
430 365
761 271
428 767
921 966
320 257
788 478
234 137
528 146
922 602
404 983
567 93
736 752
790 72
419 18
539 761
254 499
575 126
91 82
424 169
937 532
981 89
960 144
405 203
368 514
88 723
243 896
851 578
79 693
738 787
619 54
224 948
409 774
838 856
777 651
683 76
319 599
929 209
799 997
759 422
278 220
862 195
493 486
654 65
136 323
931 685
338 90
951 501
531 74
453 801
109 412
537 490
247 825
953 120
562 749
701 87
434 535
329 522
588 223
906 599
794 513
38 92
437 421
136 719
15 545
879 463
503 970
29 991
359 626
663 320
922 735
813 246
262 766
709 363
478 965
588 546
789 485
990 21
468 997
694 898
132 814
80 407
882 699
327 114
705 141
995 6
459 433
969 191
212 567
567 721
709 707
423 21
442 263
336 949
228 739
523 791
858 116
112 618
974 169
31 771
537 584
651 217
170 315
114 383
194 771
952 115
914 336
498 157
376 961
274 937
352 643
183 830
172 624
870 799
626 105
106 602
810 802
158 524
171 454
606 21
577 568
382 309
83 299
654 169
94 70
206 833
950 90
931 495
387 704
507 869
474 660
569 240
280 646
387 472
754 169
892 577
247 105
731 846
902 654
170 394
766 280
811 210
479 362
155 244
684 53
804 419
987 63
890 880
686 420
735 365
729 990
263 840
910 95
230 803
829 239
417 532
829 968
635 836
282 511
823 903
525 218
543 199
605 837
649 914
362 777
473 863
243 301
787 888
616 945
453 858
43 217
958 621
262 877
225 396
79 417
747 979
707 261
940 325
468 19
419 530
152 660
463 532
441 372
471 531
898 730
173 401
472 998
699 216
632 87
491 379
421 378
544 626
40 779
516 947
271 465
839 712
503 883
545 935
357 956
35 714
227 139
421 235
593 372
988 6
810 241
608 587
751 63
197 355
471 882
5 986
912 441
335 61
680 753
945 883
111 679
278 179
906 677
35 79
955 521
603 425
246 894
59 197
983 590
546 925
581 412
129 834
601 646
93 693
860 228
666 552
145 849
490 951
86 858
623 643
989 433
56 550
367 979
386 18
940 521
19 412
889 67
324 141
936 796
865 762
472 159
890 736
770 423
876 873
210 979
563 31
954 385
590 752
827 750
193 989
712 927
292 698
393 172
911 92
572 804
77 764
636 577
543 374
52 995
478 348
37 929
129 94
924 521
673 29
642 812
802 935
268 644
794 327
15 207
703 585
56 496
660 222
304 189
329 164
329 152
820 744
280 842
289 167
600 870
531 177
539 889
525 931
832 130
598 126
239 509
487 905
565 26
779 489
414 123
118 846
618 835
534 268
752 771
16 128
882 611
490 535
422 851
397 392
49 107
626 527
319 657
965 524
941 715
873 202
697 29
908 832
917 714
693 679
699 724
238 360
573 642
547 801
225 235
579 938
69 627
942 799
12 450
932 453
473 86
358 407
143 758
855 384
262 964
657 111
417 503
778 996
959 678
183 35
146 436
940 889
382 354
836 530
138 791
284 778
212 612
813 623
220 402
993 208
896 533
323 493
299 702
154 641
267 595
151 396
144 841
999 65
143 812
215 993
52 466
103 430
611 619
234 563
161 882
179 87
875 169
163 417
154 700
16 231
166 769
116 653
473 932
985 777
589 872
717 263
137 638
181 786
986 58
519 806
600 613
153 782
2 583
573 1
492 355
410 251
263 689
567 402
127 629
905 40
947 682
111 445
155 997
951 786
12 107
855 234
655 930
795 971
888 35
723 701
817 708
727 503
391 354
589 235
290 301
681 986
51 179
119 681
907 150
456 795
845 807
779 645
530 937
552 561
153 351
249 993
98 441
223 750
227 739
452 802
909 472
633 272
326 395
729 890
306 122
246 940
437 617
723 369
158 451
619 173
995 964
507 417
311 700
704 792
435 492
48 209
63 604
960 948
744 715
275 379
205 434
49 349
224 618
772 691
467 406
298 302
138 454
5 424
852 800
675 888
57 740
178 220
751 224
546 190
871 275
522 424
108 704
763 280
640 160
138 973
472 468
554 780
836 860
103 519
390 397
821 879
825 331
723 192
52 723
215 252
472 51
474 226
420 965
649 611
137 441
876 218
876 932
576 396
641 192
369 310
553 20
405 478
239 870
824 915
273 666
602 300
100 269
550 446
560 311
231 237
81 357
722 639
536 539
172 670
111 889
278 823
464 709
413 874
992 302
361 914
867 414
312 24
180 125
626 718
682 860
196 327
570 94
769 109
865 519
951 67
366 294
667 895
342 587
161 681
802 345
973 309
639 466
728 650
211 83
135 663
67 538
662 33
312 749
931 87
388 915
293 436
252 905
748 597
300 69
466 675
659 213
497 755
499 990
593 405
150 1
289 678
25 383
132 467
138 592
488 846
95 258
960 412
950 200
859 568
514 404
444 177
734 144
517 405
463 388
234 279
778 498
174 835
153 835
879 845
904 63
926 520
774 609
538 201
723 809
65 825
509 731
292 631
183 205
106 66
733 431
794 716
404 259
287 998
899 124
278 789
815 136
39 921
981 818
104 208
842 326
38 786
794 797
485 753
110 627
877 775
193 492
911 970
532 631
318 714
26 220
96 108
748 797
861 195
463 620
874 260
830 291
440 754
931 204
364 931
895 7
976 893
727 638
962 333
782 542
447 144
663 471
249 1000
501 524
391 586
575 130
727 7
851 375
709 412
200 627
403 570
435 760
396 764
505 219
716 471
61 284
262 495
307 732
110 364
569 760
31 780
577 326
421 753
872 757
411 872
314 190
111 211
560 86
69 628
989 843
454 462
629 435
410 460
321 788
618 743
539 382
807 605
156 55
206 258
255 640
415 942
681 734
609 827
915 901
139 889
366 683
58 267
669 135
512 219
746 623
329 784
969 329
999 389
13 811
752 81
631 912
955 224
633 764
592 296
838 596
942 225
690 202
60 377
160 141
691 44
881 278
860 683
565 526
47 590
810 807
121 433
271 843
448 265
357 14
777 255
593 881
864 958
91 111
557 189
469 119
168 24
380 748
542 501
466 117
746 176
200 171
972 218
249 718
394 521
363 150
973 927
457 457
498 129
239 54
360 733
889 243
893 245
59 136
33 548
888 813
557 445
983 575
487 492
851 130
716 903
860 476
686 364
149 603
971 826
742 880
494 267
571 357
603 543
775 751
139 201
612 178
848 594
404 970
393 700
979 35
161 682
885 391
668 311
47 288
781 990
228 894
339 37
698 603
472 443
939 662
867 14
962 794
405 929
803 895
105 971
546 165
789 480
229 420
558 185
55 834
634 932
331 410
921 433
