6721
679 372
552 738
103 48
966 743
129 924
434 780
325 266
925 482
434 773
863 432
712 704
195 561
450 339
864 623
412 921
950 535
650 272
455 417
977 683
66 369
89 19
724 487
46 873
647 655
775 458
791 642
965 442
630 906
767 243
380 912
384 552
658 45
645 533
837 256
143 657
430 772
253 789
326 243
306 819
560 585
733 560
424 199
828 743
364 325
54 756
183 677
605 221
848 240
356 657
533 849
576 14
125 918
198 495
772 338
760 818
259 657
917 307
499 156
921 900
234 213
492 685
907 736
938 780
270 970
665 811
417 733
141 217
508 293
56 282
307 314
405 78
237 125
241 864
386 396
928 962
454 144
85 542
40 868
14 427
685 363
975 929
433 774
339 469
80 265
94 701
118 489
173 846
236 524
506 992
590 867
984 488
366 17
914 231
291 71
249 177
31 512
382 516
99 892
558 663
628 706
721 465
569 262
336 256
495 3
945 40
750 497
266 43
555 108
612 177
291 463
289 800
908 628
543 529
621 848
942 335
886 724
729 468
23 9
671 506
400 630
621 23
869 747
813 700
446 456
146 518
374 508
395 411
209 208
579 437
578 35
545 328
835 981
142 999
336 453
758 104
969 486
920 493
511 581
44 70
673 949
894 62
313 951
416 458
846 46
128 841
579 116
741 136
92 5
727 429
12 834
353 49
329 133
862 50
25 700
586 603
702 511
351 987
83 331
744 688
163 15
62 161
847 974
607 799
340 126
603 787
712 163
585 214
205 710
236 50
566 889
721 617
270 746
882 494
173 188
607 160
531 608
793 205
106 706
759 696
689 620
458 134
689 981
955 778
41 530
447 177
2 870
974 597
786 407
681 895
469 552
93 936
49 439
364 429
477 104
352 343
256 327
676 767
500 617
861 545
86 730
457 502
707 422
455 543
216 597
971 67
841 617
17 432
463 121
760 90
755 404
539 157
655 286
46 165
868 334
639 241
126 293
904 671
650 705
800 839
120 739
534 221
104 250
465 791
881 222
332 460
564 833
50 443
349 139
217 854
104 921
259 525
904 603
524 109
84 627
613 678
992 492
452 702
353 652
609 718
123 171
991 526
234 967
474 221
550 273
308 187
673 517
785 476
623 771
771 588
109 331
588 548
577 486
233 683
526 291
249 372
605 116
105 783
843 101
113 550
286 556
116 727
487 260
435 112
899 748
906 706
715 195
266 96
920 549
587 95
970 836
443 314
168 206
47 615
960 439
3 328
90 451
457 613
225 886
146 528
1 827
859 945
483 273
984 582
994 756
14 381
984 597
614 509
222 328
530 216
106 238
3 845
829 805
14 884
690 979
29 126
838 316
274 47
857 648
67 427
282 788
69 282
55 700
705 644
851 387
152 126
931 192
193 774
803 700
863 416
410 582
10 208
668 255
616 515
942 449
386 91
357 981
88 595
968 569
195 426
964 352
651 851
830 639
395 701
59 231
326 666
700 786
855 479
14 994
937 800
829 351
746 354
480 740
778 360
805 439
42 399
524 521
56 344
341 452
368 469
399 996
740 272
813 243
737 973
401 709
36 492
971 272
725 995
559 886
86 635
916 587
48 17
590 616
176 526
223 579
534 378
448 394
401 870
794 551
812 755
396 100
420 825
15 659
350 705
958 56
573 14
86 706
454 751
457 133
322 868
559 9
538 832
871 203
384 390
190 153
815 386
524 505
440 258
703 811
248 419
764 598
444 526
800 31
655 914
517 101
975 864
77 894
875 106
788 630
832 206
635 899
598 773
623 991
703 99
441 911
279 925
204 274
48 255
393 447
673 391
10 536
506 897
925 587
634 990
52 781
325 888
98 297
930 953
579 101
114 46
748 433
480 413
608 684
607 130
498 687
255 375
325 747
603 262
698 642
778 587
668 397
854 806
176 83
774 699
915 514
495 238
948 84
388 757
728 388
74 258
341 549
917 278
532 554
578 433
550 760
817 832
78 582
284 617
255 844
484 778
772 563
968 957
196 670
795 582
670 356
999 506
859 581
37 789
685 503
254 74
983 127
85 279
599 881
783 391
256 540
478 440
739 115
727 421
411 26
835 51
967 538
431 61
280 695
653 723
47 182
602 298
820 377
950 41
236 989
561 66
43 626
273 687
672 796
585 656
199 834
776 425
901 555
807 735
988 353
968 441
629 595
343 275
555 235
687 942
415 873
102 781
840 213
740 179
709 863
307 859
950 936
171 111
710 577
587 55
787 469
132 668
716 250
770 963
485 546
853 727
46 664
588 366
603 316
735 891
608 799
755 806
379 180
943 27
392 27
988 912
801 517
299 177
401 6
885 320
489 663
392 202
252 394
103 372
93 310
122 259
443 450
304 137
373 329
310 213
839 976
894 685
471 264
384 791
325 290
585 782
107 401
560 987
953 240
880 763
764 689
713 501
963 100
295 456
617 517
703 452
871 640
64 773
980 715
938 870
140 984
673 258
395 933
769 475
729 290
485 650
215 612
345 964
382 677
992 946
937 319
216 249
802 219
650 103
291 464
793 773
360 502
837 902
482 208
60 223
240 308
647 870
605 815
482 156
180 145
186 980
46 95
724 676
886 608
512 151
839 685
794 272
870 922
102 162
602 372
563 677
188 428
879 98
199 424
387 680
566 296
758 158
37 802
702 557
918 959
507 585
576 760
988 327
583 684
224 91
191 710
627 173
551 715
170 737
587 483
837 934
649 511
13 597
693 494
383 815
555 339
874 223
539 905
772 621
121 421
205 966
996 794
789 332
19 298
61 762
274 976
534 272
242 355
849 180
167 226
543 325
86 399
913 18
212 833
254 875
689 569
531 135
176 223
380 976
246 453
114 148
445 626
712 910
727 570
175 596
314 453
954 158
586 192
904 404
874 54
137 165
963 448
377 851
282 179
149 479
999 686
66 504
675 530
208 199
377 464
523 634
18 328
620 284
489 784
363 324
287 676
972 395
401 266
567 788
388 187
100 635
377 949
74 219
851 225
768 532
322 650
804 134
805 779
741 920
719 523
282 645
860 579
370 204
8 318
395 16
983 163
414 254
50 444
594 719
307 664
313 474
129 33
84 8
492 481
846 126
434 809
824 810
622 329
837 386
986 431
891 48
692 780
900 784
871 285
684 685
109 509
72 665
151 472
511 612
38 433
466 587
797 944
223 596
400 135
443 311
871 698
101 544
616 724
811 472
133 909
528 333
50 602
368 574
130 569
957 183
724 442
674 853
729 462
14 975
383 416
847 151
467 126
987 768
995 820
26 380
99 856
787 549
327 276
104 834
150 461
757 754
431 247
668 851
567 704
580 21
630 569
354 680
384 767
766 186
825 616
460 509
258 165
324 564
622 319
430 385
632 222
869 511
542 695
927 390
374 642
410 728
751 218
690 294
91 977
587 140
72 852
980 957
748 251
604 374
933 558
712 306
840 552
222 125
200 957
105 290
509 195
997 84
690 244
363 727
297 887
593 62
535 379
778 712
128 324
290 924
720 608
397 666
548 706
214 899
212 580
730 215
560 389
263 420
661 913
411 448
674 113
232 794
157 73
643 168
469 462
786 693
755 221
95 73
857 61
141 469
946 595
18 916
774 924
853 645
183 196
706 906
819 154
370 667
101 998
91 391
215 858
337 201
105 23
590 777
478 369
187 212
371 618
470 126
524 276
420 859
199 398
871 199
610 605
285 65
399 21
451 283
200 941
322 652
153 380
556 934
551 417
395 819
677 281
328 913
941 979
230 429
617 31
677 454
23 15
11 469
310 987
576 640
555 448
975 387
948 465
207 539
136 255
222 2
725 329
483 569
384 362
175 415
26 935
429 92
698 684
361 513
265 739
225 793
892 545
286 421
613 138
293 264
411 542
297 98
922 836
530 357
862 60
378 836
179 959
628 460
436 326
649 533
782 914
935 261
384 417
246 788
478 207
488 984
666 542
730 658
16 43
61 231
299 988
374 830
529 364
541 839
853 741
660 326
782 230
362 676
125 549
963 548
255 986
650 916
846 587
196 679
106 537
184 490
108 656
276 744
762 119
947 327
763 574
39 42
824 887
18 504
613 418
344 413
830 485
465 365
657 436
520 875
110 869
7 743
676 842
736 440
920 317
228 981
374 672
123 473
844 532
221 429
813 308
988 754
482 592
692 816
87 538
251 719
366 418
63 154
151 250
417 891
190 17
864 430
920 330
528 768
714 384
880 651
822 726
906 51
328 746
631 549
750 910
325 896
162 106
623 240
943 130
257 980
693 669
856 759
924 766
965 533
249 959
710 377
912 690
208 696
355 759
514 143
254 702
771 966
500 455
408 435
265 945
569 990
114 972
813 239
733 355
931 780
854 69
503 273
292 297
397 442
579 314
686 403
502 436
878 133
127 324
540 334
151 188
109 656
427 450
429 132
998 127
249 17
996 324
833 105
383 14
652 353
709 704
42 845
669 249
318 927
226 208
287 980
433 685
980 812
118 727
306 240
883 914
104 880
394 436
62 155
3 939
543 696
136 713
825 274
248 996
28 471
120 192
788 796
936 937
415 204
355 927
511 674
794 613
660 252
940 121
817 833
131 392
326 974
648 527
524 14
510 104
104 302
24 315
953 919
40 613
919 204
93 772
109 925
395 627
492 672
248 204
147 821
619 980
78 311
101 180
991 646
531 981
111 955
763 22
244 322
281 429
732 914
523 886
411 496
473 174
165 670
400 571
710 639
130 397
23 9
745 298
221 257
90 365
674 835
139 905
409 712
867 587
656 164
22 522
349 81
66 102
771 818
3 436
661 841
107 48
511 410
17 622
679 212
727 477
810 908
153 996
646 778
132 376
267 479
172 799
192 212
793 163
766 743
348 942
723 321
561 543
405 55
755 63
481 239
354 671
55 785
802 292
475 760
334 736
792 360
807 799
939 898
84 38
925 60
419 672
283 671
582 825
646 123
766 839
798 296
165 569
48 53
335 572
417 668
306 806
332 800
651 121
475 592
459 573
223 189
247 13
224 698
647 729
726 741
657 871
835 555
987 423
73 1000
348 896
105 400
195 657
219 818
641 819
741 952
780 924
914 722
410 434
834 387
114 642
573 30
89 37
356 410
398 24
190 272
532 439
169 612
319 676
878 544
352 859
406 103
44 873
785 811
678 385
114 191
371 323
163 151
620 410
122 447
117 802
205 913
722 360
728 310
925 817
769 593
819 738
989 30
405 413
903 623
413 555
666 90
969 90
522 590
247 753
642 822
290 215
355 115
184 164
55 602
207 496
782 424
744 288
313 553
933 919
567 542
123 92
314 282
839 411
823 810
532 171
469 560
926 692
499 53
261 147
630 138
710 739
708 287
206 705
238 869
38 845
714 216
614 356
350 891
54 749
852 714
550 187
512 845
69 464
500 81
20 24
306 412
107 236
391 224
308 293
842 345
257 497
847 777
388 713
783 558
892 471
322 296
123 42
301 644
999 988
187 449
365 28
559 229
291 799
160 901
561 103
902 868
391 926
590 904
707 371
915 737
674 954
398 454
695 652
110 97
172 455
238 778
392 388
824 994
430 270
899 677
845 587
854 625
517 175
816 917
956 231
994 621
797 392
183 58
25 641
746 829
634 801
393 718
185 57
274 195
936 139
251 334
645 736
64 515
855 426
165 709
41 647
586 264
346 786
225 126
407 397
462 140
509 805
508 901
274 569
218 991
765 272
710 205
760 744
862 955
703 118
538 137
872 909
967 585
595 901
207 149
784 203
324 503
31 806
767 797
68 460
119 541
137 679
713 939
28 85
180 754
680 389
376 510
226 409
32 421
720 635
395 452
154 788
62 745
496 385
346 538
16 115
247 291
922 43
192 817
87 788
617 38
691 829
279 478
532 818
918 494
309 216
525 746
309 277
448 686
416 714
646 419
175 89
420 581
777 546
606 167
904 938
464 809
918 412
204 725
48 648
950 941
470 872
911 660
894 985
633 254
898 92
978 737
371 234
111 871
400 159
943 975
57 612
687 616
511 119
37 47
198 700
364 128
765 228
541 213
70 766
616 477
147 789
368 788
515 460
634 465
973 386
165 299
489 949
197 308
967 848
1000 428
616 153
358 874
208 797
69 788
264 511
718 754
45 109
593 22
791 652
212 475
333 167
514 637
567 65
522 422
435 886
368 359
205 669
573 611
869 701
736 421
330 854
33 631
606 282
842 514
990 741
660 969
297 951
234 144
394 287
392 346
661 103
545 758
276 79
954 992
497 35
689 967
566 291
505 971
655 606
338 608
638 896
831 991
950 771
660 72
936 954
68 712
897 608
891 807
203 921
757 673
428 322
582 898
714 477
741 800
457 515
695 436
272 6
530 151
568 851
717 519
435 436
267 411
565 710
244 142
43 214
945 394
839 406
671 185
592 353
273 443
41 865
376 917
636 304
40 934
958 661
791 55
437 381
167 828
226 496
371 243
260 403
396 754
282 1000
123 69
956 583
639 470
210 947
826 95
53 201
453 598
558 194
581 347
782 803
157 163
748 507
702 97
23 930
353 958
948 155
812 859
875 129
239 598
172 918
997 245
376 824
331 792
48 721
927 388
944 521
320 341
381 968
888 405
946 451
576 861
313 7
100 690
147 267
120 524
600 362
54 58
222 187
566 868
216 990
126 303
822 4
556 882
500 884
819 623
173 862
585 277
926 854
571 950
767 306
173 953
732 168
697 134
269 656
627 443
412 891
67 665
93 593
726 73
641 419
97 251
645 26
583 854
954 370
735 247
96 178
307 717
224 452
254 898
939 946
209 539
81 837
882 604
606 552
6 232
945 622
593 535
505 403
88 209
422 465
99 937
499 422
710 314
754 177
316 828
840 286
370 788
648 707
649 373
387 370
425 538
154 605
870 901
939 987
932 325
179 175
566 995
608 586
173 389
357 369
521 748
380 654
921 374
21 555
659 501
793 350
778 760
65 225
501 906
807 176
202 818
203 4
602 439
456 528
924 777
334 854
674 796
766 867
122 65
962 446
149 255
636 644
139 113
104 673
779 585
738 934
89 871
145 298
935 347
86 399
745 826
135 274
509 886
783 75
101 666
257 270
323 426
109 110
992 678
697 673
600 596
697 245
715 785
335 99
175 191
28 861
111 773
791 69
799 757
459 941
396 217
778 251
351 623
811 401
684 303
695 883
236 835
524 360
27 287
984 942
493 805
165 10
579 345
857 677
306 375
273 387
991 895
261 41
889 377
664 280
274 627
330 189
478 345
795 49
523 822
749 339
161 701
383 194
325 42
508 729
364 628
357 298
840 504
158 955
911 176
146 362
150 949
942 426
821 959
244 431
319 842
477 720
959 398
209 171
32 433
25 905
289 118
675 964
907 897
658 985
81 358
501 67
128 598
588 525
33 86
946 505
358 949
429 16
525 584
91 895
71 235
631 966
513 781
793 124
473 374
871 1
783 373
339 883
154 522
509 729
305 422
332 937
890 243
920 308
690 63
890 582
274 864
125 108
281 615
472 914
332 96
21 211
336 922
478 755
447 809
607 963
936 100
980 387
610 476
305 415
41 123
577 735
666 731
167 645
373 402
697 285
750 228
757 481
858 423
894 203
825 359
556 563
756 363
569 71
294 358
817 883
803 445
111 89
698 994
902 49
597 998
140 514
653 352
565 256
777 349
971 57
324 912
676 937
633 111
956 834
168 459
577 983
371 871
115 8
91 98
103 511
895 851
630 35
408 735
175 53
752 377
303 643
403 143
577 814
193 846
593 189
879 453
367 740
161 311
95 805
491 269
607 47
379 265
303 552
663 740
174 397
568 679
877 173
856 430
299 687
614 511
698 935
588 214
69 848
972 456
532 854
3 290
500 504
598 458
506 181
102 665
478 977
929 287
625 912
296 298
963 349
344 404
985 595
308 889
271 635
254 493
554 440
634 796
7 9
271 382
184 260
814 292
984 530
990 762
447 943
991 777
891 564
642 401
250 967
196 457
414 677
109 926
418 425
820 66
836 171
644 396
746 51
712 995
194 3
218 709
130 22
368 222
814 137
776 358
16 769
44 985
827 657
992 734
35 669
884 241
372 478
549 347
699 459
839 27
53 191
540 683
903 626
437 834
824 291
250 408
834 99
278 771
871 397
774 723
778 106
251 90
401 1000
106 690
669 567
486 465
240 740
786 676
177 787
616 58
465 832
98 248
613 184
134 27
888 331
871 707
938 445
94 171
953 61
65 405
673 909
472 898
745 872
213 842
478 348
437 807
60 747
688 296
120 985
939 73
232 990
643 88
79 356
688 449
405 683
151 347
257 774
353 888
745 967
272 220
355 429
153 494
891 502
957 828
300 681
215 679
407 781
500 205
106 266
939 250
536 544
887 240
713 951
994 294
581 77
652 15
739 261
730 899
813 991
686 716
414 819
1000 375
362 996
534 415
559 354
157 990
966 409
981 566
273 128
791 594
720 456
774 1
581 403
750 360
682 366
337 925
701 289
693 210
131 618
297 12
191 412
478 651
937 507
817 509
646 176
344 789
466 200
169 634
841 559
78 695
785 14
75 452
892 722
989 827
219 4
60 560
155 19
267 379
8 277
302 84
923 906
805 699
454 795
70 520
96 271
906 430
616 233
990 433
171 177
311 512
616 53
392 611
343 224
400 756
999 954
109 527
544 218
271 678
762 862
329 328
628 476
823 399
272 239
104 239
435 693
181 616
454 574
179 179
803 684
797 697
696 759
628 389
517 731
456 783
540 301
411 658
666 972
484 847
488 98
852 357
381 744
305 209
41 862
753 637
21 624
798 61
160 460
127 266
502 748
268 659
894 849
596 565
673 698
183 795
768 955
117 203
734 580
682 7
343 274
197 515
845 535
868 387
803 906
564 965
270 798
951 314
34 860
615 40
25 76
988 1000
692 507
528 688
78 405
57 658
485 228
456 344
185 511
210 125
505 725
793 446
394 791
588 756
340 99
450 731
592 719
525 492
981 793
672 733
780 793
584 662
753 289
75 392
920 860
334 345
706 121
689 110
518 347
323 199
493 853
101 52
642 752
747 938
65 307
497 873
311 752
74 50
303 439
774 381
880 341
851 34
267 946
137 565
389 413
154 537
200 873
97 380
218 899
18 79
670 491
343 326
269 974
384 642
95 819
733 511
816 430
90 347
763 876
190 344
275 556
604 449
176 690
631 938
877 120
644 611
345 751
762 746
821 772
382 980
125 484
198 720
544 857
29 806
839 580
184 316
1000 378
92 502
519 944
857 876
692 418
393 807
571 121
594 79
617 265
577 770
643 322
488 946
251 316
72 970
673 596
687 275
751 37
270 655
468 794
742 962
960 570
818 730
566 758
186 189
56 237
594 731
311 122
528 443
171 175
958 14
14 337
136 993
118 258
308 857
20 203
460 110
210 567
837 260
563 178
743 421
21 410
847 527
751 867
315 471
878 67
257 137
277 832
888 317
806 19
185 327
607 898
511 404
683 736
664 918
64 310
930 5
55 396
879 318
268 595
18 648
722 207
32 791
416 14
389 416
718 747
355 654
288 139
41 314
500 97
620 376
830 399
426 286
815 6
104 875
719 293
686 828
228 967
514 850
798 699
312 933
108 503
678 359
204 452
148 534
336 333
240 484
422 58
117 129
5 208
645 497
884 947
962 512
924 460
712 42
56 15
229 398
632 157
888 929
746 681
94 32
745 6
968 293
922 555
650 774
779 763
87 615
253 500
154 267
581 369
19 724
271 727
95 582
250 6
193 344
921 772
143 109
197 663
722 596
829 703
845 717
788 839
600 299
519 803
120 397
804 611
413 55
760 802
612 888
450 289
783 265
126 520
323 934
929 237
91 885
580 386
935 130
468 560
16 388
107 277
760 481
975 713
196 754
922 755
304 359
305 634
598 265
967 659
478 389
857 264
916 78
981 992
123 221
327 338
693 722
856 547
461 202
473 639
153 55
875 455
388 473
426 163
686 989
794 169
476 909
103 270
584 146
768 389
489 556
461 367
129 52
348 607
578 611
139 295
175 460
419 448
848 32
56 673
327 233
125 694
10 480
801 522
985 465
521 142
263 876
822 621
194 100
378 108
905 432
342 884
748 615
570 423
20 535
927 41
12 193
828 336
441 850
54 5
306 820
877 594
568 400
713 601
887 371
674 3
506 227
423 973
244 15
184 627
676 492
932 177
339 83
376 204
139 363
326 698
865 821
357 820
878 187
720 378
340 400
815 687
177 573
142 67
519 200
346 713
852 589
842 713
914 935
22 234
362 88
139 801
398 530
400 935
700 411
626 968
196 141
640 271
766 266
123 830
446 502
70 278
680 399
114 787
104 343
244 77
769 459
60 907
827 32
510 858
22 565
905 443
54 481
530 182
704 410
649 804
306 230
902 838
87 48
124 832
574 938
362 922
189 568
260 910
560 121
539 245
280 912
530 532
256 975
976 743
565 912
400 289
191 438
750 828
126 522
554 708
761 687
645 907
856 40
593 674
94 3
203 581
101 953
748 463
808 642
626 468
103 189
762 105
145 385
725 382
710 710
988 616
848 367
513 901
224 846
507 452
183 501
709 853
610 32
153 892
676 624
716 389
112 62
547 503
958 80
953 425
174 124
554 539
604 543
712 528
595 805
419 59
936 276
72 771
745 883
970 105
926 62
872 190
794 667
775 56
614 51
885 938
471 795
762 591
972 233
286 865
747 364
570 714
365 66
991 731
345 120
935 9
45 462
288 7
118 270
832 191
397 432
93 960
511 823
517 934
766 835
264 616
799 354
195 628
731 499
570 727
89 55
857 721
532 8
180 877
826 797
220 171
492 39
111 913
383 157
480 481
277 883
392 878
333 190
564 23
878 82
928 602
866 986
383 468
35 4
988 672
366 36
825 834
873 672
672 437
98 844
243 838
532 295
589 4
530 443
566 802
971 722
703 895
96 237
695 794
201 898
844 20
74 396
243 791
548 139
782 610
956 825
292 919
390 422
410 439
888 212
127 758
646 635
836 343
662 696
579 58
291 507
469 742
186 720
74 946
363 257
695 649
767 378
12 292
961 467
488 209
592 74
681 286
822 319
888 489
640 809
345 76
615 296
176 104
400 262
559 590
555 145
463 540
497 287
26 805
360 158
239 563
388 45
77 973
665 619
900 223
468 85
70 337
201 141
132 93
197 766
259 888
961 766
401 774
429 762
589 445
570 304
441 542
47 524
666 602
53 568
312 939
605 830
587 698
824 785
186 848
446 262
496 503
565 400
451 852
886 875
773 787
58 831
671 758
687 855
610 984
615 828
320 360
161 583
690 384
973 796
861 421
845 223
336 721
471 535
463 942
771 335
168 702
983 101
348 675
463 101
359 584
492 443
812 526
119 755
583 533
475 412
153 898
574 747
633 861
567 480
393 526
967 464
664 601
945 92
71 144
562 119
680 43
38 730
568 782
357 23
266 516
149 904
72 523
311 411
469 287
2 865
668 783
883 578
950 431
161 573
737 927
663 678
501 198
824 41
648 876
711 201
572 703
20 582
158 455
190 583
475 128
135 114
812 413
28 630
784 208
835 965
162 647
146 34
394 620
30 666
660 487
241 660
390 494
48 265
970 800
125 86
542 117
495 293
61 146
848 977
360 195
719 893
15 48
847 649
550 228
178 578
602 616
120 175
655 229
474 57
723 151
705 648
407 849
292 926
553 195
906 773
145 615
994 393
734 737
6 17
766 769
239 765
263 392
874 881
309 482
106 818
973 217
723 90
491 558
721 979
387 599
244 915
607 68
946 264
142 786
784 269
786 812
180 809
576 261
328 536
893 527
994 140
363 904
189 720
419 364
105 123
470 595
201 451
703 16
894 893
934 449
897 483
911 84
199 296
509 252
347 429
38 923
755 533
642 339
405 290
880 264
226 564
52 711
147 355
809 50
870 780
675 164
593 72
888 880
722 271
809 217
577 294
622 870
585 214
734 257
910 55
560 336
719 652
709 99
535 28
381 562
950 635
601 810
906 458
297 9
267 350
497 803
411 89
589 846
459 250
188 741
404 197
475 701
563 449
374 749
35 899
452 6
618 310
302 625
750 112
198 491
251 967
899 478
64 37
856 519
18 575
3 993
854 69
883 604
940 577
196 297
458 717
16 26
363 427
105 724
75 804
985 128
452 530
966 595
280 413
158 81
249 925
778 344
145 432
892 531
87 672
111 11
16 835
562 990
376 167
937 423
378 242
741 262
696 319
468 610
333 356
258 96
696 764
295 122
190 398
831 800
129 752
578 599
605 602
93 280
513 365
713 314
348 367
36 128
336 998
844 69
881 998
318 962
144 807
42 325
40 130
410 957
361 460
871 175
329 420
576 788
93 222
125 861
105 482
524 293
1 104
324 910
104 452
770 955
247 862
968 653
70 672
186 927
780 405
288 448
1000 558
887 708
958 851
253 756
525 233
614 876
365 240
795 862
518 815
952 328
335 452
238 684
380 311
846 383
814 851
771 301
998 992
94 65
146 987
949 456
654 63
369 812
988 219
213 488
570 563
354 369
292 607
470 414
522 536
856 955
661 740
863 15
606 622
715 89
291 602
927 615
126 409
301 642
443 435
50 872
125 752
622 876
552 250
395 191
791 138
40 340
629 294
334 852
34 468
339 594
338 511
762 235
631 536
778 104
190 649
711 818
334 819
127 151
902 778
765 935
808 889
245 450
754 305
735 835
929 863
982 897
791 510
559 250
544 7
775 94
554 464
821 698
687 860
939 769
445 423
882 487
156 993
697 52
949 833
353 732
909 923
699 684
282 219
374 162
636 968
199 932
503 6
915 323
245 605
802 302
562 23
49 33
906 216
304 198
114 127
482 287
420 889
735 74
239 36
290 237
87 6
720 208
272 397
473 83
926 726
213 225
827 243
976 518
432 860
154 931
585 939
25 254
570 486
283 712
806 524
438 39
243 511
955 906
423 16
723 664
452 731
127 408
934 282
212 291
25 97
817 291
798 751
798 60
746 468
676 136
997 683
642 125
227 180
536 956
171 497
678 472
495 113
876 732
358 759
469 661
305 379
509 187
72 689
544 564
700 197
202 526
973 180
630 243
547 300
304 643
824 383
797 897
42 732
733 648
98 364
960 21
223 100
939 10
8 300
761 238
770 586
658 937
455 182
583 206
966 879
117 349
811 186
170 601
896 791
244 678
954 890
683 962
68 986
761 1
653 344
783 82
333 128
848 521
655 929
250 268
792 31
83 647
659 483
322 832
698 363
820 831
452 51
964 473
587 642
978 457
60 774
831 341
619 535
889 519
15 297
711 748
281 185
854 403
939 940
851 830
644 594
359 983
321 743
631 313
684 459
809 441
13 905
436 67
51 165
251 257
946 330
281 413
257 649
716 258
343 547
847 606
326 464
690 116
524 473
151 507
471 25
472 389
655 406
338 221
835 650
70 226
473 957
370 84
763 86
616 467
561 641
521 827
572 530
52 575
89 399
14 978
989 41
228 161
735 71
749 933
115 839
992 523
639 552
485 450
66 935
703 222
246 52
450 625
591 544
586 607
849 408
186 791
727 338
533 988
989 401
252 17
389 222
343 410
9 415
322 225
43 831
764 401
172 731
179 842
541 260
248 216
529 329
645 588
64 139
383 285
299 613
835 899
689 977
518 597
518 647
629 812
435 286
726 908
166 621
296 424
349 452
640 486
581 561
290 687
882 538
605 591
21 448
103 972
807 645
612 220
363 187
283 108
352 275
633 856
301 291
306 134
449 368
970 40
343 481
330 456
267 926
63 572
910 564
686 152
639 512
143 304
728 406
15 148
842 475
51 423
946 958
541 565
497 88
151 291
306 916
730 191
912 815
805 38
334 638
755 53
508 716
341 615
642 766
957 621
230 604
751 774
508 992
575 445
874 111
198 696
869 342
695 575
674 935
996 857
269 615
82 194
830 223
104 378
252 335
916 352
157 524
939 419
664 80
553 966
716 798
389 761
934 135
853 136
322 718
40 530
584 696
529 261
681 419
674 344
354 941
239 529
807 12
339 249
226 119
747 809
339 965
610 695
504 824
670 94
544 638
886 387
516 988
680 869
625 684
527 790
45 767
392 649
67 961
470 14
660 386
636 150
636 224
935 401
767 395
905 523
449 491
656 999
89 557
40 183
355 8
146 436
973 750
94 458
509 721
325 796
443 646
144 247
622 399
649 350
515 162
56 521
480 431
238 345
371 175
63 882
967 541
605 260
321 88
929 180
567 357
531 279
699 165
806 292
763 360
695 462
833 218
4 632
319 548
572 160
679 345
309 69
788 826
661 372
56 610
692 757
681 419
403 564
901 632
274 677
40 29
822 577
193 648
297 240
115 581
345 413
242 601
243 320
98 300
751 876
732 681
518 191
623 586
216 993
185 869
198 468
941 255
402 521
658 239
653 18
922 340
278 787
209 1000
553 782
353 213
881 467
954 566
27 850
480 230
896 726
129 933
663 686
100 129
586 906
979 619
351 836
73 872
259 876
750 919
123 776
946 947
92 43
36 502
408 969
70 431
508 547
445 877
445 572
29 43
834 220
420 233
775 981
994 995
399 371
279 741
276 760
839 24
436 477
381 575
996 451
77 679
796 148
794 391
840 612
556 323
590 188
549 444
32 53
273 624
634 346
113 734
646 223
790 581
387 503
988 57
64 747
396 308
196 188
340 543
345 515
264 989
60 442
504 829
400 371
735 42
457 852
667 90
854 79
708 671
412 481
777 235
209 38
903 224
415 896
362 48
728 73
896 38
472 289
418 1000
701 571
488 584
933 325
210 4
258 804
868 400
207 649
406 116
751 964
553 964
21 324
275 312
53 162
883 279
786 330
629 352
634 773
324 937
24 923
585 576
358 699
238 58
611 146
478 580
532 901
795 415
896 239
105 924
280 648
565 485
581 783
188 904
40 178
97 413
120 453
658 223
453 200
955 339
607 24
209 198
661 814
732 480
532 338
202 681
399 485
328 395
766 837
602 664
54 897
939 572
199 390
904 479
659 80
34 476
408 468
270 763
47 963
386 978
856 660
952 749
791 48
643 438
928 612
842 769
571 881
60 970
279 527
339 274
506 55
399 204
365 127
41 582
454 174
263 634
756 124
712 188
512 787
676 802
512 323
256 29
349 329
594 908
891 955
647 907
886 953
793 571
516 55
226 60
425 254
482 699
315 55
942 289
996 577
246 632
731 987
440 23
461 220
396 415
763 1
440 524
693 156
88 842
881 58
723 783
352 447
883 413
52 840
875 769
529 649
74 318
566 131
789 173
92 963
59 234
252 577
352 785
935 813
69 255
579 723
210 609
228 399
992 511
463 562
68 605
616 569
959 897
247 868
245 397
159 543
208 885
720 901
830 830
929 934
236 257
653 262
647 85
634 441
540 309
363 457
438 394
503 406
480 243
799 421
284 497
26 776
206 357
304 764
196 714
436 964
844 206
58 915
809 508
427 260
308 797
24 510
914 271
165 998
861 837
283 150
190 341
308 974
723 931
916 738
711 286
259 53
238 172
661 367
848 891
578 904
964 752
905 471
170 79
611 374
253 497
429 687
375 51
620 30
19 317
915 896
82 852
13 604
9 163
629 913
759 379
104 800
529 148
496 833
687 833
494 553
37 412
2 870
580 271
685 728
928 512
718 821
156 262
200 889
745 680
988 56
581 452
455 36
139 908
206 42
212 900
315 780
527 654
897 297
939 144
717 869
700 694
332 199
741 806
321 245
779 147
16 910
913 468
528 542
191 796
869 844
147 74
24 98
933 546
57 297
750 346
27 649
595 535
797 733
320 613
161 685
596 464
300 216
426 89
613 361
669 429
125 402
852 697
809 411
414 947
115 511
244 690
921 654
818 944
162 363
906 987
788 931
190 988
892 623
301 119
175 935
457 149
849 411
473 684
688 834
986 85
209 582
48 691
779 975
981 806
924 963
292 522
810 736
50 594
925 876
343 477
993 179
691 507
25 663
776 820
845 303
265 446
627 976
372 609
202 626
903 340
251 374
707 470
775 631
434 135
646 914
895 997
458 430
660 848
972 838
480 757
591 452
611 835
592 491
328 764
172 150
227 853
622 124
861 924
424 662
640 331
189 519
609 582
653 794
350 987
442 172
568 962
892 216
543 200
70 256
734 995
596 665
178 837
930 505
265 945
964 106
212 800
911 426
537 933
742 864
752 96
168 2
9 324
566 986
82 884
138 100
577 578
204 634
376 324
511 269
146 730
296 194
915 881
481 29
912 838
166 146
17 516
951 900
767 495
706 909
385 893
137 577
649 411
762 672
683 425
440 512
145 540
610 697
867 751
843 246
329 195
578 609
582 63
402 337
158 957
306 41
605 946
557 35
274 514
601 374
711 568
495 736
190 941
639 87
690 631
845 452
72 509
586 599
636 731
398 198
96 873
558 728
378 295
170 296
536 187
226 963
461 524
560 144
951 11
851 257
422 632
584 395
925 476
723 181
288 506
911 338
622 965
282 797
528 83
998 863
117 824
89 737
696 502
630 718
892 178
843 372
671 347
228 205
524 618
276 131
464 917
341 244
380 75
995 288
985 352
339 278
985 883
108 469
896 524
345 161
934 811
647 951
678 69
76 708
110 275
171 250
184 905
77 353
722 813
506 479
687 643
337 738
873 965
123 282
654 892
126 802
621 567
499 677
364 938
260 26
677 152
581 488
772 110
692 148
524 260
492 642
353 870
862 739
873 662
95 31
932 731
674 332
427 162
117 143
861 172
75 441
978 565
64 2
686 437
651 308
53 39
845 778
524 813
677 289
774 139
482 352
716 935
987 547
524 228
173 293
748 168
215 378
151 801
300 977
712 68
735 202
639 74
287 184
696 720
78 321
870 64
869 856
607 414
531 226
247 518
613 733
238 599
448 402
187 154
983 780
567 705
489 632
248 845
9 544
498 773
896 12
77 130
970 810
502 431
39 565
879 722
822 538
34 675
997 10
368 199
201 291
208 680
146 532
392 327
237 460
125 476
911 833
804 408
487 88
21 919
209 887
375 733
536 345
51 917
18 271
943 126
903 747
588 145
191 92
613 297
191 32
731 217
33 958
706 630
902 354
32 935
356 671
24 521
816 650
37 621
289 484
758 167
29 716
930 992
632 201
813 3
981 865
186 773
457 57
531 990
684 47
971 408
590 444
72 905
511 308
629 972
776 449
719 987
847 566
79 561
692 995
59 177
553 338
535 394
966 498
402 329
238 737
267 277
338 508
859 842
413 410
383 986
739 4
512 436
450 640
3 62
789 662
530 670
104 510
945 723
446 45
266 727
305 588
162 693
148 99
557 40
616 505
761 618
208 469
565 407
584 111
830 261
864 651
664 166
624 152
104 785
905 51
987 450
798 183
844 527
143 462
686 288
73 899
939 800
944 275
910 764
662 406
328 8
967 541
550 903
63 184
59 895
369 738
452 554
252 985
86 603
587 399
703 170
685 136
530 18
894 979
637 715
241 442
458 620
687 84
741 817
209 889
606 669
164 725
84 560
517 804
175 728
967 575
805 534
803 98
230 525
359 837
825 28
593 873
793 782
534 164
727 399
502 963
44 114
642 363
390 412
93 37
986 852
246 281
105 50
804 853
789 683
478 118
595 940
521 264
878 837
690 321
149 948
640 1
305 663
829 51
259 623
437 820
954 949
164 402
476 820
522 375
790 325
24 724
296 522
693 873
336 601
90 429
958 689
201 220
479 578
565 245
340 432
665 115
877 776
53 795
842 6
232 369
147 572
907 418
815 472
52 912
499 187
242 888
106 165
753 458
2 358
125 202
66 486
736 612
527 49
622 993
818 627
91 51
856 312
700 53
968 772
162 229
290 272
838 763
983 22
727 478
23 683
371 681
317 95
712 432
18 124
280 851
39 753
764 990
968 849
933 402
186 774
581 217
163 800
760 403
130 768
975 448
288 180
56 631
153 860
235 909
88 850
932 837
907 49
635 516
49 555
914 202
54 435
641 366
76 55
50 993
193 935
90 544
134 89
211 205
1 461
797 506
968 998
988 347
896 727
985 915
370 34
296 11
340 502
547 781
133 922
50 142
362 873
697 131
8 971
912 596
777 153
92 195
990 2
84 450
399 996
858 979
671 672
474 431
391 67
488 178
494 12
458 349
791 377
479 260
40 141
512 278
450 189
663 73
920 222
147 307
519 1
580 821
762 693
570 408
320 27
52 446
313 798
854 944
622 407
886 188
794 320
700 510
202 134
263 130
752 686
457 774
211 558
672 396
954 603
601 289
909 751
970 434
514 384
529 207
907 116
565 530
547 821
754 813
53 879
34 14
890 801
897 246
521 997
936 87
687 865
676 890
370 334
228 8
438 939
595 717
334 985
532 916
210 980
695 440
660 167
126 670
304 866
669 905
318 450
398 909
618 993
117 289
177 624
850 292
310 261
19 827
830 20
241 875
280 183
26 725
524 812
330 212
518 412
403 750
192 556
523 245
896 316
890 860
396 933
536 527
628 285
371 47
275 510
385 301
306 979
448 141
33 405
120 496
773 357
854 432
592 867
745 607
293 246
502 545
393 657
210 559
885 609
456 350
876 749
542 76
366 427
101 979
134 940
50 272
963 986
732 875
135 27
308 466
607 348
711 980
897 286
624 500
812 867
951 721
271 704
273 910
490 342
185 59
852 687
748 561
513 326
217 393
794 182
797 780
569 411
331 100
596 88
756 626
616 266
970 575
846 134
139 895
499 226
90 730
361 102
51 170
83 543
294 399
105 414
356 395
202 785
522 900
253 187
737 186
761 252
474 793
493 658
767 544
289 244
653 220
720 776
998 898
675 165
627 65
3 632
16 252
798 808
530 674
358 750
577 484
828 705
570 578
623 970
300 348
677 154
91 847
341 726
828 129
725 634
957 457
679 276
751 87
136 171
96 742
690 100
896 982
434 168
822 703
718 240
159 117
435 710
257 863
91 442
13 154
907 521
342 893
259 743
930 457
173 707
889 267
414 976
958 504
607 9
814 388
741 839
311 313
6 903
754 986
838 890
862 156
536 753
908 653
78 658
573 896
636 824
710 508
454 763
946 994
868 554
409 808
87 709
945 683
753 247
840 74
722 85
631 295
193 616
503 579
479 291
93 292
8 470
716 743
218 512
30 798
896 323
578 955
259 784
509 249
666 425
222 256
80 572
745 842
155 168
984 997
372 541
141 517
73 425
250 684
558 858
947 407
682 838
513 655
693 262
863 398
789 43
105 621
39 264
338 150
792 913
498 944
824 669
611 360
604 783
470 502
129 204
74 62
13 723
180 451
297 615
715 658
557 572
372 978
121 447
279 452
613 374
883 790
648 57
926 148
749 270
546 988
323 369
936 135
959 972
598 620
928 968
678 605
424 325
295 64
533 679
795 120
75 398
228 55
823 527
650 63
69 751
728 441
304 392
675 422
972 771
969 379
83 949
521 858
346 301
295 727
658 847
221 726
937 126
593 234
225 461
78 932
477 155
920 13
633 220
521 105
581 189
772 45
524 889
960 838
41 609
793 930
520 234
517 60
264 636
291 456
254 464
980 16
927 617
738 277
181 991
492 290
554 304
927 508
940 382
643 225
970 586
383 963
762 666
984 166
941 389
490 158
919 70
420 361
510 817
164 331
807 927
721 819
782 94
777 928
542 968
542 906
552 309
812 386
447 105
262 322
36 273
775 917
287 812
724 798
281 317
811 112
105 956
709 363
778 135
561 558
447 799
598 499
760 334
818 253
101 121
628 413
845 117
758 826
138 232
523 904
819 596
598 457
464 827
196 444
791 709
447 247
447 555
653 385
985 483
470 934
632 769
448 983
216 130
519 725
436 431
909 221
383 834
773 572
84 719
152 100
123 448
429 889
757 244
841 590
861 473
361 341
455 579
221 661
666 704
834 9
899 251
100 371
730 796
712 776
302 633
384 589
815 833
237 154
945 195
549 122
719 67
413 770
399 291
32 460
670 116
470 131
455 693
346 192
167 691
625 713
637 284
216 751
870 628
691 629
796 213
916 989
286 530
363 551
917 454
736 791
398 699
57 832
951 741
302 763
213 628
621 571
953 324
664 435
139 910
835 576
878 552
743 856
773 74
840 854
539 635
319 859
457 144
160 277
734 272
226 874
788 207
578 308
897 808
322 530
838 248
393 389
950 597
6 178
371 651
986 561
449 746
588 435
476 876
362 165
360 834
694 425
626 288
158 680
526 112
991 536
880 61
957 629
439 822
454 361
439 21
606 283
547 803
222 183
25 924
450 488
477 6
236 916
997 109
993 990
499 856
696 760
623 452
751 144
342 909
835 426
935 319
795 174
663 355
258 534
334 907
769 135
965 433
221 602
455 115
838 765
769 235
417 113
571 869
642 365
460 996
654 905
424 973
238 404
136 547
871 257
902 818
840 999
257 710
48 572
248 403
562 609
766 995
252 681
216 210
678 2
674 176
888 231
350 899
59 300
12 486
7 972
351 737
407 473
402 389
805 945
809 721
19 376
217 111
478 124
784 212
649 603
606 170
718 942
902 785
721 371
908 337
79 469
908 543
89 164
608 693
239 684
661 630
934 973
657 765
401 702
789 243
94 238
560 421
672 440
129 940
445 113
518 564
844 156
816 553
845 322
461 253
470 631
486 466
417 821
831 437
314 692
268 202
870 727
806 395
806 821
537 258
558 233
392 937
157 698
259 270
145 544
494 186
153 298
267 791
547 65
568 251
231 503
221 615
596 876
629 380
934 711
9 794
885 529
865 530
627 589
639 476
392 139
97 586
70 574
141 953
759 106
352 759
822 346
283 404
890 616
638 574
213 434
460 869
275 142
862 560
332 964
982 650
848 500
322 34
464 64
323 295
256 9
811 551
220 51
217 144
280 304
180 743
828 556
388 107
393 437
216 210
446 849
699 813
610 98
508 962
41 181
147 695
815 694
748 638
817 796
602 179
228 414
935 357
762 123
124 907
58 573
750 314
362 56
295 838
924 987
139 220
24 929
161 533
367 79
244 112
946 821
488 417
641 20
487 590
656 237
601 728
31 30
308 654
780 622
736 911
207 574
287 170
605 411
640 606
118 483
142 319
11 769
144 596
26 460
149 838
190 956
422 825
25 187
234 780
396 255
469 712
466 547
323 186
582 543
634 155
236 625
32 936
735 813
224 893
816 544
247 929
258 631
746 56
701 336
445 191
841 672
50 735
863 92
707 33
11 490
445 200
493 512
61 255
326 435
78 712
86 820
265 814
660 11
130 117
953 464
117 325
475 715
651 602
430 566
61 809
750 134
691 18
107 769
259 109
192 195
748 56
85 653
744 666
957 452
914 192
573 749
439 817
881 679
932 690
722 579
990 318
927 815
469 910
380 149
801 776
98 248
939 539
133 276
915 162
187 128
778 119
5 569
564 909
813 158
398 634
303 723
669 589
995 672
194 854
945 465
640 834
873 871
312 590
220 33
171 655
41 105
697 312
848 310
853 964
486 989
786 693
517 973
946 477
690 201
766 392
870 697
600 789
744 379
476 879
757 780
584 736
252 486
288 100
709 78
989 461
451 787
505 286
327 247
786 760
848 157
410 780
860 374
256 336
492 892
677 294
597 20
837 729
126 742
68 665
531 852
906 501
708 488
300 964
975 46
214 778
90 406
531 850
834 785
605 207
330 118
209 828
833 740
334 666
242 248
335 247
132 415
339 13
754 89
118 621
618 992
205 337
217 483
146 236
785 335
733 291
821 580
719 369
452 611
530 668
203 470
255 180
716 78
411 386
722 947
402 518
451 830
567 934
900 271
962 612
340 67
741 423
44 358
973 69
381 277
757 168
317 264
947 174
484 332
224 751
976 834
596 181
551 195
215 880
144 309
674 796
141 791
460 622
231 447
292 935
527 598
369 951
876 832
548 745
555 264
852 950
446 815
290 189
656 213
208 783
137 586
816 397
464 708
374 369
80 163
975 345
872 1000
718 88
893 769
326 716
691 835
425 204
765 704
95 915
917 244
677 718
383 163
917 396
976 397
339 629
839 870
61 380
232 274
669 10
984 712
750 166
724 326
359 219
314 906
225 495
758 442
258 4
796 228
453 653
527 693
942 535
399 902
120 78
956 681
378 335
993 531
457 638
426 412
283 794
495 997
28 373
346 961
792 820
415 156
967 511
23 427
538 136
497 802
596 450
332 858
82 93
841 532
427 252
816 523
624 559
2 685
859 718
342 495
557 254
688 878
622 466
442 692
830 951
130 145
531 341
370 320
652 848
266 318
56 559
83 265
626 190
795 836
560 79
124 571
380 46
278 853
238 376
282 367
460 835
362 156
253 78
258 348
75 495
697 130
451 16
425 615
72 812
626 385
931 222
976 416
305 347
48 548
549 487
377 98
299 535
366 141
872 590
15 984
498 216
634 260
944 862
487 760
250 902
521 833
881 605
899 771
676 969
814 577
500 142
712 555
117 53
369 476
298 575
855 984
131 94
787 625
90 924
37 577
385 691
11 924
270 365
392 922
109 633
532 700
865 731
468 766
702 267
124 258
62 974
216 145
691 973
141 478
883 381
69 191
591 876
607 359
285 252
643 725
842 784
256 861
708 918
532 970
653 987
54 121
734 130
416 577
432 321
358 818
104 411
358 449
153 819
859 671
269 253
543 309
386 336
622 39
291 23
828 733
771 980
371 414
87 125
47 52
706 856
485 149
579 389
968 664
962 380
60 568
25 563
366 133
980 500
732 400
781 742
421 875
70 626
662 618
683 516
701 905
271 50
666 890
202 600
567 598
560 694
407 551
904 455
572 679
5 879
963 698
861 44
972 762
643 207
764 566
845 925
306 897
862 395
7 803
328 150
477 982
973 954
596 675
183 116
532 57
792 273
858 436
444 864
374 107
901 577
371 754
477 860
762 849
241 952
355 191
773 317
450 649
104 454
216 650
637 243
102 632
33 51
850 971
861 727
918 178
533 761
369 671
330 517
795 872
585 664
668 143
984 335
375 294
532 820
660 288
981 715
562 73
277 355
813 820
892 708
483 892
688 481
956 257
959 783
358 466
975 158
904 771
787 496
421 370
723 340
613 125
458 729
328 210
175 727
920 419
324 105
630 266
23 338
619 532
453 321
707 235
987 746
703 445
283 822
927 182
669 677
668 228
398 474
277 958
887 374
797 552
667 878
911 144
670 257
592 437
70 138
830 514
606 695
553 916
906 708
874 863
884 497
756 410
697 86
776 118
915 624
379 167
658 271
979 210
958 122
449 521
418 550
378 334
687 71
418 484
630 644
502 45
16 919
58 984
99 863
14 187
733 162
51 468
992 724
418 707
437 660
266 1000
755 596
504 302
617 105
805 479
468 994
531 835
39 783
993 242
310 637
240 142
748 72
620 81
814 579
460 681
687 887
827 367
116 298
923 674
995 194
42 991
240 171
943 170
952 856
161 156
719 465
981 74
110 139
664 66
497 361
700 709
591 200
202 246
75 693
512 669
913 537
150 229
656 946
210 797
47 831
358 252
101 773
693 55
459 647
961 115
655 561
110 932
13 675
563 534
480 524
870 371
348 195
638 156
247 99
224 70
465 114
855 7
945 331
456 145
154 301
546 321
214 55
911 403
12 560
199 286
225 474
837 643
728 868
118 973
551 955
689 123
171 913
976 655
705 118
582 630
911 961
774 421
375 702
139 96
34 662
135 218
125 981
482 478
617 297
591 617
662 558
893 898
934 968
111 253
323 164
914 886
536 292
151 423
713 11
512 450
290 379
682 747
56 735
17 680
458 493
942 825
358 448
381 916
364 444
80 352
337 211
355 380
71 554
763 704
88 574
991 514
115 448
108 385
881 870
70 804
536 664
35 458
76 413
288 848
513 277
531 890
636 556
960 229
554 213
485 707
274 335
506 813
962 463
186 719
559 821
98 462
223 122
441 297
414 46
860 999
11 290
405 299
496 253
85 722
23 395
920 346
435 906
478 486
613 883
104 58
869 887
137 782
66 427
404 696
915 749
515 739
366 21
700 247
766 559
678 551
942 167
998 208
929 128
899 858
974 406
967 461
421 13
626 802
57 244
558 374
484 767
814 647
692 48
714 833
93 23
928 924
656 483
141 326
883 708
677 96
558 812
212 205
384 774
354 744
737 234
46 658
190 617
195 643
386 161
304 324
909 711
715 628
201 309
458 493
109 120
507 470
468 956
388 658
235 351
12 85
740 738
890 295
535 455
816 514
97 398
85 673
476 440
957 440
717 848
805 277
923 920
235 976
337 271
990 15
498 876
684 51
159 196
329 587
127 420
769 109
464 50
11 123
248 916
930 199
303 772
318 571
840 242
919 555
481 753
367 758
352 551
138 136
350 570
357 538
954 491
801 101
808 677
827 763
818 866
561 476
192 688
526 113
90 898
989 193
390 697
830 139
894 788
589 103
882 300
57 828
817 44
250 183
608 831
390 23
826 670
961 902
61 996
344 232
285 382
40 294
49 603
84 740
558 287
756 767
38 840
413 634
52 809
699 328
781 690
812 157
657 505
839 289
836 439
337 416
169 586
324 385
702 968
465 694
300 33
840 352
751 88
577 388
849 74
318 827
62 67
38 572
911 592
194 132
740 434
620 685
293 544
26 668
293 608
953 919
454 108
785 426
708 207
380 137
429 719
306 599
889 930
235 256
419 605
463 339
549 758
815 613
952 171
720 410
25 739
906 419
486 244
526 49
566 630
76 696
15 193
992 893
797 742
430 79
37 732
510 347
993 565
759 74
835 133
767 66
16 354
172 433
153 315
69 760
332 283
364 1000
244 678
775 231
409 322
234 838
168 274
44 618
893 242
136 459
723 982
718 358
83 638
534 119
282 103
643 48
166 693
770 775
23 79
524 995
271 778
887 49
909 168
762 80
860 715
749 18
556 446
310 557
774 576
4 594
932 682
946 349
443 293
489 860
382 648
851 375
672 734
432 401
412 347
408 964
631 144
186 516
811 625
302 770
129 897
917 450
342 736
166 37
210 53
874 771
94 693
632 527
215 567
604 789
500 613
771 871
46 753
233 379
520 278
836 500
564 4
540 787
57 377
153 487
732 330
630 259
249 702
366 773
242 730
381 36
755 642
258 485
578 389
800 671
578 799
592 643
398 857
377 199
830 523
395 32
498 847
496 127
680 603
113 733
854 44
997 791
314 287
587 957
31 857
281 101
548 780
362 282
317 583
885 156
556 288
718 903
486 114
122 751
528 612
340 941
23 230
926 359
801 629
463 245
289 662
125 999
475 587
447 452
649 945
921 898
939 847
447 313
858 812
405 114
510 689
205 11
728 594
620 553
701 354
909 589
933 19
477 675
132 608
253 31
604 145
312 645
11 307
618 374
531 263
267 691
268 637
319 863
379 16
217 357
511 37
39 696
637 132
717 710
48 879
890 163
808 798
690 26
129 359
730 708
317 911
466 532
689 334
360 211
635 267
340 469
627 134
894 837
533 694
6 663
929 489
158 143
4 975
110 376
317 403
596 657
568 597
489 226
149 927
19 935
903 403
400 91
855 77
934 544
429 565
525 850
935 541
421 311
1 842
555 349
113 885
954 6
951 716
900 115
714 383
44 964
631 534
377 786
829 660
330 111
981 959
78 195
894 749
260 261
553 383
669 297
95 946
931 362
407 546
227 99
109 891
571 392
35 388
467 934
249 413
739 615
803 919
351 90
659 731
190 90
802 232
491 238
751 926
630 267
509 725
541 189
665 805
780 142
435 885
259 703
395 912
419 717
175 200
481 748
855 447
816 203
468 148
533 300
194 159
450 292
450 211
503 742
941 662
830 258
979 248
788 457
733 731
331 932
870 942
436 724
115 449
133 171
34 699
865 461
198 335
416 312
827 300
811 341
342 451
468 995
625 118
204 159
540 23
33 100
174 606
790 942
438 270
548 950
921 168
281 236
558 762
2 346
951 161
245 950
551 66
459 111
25 209
258 562
679 496
65 407
156 908
984 437
900 823
481 255
290 237
329 971
518 453
951 309
27 963
750 333
699 289
149 850
706 533
183 118
293 205
158 949
783 998
671 410
609 534
856 678
368 77
747 695
678 567
83 768
976 562
488 603
549 632
808 795
322 204
489 918
681 872
135 716
909 459
960 344
878 522
630 718
223 333
24 711
988 721
197 249
468 380
329 325
458 684
737 199
947 558
199 242
386 976
235 342
587 106
373 294
37 513
8 436
285 268
984 623
919 184
640 677
836 366
384 374
569 429
303 109
130 973
745 673
998 275
618 317
884 629
852 229
241 448
187 96
653 699
793 203
747 460
791 563
629 97
399 424
899 456
40 459
507 547
629 509
162 900
600 762
743 452
279 955
267 455
188 4
413 33
243 165
681 53
612 416
798 388
490 708
33 610
835 428
892 650
290 188
853 51
779 808
387 27
491 742
552 956
678 898
372 823
753 107
558 896
969 969
765 756
224 393
606 774
83 399
679 450
290 888
844 503
148 30
106 280
460 953
891 229
314 565
988 802
931 458
191 707
613 200
933 374
240 605
373 18
320 936
164 702
283 641
717 155
833 343
405 147
978 360
832 257
385 204
119 323
934 937
509 82
23 129
658 81
390 760
787 326
300 908
370 248
485 393
522 45
388 528
553 575
255 283
566 701
224 316
760 194
531 749
999 958
562 312
887 206
253 236
203 5
476 804
541 658
618 481
291 760
165 61
346 237
452 518
855 1
507 976
398 804
317 764
171 657
789 300
375 266
353 890
528 518
408 523
155 307
6 51
341 908
775 564
173 111
234 455
164 839
303 336
426 746
626 454
415 35
261 504
19 991
735 629
290 208
88 249
683 951
622 363
622 383
250 526
305 73
122 84
781 850
144 955
282 656
377 192
529 949
68 122
978 982
186 307
169 499
91 814
404 939
791 50
931 347
4 210
999 583
725 872
435 733
292 119
925 284
353 573
911 106
963 102
57 506
74 508
258 400
242 75
907 432
989 674
240 9
96 472
705 224
18 525
921 285
667 502
8 941
28 909
179 449
614 612
178 858
435 271
985 292
924 689
778 228
313 968
570 444
439 827
62 760
828 760
590 280
527 228
399 768
791 356
580 911
153 43
798 120
246 35
948 411
650 656
142 123
830 55
199 467
171 815
646 857
159 446
486 288
180 207
160 334
179 74
524 881
600 230
343 932
497 326
170 981
191 878
281 311
84 347
401 728
75 200
741 758
341 276
572 924
301 260
520 947
644 229
44 530
732 869
377 291
351 696
838 716
862 923
158 200
681 408
415 256
668 523
706 419
287 229
709 517
493 654
60 705
322 150
334 640
683 471
458 257
825 881
962 622
893 85
490 12
610 517
594 166
250 296
24 698
463 908
216 908
318 683
479 241
48 545
759 864
183 40
785 693
263 413
705 973
70 399
327 450
728 818
473 613
533 382
513 667
417 55
27 766
707 704
402 448
155 27
679 545
674 567
651 346
530 350
700 403
143 984
464 169
912 160
784 2
261 263
256 953
371 650
274 707
971 916
243 691
72 793
372 145
672 714
665 208
465 647
716 751
941 25
154 808
819 535
845 226
657 841
397 329
809 296
807 579
292 341
879 837
916 780
557 263
802 940
933 444
710 742
668 542
987 318
408 753
240 946
427 891
206 245
575 933
324 5
393 908
809 133
164 140
388 663
873 616
502 895
91 485
173 12
21 535
268 634
652 149
514 728
19 946
924 7
938 482
176 650
828 4
167 383
737 404
504 312
914 928
137 727
168 110
708 879
997 717
942 58
566 202
965 946
463 407
78 329
971 414
493 479
319 988
101 777
981 637
988 898
84 316
322 153
100 111
201 247
287 888
171 806
651 420
444 369
47 497
97 21
935 28
873 312
137 518
753 855
310 331
387 575
620 122
364 528
836 564
981 155
411 375
197 272
460 793
280 102
848 796
874 556
143 83
935 601
209 260
930 77
664 13
735 279
210 977
866 275
715 76
482 611
660 31
877 521
544 779
305 502
940 985
58 260
418 830
456 98
70 397
316 329
721 151
983 313
939 519
13 626
224 195
111 883
155 299
626 824
659 562
182 881
545 481
651 418
238 948
883 944
787 392
600 287
897 618
301 513
571 379
700 171
525 751
300 433
636 829
479 115
114 634
624 512
741 276
759 796
133 200
633 433
938 718
46 143
90 19
224 424
86 374
226 421
559 222
889 28
489 290
622 414
103 717
593 368
851 431
761 457
856 485
505 834
791 239
856 339
808 365
754 96
320 415
686 881
400 325
475 207
419 363
733 568
463 572
222 762
446 583
205 255
572 46
628 642
744 297
138 311
13 727
701 365
6 832
603 733
772 490
176 632
936 8
210 149
93 453
178 723
199 200
110 837
351 60
774 493
622 991
645 318
781 406
452 757
178 227
296 747
166 609
196 927
841 316
149 159
23 154
250 918
350 110
270 400
774 249
378 315
172 845
818 113
110 384
553 419
535 943
592 455
714 825
236 128
37 772
47 13
121 786
151 340
522 709
277 463
225 123
369 841
57 338
189 47
809 108
477 441
948 960
462 819
864 478
919 751
751 329
184 181
748 276
488 92
619 92
146 183
278 354
632 284
976 489
910 318
740 475
627 837
336 665
547 816
504 989
684 344
367 748
214 91
422 88
847 418
203 102
433 322
275 506
552 739
439 820
491 585
283 50
150 44
853 890
81 305
518 318
285 858
47 281
701 716
836 117
917 600
756 929
200 401
510 60
698 230
587 662
379 691
901 535
369 526
785 395
849 109
709 440
438 702
908 586
413 275
102 462
570 692
802 622
74 471
146 282
942 581
6 527
218 276
86 827
906 261
950 800
153 771
14 460
252 906
235 527
604 366
870 743
543 558
749 99
147 619
969 463
721 446
699 581
840 681
561 478
661 367
841 680
665 847
316 928
383 13
601 336
43 985
402 361
679 432
104 605
502 837
226 123
600 600
99 601
474 346
639 310
544 374
659 712
558 744
391 146
419 260
198 78
518 567
56 49
3 555
590 315
503 805
847 373
65 432
734 620
209 80
663 483
872 503
369 408
732 996
27 874
47 792
722 785
728 586
92 513
746 30
360 123
878 737
459 926
598 988
232 566
118 866
673 2
770 275
552 789
510 595
82 157
386 604
605 513
706 943
529 956
165 375
589 961
496 495
445 913
201 291
745 307
470 714
116 290
445 368
97 755
884 296
700 241
895 512
680 227
100 518
212 234
887 670
178 683
500 180
347 46
305 83
587 932
87 138
591 250
225 972
534 214
346 530
640 991
441 742
710 5
465 577
972 524
925 63
6 367
804 44
48 255
314 435
422 302
600 572
412 494
133 134
405 959
907 103
934 536
136 483
639 502
666 504
847 680
607 489
755 609
925 609
550 712
631 872
866 899
580 369
751 569
307 23
677 952
115 984
888 996
327 352
983 918
604 910
78 449
647 281
332 449
177 245
29 52
270 452
771 695
457 872
733 900
957 259
588 912
645 489
892 230
613 301
337 126
246 539
942 528
5 135
629 20
676 47
726 106
510 55
173 239
220 398
318 493
165 24
722 751
753 469
726 159
317 162
872 168
890 810
392 863
4 916
964 398
627 454
673 642
929 556
871 516
543 179
483 620
286 527
781 353
786 83
476 923
609 652
917 297
707 274
314 977
400 310
661 72
902 122
90 576
649 30
634 416
20 509
200 774
154 689
133 580
81 988
829 849
468 735
480 597
626 615
724 855
653 279
31 487
800 997
867 449
700 145
143 93
963 874
442 741
550 737
761 764
159 886
62 57
928 145
622 895
975 91
340 747
916 613
93 932
633 692
316 714
324 841
108 109
127 408
297 636
830 963
572 648
286 797
299 690
599 107
890 384
884 992
586 930
956 889
360 235
533 645
377 698
392 341
414 981
667 810
377 792
77 556
146 258
75 719
240 985
321 276
91 277
1000 835
599 48
170 292
395 490
252 991
958 490
812 881
735 679
176 696
916 660
411 300
524 819
755 421
46 219
689 687
714 103
285 805
392 512
195 882
817 286
783 337
291 520
500 792
397 226
32 126
937 688
683 534
549 888
568 779
226 646
963 470
50 598
761 484
323 420
133 928
438 461
854 148
57 991
411 386
570 191
274 416
484 741
57 783
469 868
42 891
172 939
171 591
254 604
439 59
122 124
216 549
773 978
783 240
531 476
78 14
195 425
490 611
121 181
440 701
282 37
318 564
525 588
76 345
755 474
1 620
205 959
396 29
291 223
107 494
94 667
747 870
952 649
119 96
240 407
521 271
944 403
143 514
616 984
147 863
663 553
756 348
323 607
255 609
549 370
145 583
303 454
387 199
560 24
148 466
280 672
577 839
678 948
515 501
211 866
928 632
6 81
